Rank	Bigram	Frequency	Frequency per million	Zipf value
1	e$	67637	36741.4475	7.5652
2	ie	48429	26307.3696	7.4201
3	n$	43480	23618.9975	7.3733
4	t$	41843	22729.7542	7.3566
5	s$	41335	22453.8009	7.3513
6	^d	40707	22112.6617	7.3446
7	er	32696	17760.9647	7.2495
8	r$	30865	16766.3376	7.2244
9	di	29391	15965.6384	7.2032
10	^h	29315	15924.354	7.2021
11	aa	27635	15011.7525	7.1764
12	k$	26936	14632.045	7.1653
13	an	26624	14462.5619	7.1602
14	^s	26163	14212.1397	7.1527
15	^m	25430	13813.9629	7.1403
16	^n	25095	13631.9858	7.1346
17	y$	24312	13206.6483	7.1208
18	^e	23482	12755.7797	7.1057
19	^w	22177	12046.8838	7.0809
20	en	21788	11835.5731	7.0732
21	et	21106	11465.1003	7.0594
22	^v	20680	11233.6906	7.0505
23	ek	19591	10642.1293	7.027
24	^g	19437	10558.4741	7.0236
25	^o	19161	10408.5467	7.0174
26	ee	18954	10296.1012	7.0127
27	^j	17817	9678.4655	6.9858
28	is	17770	9652.9344	6.9847
29	^i	17029	9250.4119	6.9662
30	ge	16904	9182.51	6.963
31	ni	16532	8980.4339	6.9533
32	te	16298	8853.3216	6.9471
33	ar	15364	8345.9586	6.9215
34	g$	14722	7997.2144	6.9029
35	in	14520	7887.4849	6.8969
36	oe	13732	7459.4313	6.8727
37	l$	13723	7454.5424	6.8724
38	he	13498	7332.319	6.8652
39	el	13266	7206.293	6.8577
40	on	12947	7033.0074	6.8471
41	oo	12928	7022.6863	6.8465
42	^k	12682	6889.0554	6.8382
43	^a	12630	6860.8082	6.8364
44	^b	12581	6834.1906	6.8347
45	d$	12375	6722.2883	6.8275
46	at	12319	6691.8682	6.8255
47	u$	12112	6579.4227	6.8182
48	it	12039	6539.768	6.8156
49	wa	11578	6289.3458	6.7986
50	ou	11448	6218.7278	6.7937
51	de	11193	6080.2079	6.7839
52	m$	10991	5970.4784	6.776
53	^t	10897	5919.4162	6.7723
54	es	10858	5898.2308	6.7707
55	da	10780	5855.86	6.7676
56	ma	10575	5744.5009	6.7593
57	om	10208	5545.1409	6.7439
58	we	10200	5540.7952	6.7436
59	le	10155	5516.3505	6.7417
60	al	9928	5393.0407	6.7318
61	ns	9118	4953.0363	6.6949
62	nd	9052	4917.1841	6.6917
63	st	8835	4799.3064	6.6812
64	jy	8732	4743.3553	6.6761
65	or	8611	4677.6262	6.67
66	me	8530	4633.6258	6.6659
67	re	7656	4158.8557	6.619
68	^l	7614	4136.0406	6.6166
69	ve	7594	4125.1763	6.6154
70	^'	7453	4048.583	6.6073
71	'n	7442	4042.6076	6.6067
72	a$	7419	4030.1137	6.6053
73	as	7343	3988.8293	6.6008
74	li	7337	3985.57	6.6005
75	se	7234	3929.6189	6.5944
76	va	7109	3861.717	6.5868
77	be	7104	3859.0009	6.5865
78	ne	6753	3668.3323	6.5645
79	ko	6446	3501.5653	6.5443
80	so	6377	3464.0834	6.5396
81	ho	6374	3462.4538	6.5394
82	my	6085	3305.4646	6.5192
83	si	6038	3279.9335	6.5159
84	ra	6034	3277.7606	6.5156
85	ro	6020	3270.1556	6.5146
86	ke	5943	3228.328	6.509
87	ng	5875	3191.3894	6.504
88	la	5836	3170.204	6.5011
89	ei	5670	3080.0303	6.4886
90	ll	5637	3062.1042	6.486
91	rd	5626	3056.1288	6.4852
92	ed	5500	2987.6837	6.4753
93	^p	5487	2980.6219	6.4743
94	ka	5438	2954.0043	6.4704
95	no	5280	2868.1763	6.4576
96	p$	5278	2867.0899	6.4574
97	jo	5110	2775.8297	6.4434
98	ig	5100	2770.3976	6.4425
99	mo	4939	2682.9399	6.4286
100	rs	4928	2676.9646	6.4276
101	op	4808	2611.7788	6.4169
102	ui	4729	2568.8648	6.4097
103	ik	4709	2558.0004	6.4079
104	sa	4581	2488.4689	6.3959
105	na	4551	2472.1724	6.3931
106	ag	4522	2456.4192	6.3903
107	f$	4490	2439.0363	6.3872
108	to	4468	2427.0856	6.3851
109	ri	4395	2387.4309	6.3779
110	eg	4332	2353.2083	6.3717
111	nt	4288	2329.3068	6.3672
112	ga	4227	2296.1707	6.361
113	^r	4223	2293.9979	6.3606
114	vi	4207	2285.3064	6.3589
115	ul	4143	2250.5406	6.3523
116	sk	4092	2222.8367	6.3469
117	ha	4084	2218.4909	6.3461
118	do	3982	2163.083	6.3351
119	^u	3899	2117.9961	6.3259
120	o$	3859	2096.2675	6.3214
121	il	3665	1990.8838	6.299
122	ir	3525	1914.8336	6.2821
123	nk	3463	1881.1543	6.2744
124	lo	3425	1860.5121	6.2696
125	hi	3397	1845.3021	6.2661
126	am	3354	1821.9438	6.2605
127	ur	3349	1819.2278	6.2599
128	ak	3331	1809.4499	6.2575
129	hu	3287	1785.5484	6.2518
130	hy	3241	1760.5605	6.2457
131	em	3208	1742.6344	6.2412
132	sy	3187	1731.2269	6.2384
133	wi	3147	1709.4983	6.2329
134	ja	3140	1705.6958	6.2319
135	vo	3008	1633.9914	6.2132
136	ki	2921	1586.7316	6.2005
137	ta	2902	1576.4106	6.1977
138	rt	2901	1575.8673	6.1975
139	go	2893	1571.5216	6.1963
140	wo	2840	1542.7312	6.1883
141	og	2817	1530.2373	6.1848
142	eu	2671	1450.9278	6.1616
143	ti	2641	1434.6314	6.1567
144	ew	2597	1410.7299	6.1494
145	os	2567	1394.4335	6.1444
146	ba	2443	1327.0748	6.1229
147	pr	2366	1285.2472	6.109
148	ad	2330	1265.6915	6.1023
149	tr	2293	1245.5925	6.0954
150	rk	2281	1239.0739	6.0931
151	ry	2261	1228.2096	6.0893
152	pe	2260	1227.6664	6.0891
153	id	2250	1222.2342	6.0872
154	vr	2246	1220.0614	6.0864
155	pa	2186	1187.4685	6.0746
156	ol	2167	1177.1474	6.0708
157	ot	2157	1171.7152	6.0688
158	ru	2143	1164.1102	6.066
159	mi	2136	1160.3077	6.0646
160	ts	2059	1118.4801	6.0486
161	ef	2042	1109.2455	6.045
162	kr	2021	1097.8379	6.0405
163	od	2004	1088.6033	6.0369
164	of	2000	1086.4304	6.036
165	ê$	1978	1074.4797	6.0312
166	i$	1973	1071.7636	6.0301
166	ok	1973	1071.7636	6.0301
167	bl	1852	1006.0346	6.0026
168	gr	1809	982.6763	5.9924
169	us	1799	977.2442	5.99
170	rl	1786	970.1824	5.9869
171	ev	1781	967.4663	5.9856
172	gt	1765	958.7749	5.9817
173	br	1736	943.0216	5.9745
174	^f	1716	932.1573	5.9695
175	lu	1707	927.2684	5.9672
176	dr	1645	893.589	5.9511
177	sp	1642	891.9594	5.9503
178	kl	1631	885.984	5.9474
179	eb	1628	884.3544	5.9466
180	sl	1608	873.4901	5.9413
181	bo	1585	860.9961	5.935
182	ld	1571	853.3911	5.9311
183	ly	1541	837.0946	5.9228
184	nn	1527	829.4896	5.9188
185	ss	1511	820.7982	5.9142
186	rg	1500	814.8228	5.9111
187	ai	1471	799.0696	5.9026
188	ap	1463	794.7239	5.9002
189	tu	1434	778.9706	5.8915
190	oi	1432	777.8842	5.8909
191	ks	1428	775.7113	5.8897
192	af	1418	770.2792	5.8866
193	by	1407	764.3038	5.8833
194	gi	1367	742.5752	5.8707
195	yk	1358	737.6863	5.8679
196	sê	1302	707.2662	5.8496
197	rm	1283	696.9451	5.8432
198	uu	1235	670.8708	5.8266
199	ug	1211	657.8336	5.8181
200	kk	1176	638.8211	5.8054
201	pl	1168	634.4754	5.8024
202	eh	1134	616.0061	5.7896
203	ty	1126	611.6603	5.7865
204	ju	1099	596.9935	5.776
205	lf	1087	590.4749	5.7712
206	mm	1073	582.8699	5.7656
207	uk	1052	571.4624	5.757
208	yd	1049	569.8328	5.7557
209	^c	1043	566.5735	5.7533
210	bi	1032	560.5981	5.7487
211	ch	1013	550.277	5.7406
212	po	982	533.4373	5.7271
213	ep	975	529.6348	5.724
214	ji	971	527.462	5.7222
215	lk	926	503.0173	5.7016
216	un	925	502.4741	5.7011
217	ku	923	501.3876	5.7002
218	th	918	498.6716	5.6978
219	du	906	492.153	5.6921
220	's	901	489.4369	5.6897
221	rv	891	484.0048	5.6848
222	tj	862	468.2515	5.6705
223	ls	853	463.3626	5.6659
224	gs	843	457.9304	5.6608
225	tt	842	457.3872	5.6603
226	ky	808	438.9179	5.6424
227	lt	800	434.5722	5.6381
228	rb	789	428.5968	5.632
229	im	780	423.7079	5.6271
230	tw	778	422.6214	5.626
231	ds	765	415.5596	5.6186
232	lm	761	413.3868	5.6164
233	ud	742	403.0657	5.6054
234	fe	724	393.2878	5.5947
235	kt	718	390.0285	5.5911
235	yn	718	390.0285	5.5911
236	pi	693	376.4481	5.5757
237	wy	688	373.7321	5.5726
238	fi	687	373.1889	5.5719
239	ys	683	371.016	5.5694
240	rw	674	366.1271	5.5636
241	je	665	361.2381	5.5578
242	ut	660	358.522	5.5545
243	ue	636	345.4849	5.5384
244	su	631	342.7688	5.535
245	fr	622	337.8799	5.5288
246	gl	598	324.8427	5.5117
247	nu	584	317.2377	5.5014
248	vl	579	314.5216	5.4977
249	mp	576	312.892	5.4954
250	ab	570	309.6327	5.4908
251	pp	569	309.0895	5.4901
252	rn	567	308.003	5.4886
253	ia	544	295.5091	5.4706
254	lp	538	292.2498	5.4658
254	rh	538	292.2498	5.4658
255	ob	534	290.0769	5.4625
256	sw	528	286.8176	5.4576
257	yf	526	285.7312	5.456
258	rr	525	285.188	5.4551
259	fs	517	280.8423	5.4485
260	bu	510	277.0398	5.4425
261	gg	499	271.0644	5.4331
262	gh	491	266.7187	5.4261
263	fo	489	265.6322	5.4243
263	ms	489	265.6322	5.4243
264	fd	486	264.0026	5.4216
265	lg	484	262.9162	5.4198
266	uw	460	249.879	5.3977
267	hê	458	248.7926	5.3958
268	h$	454	246.6197	5.392
269	md	451	244.9901	5.3891
270	ae	449	243.9036	5.3872
271	ff	428	232.4961	5.3664
271	tl	428	232.4961	5.3664
272	aj	404	219.4589	5.3414
273	mu	397	215.6564	5.3338
274	nr	395	214.57	5.3316
275	au	386	209.6811	5.3216
276	bb	382	207.5082	5.317
276	y'	382	207.5082	5.317
277	fa	376	204.2489	5.3102
278	ip	368	199.9032	5.3008
279	eë	362	196.6439	5.2937
280	av	354	192.2982	5.284
281	dd	353	191.755	5.2827
282	sm	352	191.2118	5.2815
283	fl	347	188.4957	5.2753
283	iv	347	188.4957	5.2753
284	nv	346	187.9525	5.274
285	mb	342	185.7796	5.269
286	rf	338	183.6067	5.2639
287	io	335	181.9771	5.26
288	kw	328	178.1746	5.2508
289	sh	324	176.0017	5.2455
290	êr	322	174.9153	5.2428
291	ea	317	172.1992	5.236
292	nl	315	171.1128	5.2333
292	um	315	171.1128	5.2333
293	ë$	313	170.0264	5.2305
294	sc	311	168.9399	5.2277
295	rp	307	166.7671	5.2221
296	ny	306	166.2239	5.2207
297	tg	305	165.6806	5.2193
298	bs	304	165.1374	5.2178
299	pt	302	164.051	5.215
299	sn	302	164.051	5.215
300	pg	298	161.8781	5.2092
301	ow	289	156.9892	5.1959
302	nc	276	149.9274	5.1759
303	mô	272	147.7545	5.1695
303	ôr	272	147.7545	5.1695
304	eo	270	146.6681	5.1663
305	co	269	146.1249	5.1647
305	gu	269	146.1249	5.1647
306	oë	267	145.0385	5.1615
307	ci	264	143.4088	5.1566
308	ib	263	142.8656	5.1549
308	ic	263	142.8656	5.1549
308	mn	263	142.8656	5.1549
309	z$	260	141.236	5.1499
310	fg	246	133.6309	5.1259
310	nm	246	133.6309	5.1259
311	e-	245	133.0877	5.1241
311	if	245	133.0877	5.1241
312	sb	243	132.0013	5.1206
313	tm	242	131.4581	5.1188
314	ps	239	129.8284	5.1134
315	nb	238	129.2852	5.1115
316	py	235	127.6556	5.106
317	oh	234	127.1124	5.1042
318	ye	231	125.4827	5.0986
319	ca	223	121.137	5.0833
320	ac	221	120.0506	5.0794
320	ph	221	120.0506	5.0794
321	ce	219	118.9641	5.0754
322	aw	217	117.8777	5.0714
323	ck	215	116.7913	5.0674
324	pu	213	115.7048	5.0634
324	up	213	115.7048	5.0634
325	lb	209	113.532	5.0551
325	tv	209	113.532	5.0551
326	vu	201	109.1863	5.0382
327	v$	198	107.5566	5.0316
328	lw	195	105.927	5.025
329	gk	194	105.3838	5.0228
330	^z	192	104.2973	5.0183
330	gd	192	104.2973	5.0183
330	lê	192	104.2973	5.0183
331	mc	190	103.2109	5.0137
331	ël	190	103.2109	5.0137
332	ov	188	102.1245	5.0091
333	dw	187	101.5812	5.0068
333	r'	187	101.5812	5.0068
333	yl	187	101.5812	5.0068
334	kh	186	101.038	5.0045
334	sd	186	101.038	5.0045
334	yt	186	101.038	5.0045
335	nh	185	100.4948	5.0021
336	^y	179	97.2355	4.9878
336	ub	179	97.2355	4.9878
337	hr	174	94.5194	4.9755
338	yp	167	90.7169	4.9577
339	zo	165	89.6305	4.9525
340	zi	158	85.828	4.9336
341	ec	157	85.2848	4.9309
342	wê	155	84.1984	4.9253
343	dm	154	83.6551	4.9225
344	ië	149	80.9391	4.9082
345	vy	147	79.8526	4.9023
346	nz	145	78.7662	4.8963
347	dl	142	77.1366	4.8873
348	mg	141	76.5933	4.8842
349	cg	138	74.9637	4.8749
349	gn	138	74.9637	4.8749
349	ër	138	74.9637	4.8749
350	b$	133	72.2476	4.8588
350	sg	133	72.2476	4.8588
351	dg	131	71.1612	4.8522
352	ay	129	70.0748	4.8456
353	mt	127	68.9883	4.8388
354	sj	125	67.9019	4.8319
355	kb	123	66.8155	4.8249
356	dt	122	66.2723	4.8213
357	s-	121	65.729	4.8178
357	sv	121	65.729	4.8178
358	c$	120	65.1858	4.8142
358	lh	120	65.1858	4.8142
359	gm	119	64.6426	4.8105
360	kn	117	63.5562	4.8032
361	ya	116	63.013	4.7994
362	dj	114	61.9265	4.7919
363	lj	113	61.3833	4.7881
364	iw	112	60.8401	4.7842
364	nj	112	60.8401	4.7842
364	td	112	60.8401	4.7842
364	tk	112	60.8401	4.7842
365	r-	111	60.2969	4.7803
365	tb	111	60.2969	4.7803
366	nw	110	59.7537	4.7764
367	tz	108	58.6672	4.7684
368	dh	107	58.124	4.7644
369	't	106	57.5808	4.7603
370	oz	104	56.4944	4.752
371	yg	103	55.9512	4.7478
372	fh	101	54.8647	4.7393
372	ft	101	54.8647	4.7393
373	ua	99	53.7783	4.7306
374	cl	98	53.2351	4.7262
374	x$	98	53.2351	4.7262
374	zz	98	53.2351	4.7262
375	nê	97	52.6919	4.7217
376	tp	96	52.1487	4.7172
377	fu	95	51.6054	4.7127
378	-s	93	50.519	4.7035
378	ij	93	50.519	4.7035
379	gv	92	49.9758	4.6988
380	é$	91	49.4326	4.694
381	rc	90	48.8894	4.6892
381	yo	90	48.8894	4.6892
381	ën	90	48.8894	4.6892
382	ey	89	48.3462	4.6844
383	w$	88	47.8029	4.6795
384	ëe	87	47.2597	4.6745
385	fk	86	46.7165	4.6695
386	ym	85	46.1733	4.6644
387	uc	84	45.6301	4.6593
387	uh	84	45.6301	4.6593
388	az	83	45.0869	4.6541
389	ax	82	44.5436	4.6488
390	-o	81	44.0004	4.6435
391	yw	80	43.4572	4.6381
392	-e	79	42.914	4.6326
392	lr	79	42.914	4.6326
393	k'	78	42.3708	4.6271
393	ml	78	42.3708	4.6271
394	wr	77	41.8276	4.6215
395	km	76	41.2844	4.6158
396	dk	74	40.1979	4.6042
396	za	74	40.1979	4.6042
397	dn	73	39.6547	4.5983
397	ht	73	39.6547	4.5983
398	n'	71	38.5683	4.5862
399	-b	70	38.0251	4.5801
399	ah	70	38.0251	4.5801
399	ej	70	38.0251	4.5801
400	gb	69	37.4818	4.5738
400	oc	69	37.4818	4.5738
400	pb	69	37.4818	4.5738
400	t'	69	37.4818	4.5738
401	iu	68	36.9386	4.5675
401	mr	68	36.9386	4.5675
402	-m	67	36.3954	4.561
403	e'	66	35.8522	4.5545
403	s'	66	35.8522	4.5545
403	uf	66	35.8522	4.5545
403	ze	66	35.8522	4.5545
404	db	65	35.309	4.5479
404	dy	65	35.309	4.5479
405	lv	64	34.7658	4.5412
405	t-	64	34.7658	4.5412
406	tf	63	34.2226	4.5343
407	-k	62	33.6793	4.5274
407	o-	62	33.6793	4.5274
407	uy	62	33.6793	4.5274
408	-a	60	32.5929	4.5131
408	ez	60	32.5929	4.5131
408	mh	60	32.5929	4.5131
409	pd	59	32.0497	4.5058
410	ex	58	31.5065	4.4984
410	fb	58	31.5065	4.4984
410	g-	58	31.5065	4.4984
410	hn	58	31.5065	4.4984
410	tn	58	31.5065	4.4984
411	-p	57	30.9633	4.4908
411	pv	57	30.9633	4.4908
412	nf	56	30.4201	4.4832
413	ct	55	29.8768	4.4753
413	dv	55	29.8768	4.4753
413	l-	55	29.8768	4.4753
414	fm	53	28.7904	4.4592
414	ié	53	28.7904	4.4592
415	pm	52	28.2472	4.451
416	n-	51	27.704	4.4425
417	-d	50	27.1608	4.4339
417	-h	50	27.1608	4.4339
417	cr	50	27.1608	4.4339
418	qu	49	26.6175	4.4252
418	sr	49	26.6175	4.4252
419	pk	48	26.0743	4.4162
420	-g	47	25.5311	4.4071
420	a-	47	25.5311	4.4071
420	yh	47	25.5311	4.4071
421	fw	46	24.9879	4.3977
421	j$	46	24.9879	4.3977
422	lc	45	24.4447	4.3882
422	sf	45	24.4447	4.3882
423	eï	44	23.9015	4.3784
423	ln	44	23.9015	4.3784
423	rj	44	23.9015	4.3784
423	sz	44	23.9015	4.3784
423	tê	44	23.9015	4.3784
424	-l	43	23.3583	4.3684
424	np	43	23.3583	4.3684
425	-t	42	22.815	4.3582
425	cb	42	22.815	4.3582
426	-r	41	22.2718	4.3478
426	fn	41	22.2718	4.3478
426	o'	41	22.2718	4.3478
427	-v	40	21.7286	4.337
427	lz	40	21.7286	4.337
427	wh	40	21.7286	4.337
427	wu	40	21.7286	4.337
428	kê	39	21.1854	4.326
428	mk	39	21.1854	4.326
429	oj	38	20.6422	4.3148
430	^x	37	20.099	4.3032
430	ao	37	20.099	4.3032
430	hl	37	20.099	4.3032
430	ér	37	20.099	4.3032
430	ös	37	20.099	4.3032
431	d-	36	19.5557	4.2913
431	xe	36	19.5557	4.2913
432	ïn	35	19.0125	4.279
433	gy	34	18.4693	4.2665
433	pn	34	18.4693	4.2665
434	jn	33	17.9261	4.2535
434	oy	33	17.9261	4.2535
434	pé	33	17.9261	4.2535
434	èr	33	17.9261	4.2535
435	hm	32	17.3829	4.2401
435	né	32	17.3829	4.2401
435	pw	32	17.3829	4.2401
436	-i	31	16.8397	4.2263
437	oa	30	16.2965	4.2121
437	rë	30	16.2965	4.2121
438	bn	29	15.7532	4.1974
438	dp	29	15.7532	4.1974
438	k-	29	15.7532	4.1974
438	kg	29	15.7532	4.1974
439	cu	28	15.21	4.1821
439	kp	28	15.21	4.1821
439	vs	28	15.21	4.1821
440	-n	27	14.6668	4.1663
440	fy	27	14.6668	4.1663
440	gw	27	14.6668	4.1663
440	zl	27	14.6668	4.1663
440	ée	27	14.6668	4.1663
441	bö	26	14.1236	4.1499
441	fp	26	14.1236	4.1499
441	js	26	14.1236	4.1499
441	mw	26	14.1236	4.1499
441	uv	26	14.1236	4.1499
441	yu	26	14.1236	4.1499
442	fv	25	13.5804	4.1329
442	i-	25	13.5804	4.1329
442	xi	25	13.5804	4.1329
442	zh	25	13.5804	4.1329
443	-w	24	13.0372	4.1152
443	^q	24	13.0372	4.1152
443	cz	24	13.0372	4.1152
443	mv	24	13.0372	4.1152
443	ws	24	13.0372	4.1152
443	è$	24	13.0372	4.1152
443	ét	24	13.0372	4.1152
444	-f	23	12.4939	4.0967
444	iz	23	12.4939	4.0967
444	kd	23	12.4939	4.0967
444	sü	23	12.4939	4.0967
444	êe	23	12.4939	4.0967
444	ül	23	12.4939	4.0967
445	kj	22	11.9507	4.0774
445	ör	22	11.9507	4.0774
446	hw	21	11.4075	4.0572
446	m'	21	11.4075	4.0572
447	^ê	20	10.8643	4.036
447	gp	20	10.8643	4.036
447	iq	20	10.8643	4.036
447	kv	20	10.8643	4.036
447	nè	20	10.8643	4.036
447	xa	20	10.8643	4.036
448	bé	19	10.3211	4.0137
448	ux	19	10.3211	4.0137
448	yv	19	10.3211	4.0137
448	ïs	19	10.3211	4.0137
449	-u	18	9.7779	3.9902
449	cn	18	9.7779	3.9902
449	d'	18	9.7779	3.9902
449	dè	18	9.7779	3.9902
449	lë	18	9.7779	3.9902
449	rz	18	9.7779	3.9902
449	rö	18	9.7779	3.9902
449	ëi	18	9.7779	3.9902
450	cq	17	9.2347	3.9654
450	f-	17	9.2347	3.9654
450	h-	17	9.2347	3.9654
450	ww	17	9.2347	3.9654
450	él	17	9.2347	3.9654
451	'm	16	8.6914	3.9391
451	-c	16	8.6914	3.9391
451	së	16	8.6914	3.9391
451	tc	16	8.6914	3.9391
451	u'	16	8.6914	3.9391
451	är	16	8.6914	3.9391
452	aï	15	8.1482	3.9111
452	hd	15	8.1482	3.9111
452	lä	15	8.1482	3.9111
452	m-	15	8.1482	3.9111
452	ré	15	8.1482	3.9111
452	u-	15	8.1482	3.9111
452	y-	15	8.1482	3.9111
452	yr	15	8.1482	3.9111
452	zk	15	8.1482	3.9111
453	cc	14	7.605	3.8811
453	mf	14	7.605	3.8811
453	uz	14	7.605	3.8811
453	x-	14	7.605	3.8811
454	-j	13	7.0618	3.8489
454	i'	13	7.0618	3.8489
454	të	13	7.0618	3.8489
454	uj	13	7.0618	3.8489
454	uï	13	7.0618	3.8489
455	a'	12	6.5186	3.8142
455	ii	12	6.5186	3.8142
455	ix	12	6.5186	3.8142
455	jt	12	6.5186	3.8142
455	v-	12	6.5186	3.8142
455	z-	12	6.5186	3.8142
455	zm	12	6.5186	3.8142
455	zu	12	6.5186	3.8142
456	cm	11	5.9754	3.7764
456	gö	11	5.9754	3.7764
456	pf	11	5.9754	3.7764
456	qé	11	5.9754	3.7764
456	tü	11	5.9754	3.7764
456	ât	11	5.9754	3.7764
456	öl	11	5.9754	3.7764
456	üb	11	5.9754	3.7764
457	gj	10	5.4322	3.735
457	hâ	10	5.4322	3.735
457	iè	10	5.4322	3.735
457	oï	10	5.4322	3.735
457	q$	10	5.4322	3.735
457	uo	10	5.4322	3.735
457	yb	10	5.4322	3.735
457	zy	10	5.4322	3.735
457	öc	10	5.4322	3.735
458	bt	9	4.8889	3.6892
458	fü	9	4.8889	3.6892
458	ih	9	4.8889	3.6892
458	jk	9	4.8889	3.6892
458	lö	9	4.8889	3.6892
458	xp	9	4.8889	3.6892
458	éd	9	4.8889	3.6892
458	üh	9	4.8889	3.6892
458	ła	9	4.8889	3.6892
459	'd	8	4.3457	3.6381
459	b-	8	4.3457	3.6381
459	bê	8	4.3457	3.6381
459	fj	8	4.3457	3.6381
459	gê	8	4.3457	3.6381
459	hé	8	4.3457	3.6381
459	jd	8	4.3457	3.6381
459	jf	8	4.3457	3.6381
459	l'	8	4.3457	3.6381
459	zn	8	4.3457	3.6381
459	zw	8	4.3457	3.6381
459	êt	8	4.3457	3.6381
459	ïd	8	4.3457	3.6381
460	'a	7	3.8025	3.5801
460	'e	7	3.8025	3.5801
460	-y	7	3.8025	3.5801
460	^é	7	3.8025	3.5801
460	dé	7	3.8025	3.5801
460	hg	7	3.8025	3.5801
460	hè	7	3.8025	3.5801
460	kf	7	3.8025	3.5801
460	pö	7	3.8025	3.5801
460	sé	7	3.8025	3.5801
460	té	7	3.8025	3.5801
460	vc	7	3.8025	3.5801
460	vn	7	3.8025	3.5801
460	wn	7	3.8025	3.5801
460	wé	7	3.8025	3.5801
460	xt	7	3.8025	3.5801
460	ïe	7	3.8025	3.5801
460	ün	7	3.8025	3.5801
460	ȇ$	7	3.8025	3.5801
461	hö	6	3.2593	3.5131
461	iy	6	3.2593	3.5131
461	jg	6	3.2593	3.5131
461	kö	6	3.2593	3.5131
461	lé	6	3.2593	3.5131
461	mé	6	3.2593	3.5131
461	oö	6	3.2593	3.5131
461	oû	6	3.2593	3.5131
461	p-	6	3.2593	3.5131
461	vx	6	3.2593	3.5131
461	xv	6	3.2593	3.5131
461	à$	6	3.2593	3.5131
461	éa	6	3.2593	3.5131
461	öd	6	3.2593	3.5131
461	ût	6	3.2593	3.5131
461	ür	6	3.2593	3.5131
462	'$	5	2.7161	3.4339
462	'l	5	2.7161	3.4339
462	^à	5	2.7161	3.4339
462	^ó	5	2.7161	3.4339
462	cy	5	2.7161	3.4339
462	dö	5	2.7161	3.4339
462	gz	5	2.7161	3.4339
462	hh	5	2.7161	3.4339
462	hk	5	2.7161	3.4339
462	ox	5	2.7161	3.4339
462	pz	5	2.7161	3.4339
462	sł	5	2.7161	3.4339
462	wp	5	2.7161	3.4339
462	én	5	2.7161	3.4339
462	óf	5	2.7161	3.4339
462	ö$	5	2.7161	3.4339
462	öh	5	2.7161	3.4339
462	ło	5	2.7161	3.4339
462	ńs	5	2.7161	3.4339
463	'r	4	2.1729	3.337
463	aë	4	2.1729	3.337
463	ań	4	2.1729	3.337
463	bc	4	2.1729	3.337
463	cs	4	2.1729	3.337
463	dê	4	2.1729	3.337
463	f'	4	2.1729	3.337
463	gü	4	2.1729	3.337
463	hb	4	2.1729	3.337
463	hc	4	2.1729	3.337
463	hs	4	2.1729	3.337
463	pj	4	2.1729	3.337
463	rè	4	2.1729	3.337
463	rê	4	2.1729	3.337
463	sö	4	2.1729	3.337
463	sȇ	4	2.1729	3.337
463	wj	4	2.1729	3.337
463	wü	4	2.1729	3.337
463	yi	4	2.1729	3.337
463	zb	4	2.1729	3.337
463	zł	4	2.1729	3.337
463	ès	4	2.1729	3.337
463	éé	4	2.1729	3.337
463	ëf	4	2.1729	3.337
463	ët	4	2.1729	3.337
463	ëv	4	2.1729	3.337
463	ïf	4	2.1729	3.337
463	ïr	4	2.1729	3.337
464	c-	3	1.6296	3.2121
464	fé	3	1.6296	3.2121
464	gf	3	1.6296	3.2121
464	h'	3	1.6296	3.2121
464	hȇ	3	1.6296	3.2121
464	iï	3	1.6296	3.2121
464	lü	3	1.6296	3.2121
464	má	3	1.6296	3.2121
464	rä	3	1.6296	3.2121
464	uł	3	1.6296	3.2121
464	w-	3	1.6296	3.2121
464	wb	3	1.6296	3.2121
464	wg	3	1.6296	3.2121
464	wl	3	1.6296	3.2121
464	xo	3	1.6296	3.2121
464	xx	3	1.6296	3.2121
464	xy	3	1.6296	3.2121
464	z'	3	1.6296	3.2121
464	zt	3	1.6296	3.2121
464	äu	3	1.6296	3.2121
464	ém	3	1.6296	3.2121
464	ép	3	1.6296	3.2121
464	ëd	3	1.6296	3.2121
464	ït	3	1.6296	3.2121
464	ön	3	1.6296	3.2121
465	'g	2	1.0864	3.036
465	'k	2	1.0864	3.036
465	'o	2	1.0864	3.036
465	-z	2	1.0864	3.036
465	^ł	2	1.0864	3.036
465	^ව	2	1.0864	3.036
465	aq	2	1.0864	3.036
465	ał	2	1.0864	3.036
465	bd	2	1.0864	3.036
465	bp	2	1.0864	3.036
465	dc	2	1.0864	3.036
465	dz	2	1.0864	3.036
465	dí	2	1.0864	3.036
465	eq	2	1.0864	3.036
465	eñ	2	1.0864	3.036
465	hf	2	1.0864	3.036
465	hü	2	1.0864	3.036
465	jl	2	1.0864	3.036
465	mè	2	1.0864	3.036
465	mö	2	1.0864	3.036
465	nç	2	1.0864	3.036
465	nó	2	1.0864	3.036
465	oé	2	1.0864	3.036
465	pê	2	1.0864	3.036
465	rq	2	1.0864	3.036
465	sq	2	1.0864	3.036
465	vê	2	1.0864	3.036
465	wc	2	1.0864	3.036
465	yc	2	1.0864	3.036
465	zc	2	1.0864	3.036
465	ár	2	1.0864	3.036
465	ég	2	1.0864	3.036
465	éë	2	1.0864	3.036
465	êé	2	1.0864	3.036
465	ë-	2	1.0864	3.036
465	ëk	2	1.0864	3.036
465	ëm	2	1.0864	3.036
465	ëï	2	1.0864	3.036
465	ít	2	1.0864	3.036
465	ïm	2	1.0864	3.036
465	ïw	2	1.0864	3.036
465	ïô	2	1.0864	3.036
465	ño	2	1.0864	3.036
465	óg	2	1.0864	3.036
465	óö	2	1.0864	3.036
465	ôó	2	1.0864	3.036
465	öü	2	1.0864	3.036
465	üc	2	1.0864	3.036
465	üä	2	1.0864	3.036
465	ęs	2	1.0864	3.036
465	łk	2	1.0864	3.036
465	łu	2	1.0864	3.036
465	łę	2	1.0864	3.036
465	වා	2	1.0864	3.036
465	වේ	2	1.0864	3.036
465	ා$	2	1.0864	3.036
465	ේව	2	1.0864	3.036
466	'h	1	0.5432	2.735
466	'i	1	0.5432	2.735
466	'j	1	0.5432	2.735
466	'v	1	0.5432	2.735
466	'w	1	0.5432	2.735
466	^ż	1	0.5432	2.735
466	^ආ	1	0.5432	2.735
466	^ජ	1	0.5432	2.735
466	aî	1	0.5432	2.735
466	aś	1	0.5432	2.735
466	bv	1	0.5432	2.735
466	bw	1	0.5432	2.735
466	cd	1	0.5432	2.735
466	cx	1	0.5432	2.735
466	cé	1	0.5432	2.735
466	df	1	0.5432	2.735
466	dź	1	0.5432	2.735
466	eé	1	0.5432	2.735
466	eś	1	0.5432	2.735
466	fê	1	0.5432	2.735
466	gó	1	0.5432	2.735
466	hv	1	0.5432	2.735
466	há	1	0.5432	2.735
466	iß	1	0.5432	2.735
466	ił	1	0.5432	2.735
466	iń	1	0.5432	2.735
466	jj	1	0.5432	2.735
466	kż	1	0.5432	2.735
466	là	1	0.5432	2.735
466	lè	1	0.5432	2.735
466	mó	1	0.5432	2.735
466	mü	1	0.5432	2.735
466	ná	1	0.5432	2.735
466	oń	1	0.5432	2.735
466	p'	1	0.5432	2.735
466	pc	1	0.5432	2.735
466	pâ	1	0.5432	2.735
466	rx	1	0.5432	2.735
466	sô	1	0.5432	2.735
466	uś	1	0.5432	2.735
466	vd	1	0.5432	2.735
466	vm	1	0.5432	2.735
466	wf	1	0.5432	2.735
466	wt	1	0.5432	2.735
466	wł	1	0.5432	2.735
466	xc	1	0.5432	2.735
466	yx	1	0.5432	2.735
466	ył	1	0.5432	2.735
466	zg	1	0.5432	2.735
466	zü	1	0.5432	2.735
466	ße	1	0.5432	2.735
466	á$	1	0.5432	2.735
466	ál	1	0.5432	2.735
466	áv	1	0.5432	2.735
466	ä$	1	0.5432	2.735
466	ça	1	0.5432	2.735
466	ço	1	0.5432	2.735
466	èn	1	0.5432	2.735
466	éz	1	0.5432	2.735
466	êl	1	0.5432	2.735
466	êq	1	0.5432	2.735
466	êw	1	0.5432	2.735
466	ëp	1	0.5432	2.735
466	ës	1	0.5432	2.735
466	ît	1	0.5432	2.735
466	ïg	1	0.5432	2.735
466	ón	1	0.5432	2.735
466	ół	1	0.5432	2.735
466	ôe	1	0.5432	2.735
466	öe	1	0.5432	2.735
466	ń$	1	0.5432	2.735
466	śc	1	0.5432	2.735
466	śk	1	0.5432	2.735
466	śl	1	0.5432	2.735
466	źk	1	0.5432	2.735
466	ż$	1	0.5432	2.735
466	żu	1	0.5432	2.735
466	ආය	1	0.5432	2.735
466	ජය	1	0.5432	2.735
466	බෝ	1	0.5432	2.735
466	ය$	1	0.5432	2.735
466	යි	1	0.5432	2.735
466	ිබ	1	0.5432	2.735
466	ෝ$	1	0.5432	2.735
