Rank	Bigram	Frequency	Frequency per million	Zipf value
1	t$	19366	33697.4054	7.5276
2	n$	12623	21964.3886	7.3417
3	a$	11227	19535.3078	7.2908
4	et	11083	19284.7436	7.2852
5	^a	11046	19220.3625	7.2838
6	^d	10522	18308.5872	7.2627
7	an	9286	16157.9111	7.2084
8	r$	9234	16067.4296	7.2059
9	^e	9195	15999.5685	7.2041
10	^'	8977	15620.2421	7.1937
11	e$	7994	13909.7934	7.1433
12	ar	7530	13102.4199	7.1174
13	o$	7395	12867.5159	7.1095
14	en	6814	11856.559	7.074
15	^k	6749	11743.4571	7.0698
16	ou	6461	11242.3286	7.0509
17	ez	6242	10861.2623	7.0359
18	'h	5968	10384.4943	7.0164
19	^p	5801	10093.9094	7.0041
20	re	5791	10076.5091	7.0033
21	c'	5751	10006.9079	7.0003
22	^g	5694	9907.7263	6.996
23	^m	5390	9378.7574	6.9721
24	ra	5260	9152.5536	6.9615
25	ma	5088	8853.2686	6.9471
26	s$	5055	8795.8476	6.9443
27	h$	4836	8414.7812	6.925
28	^s	4807	8364.3204	6.9224
29	eu	4748	8261.6586	6.9171
30	ke	4618	8035.4548	6.905
31	nt	4541	7901.4726	6.8977
32	ñ$	4494	7819.6912	6.8932
33	ha	4221	7344.6632	6.866
34	^b	4201	7309.8627	6.8639
35	zh	4144	7210.681	6.858
36	er	4135	7195.0207	6.857
37	ne	4044	7036.6781	6.8474
38	añ	3989	6940.9765	6.8414
39	^h	3964	6897.4757	6.8387
40	on	3954	6880.0754	6.8376
41	us	3925	6829.6146	6.8344
42	z$	3886	6761.7535	6.8301
43	^o	3871	6735.653	6.8284
44	^n	3834	6671.2719	6.8242
45	pe	3721	6474.6486	6.8112
46	eo	3628	6312.8259	6.8002
47	tr	3549	6175.3636	6.7907
48	di	3541	6161.4434	6.7897
49	l$	3533	6147.5232	6.7887
50	el	3487	6067.4818	6.783
51	ho	3486	6065.7418	6.7829
52	^t	3350	5829.0978	6.7656
53	de	3337	5806.4774	6.7639
54	da	3334	5801.2573	6.7635
55	it	3289	5722.956	6.7576
56	ur	3238	5634.2145	6.7508
57	be	3162	5501.9723	6.7405
58	ao	3133	5451.5115	6.7365
59	nn	3044	5296.6489	6.724
59	oa	3044	5296.6489	6.724
60	^c	2973	5173.1068	6.7138
61	ga	2946	5126.126	6.7098
62	le	2931	5100.0256	6.7076
63	^l	2830	4924.2826	6.6923
64	ve	2793	4859.9015	6.6866
65	ll	2761	4804.2206	6.6816
66	al	2732	4753.7598	6.677
67	in	2702	4701.5589	6.6722
68	^u	2672	4649.358	6.6674
69	se	2611	4543.2162	6.6574
70	me	2564	4461.4349	6.6495
71	te	2505	4358.7731	6.6394
72	^r	2451	4264.8116	6.6299
73	la	2407	4188.2503	6.622
74	he	2378	4137.7894	6.6168
75	om	2371	4125.6092	6.6155
76	d$	2329	4052.528	6.6077
77	ta	2293	3989.887	6.601
78	st	2232	3883.7452	6.5893
79	ka	2176	3786.3035	6.5782
80	^v	2092	3640.1411	6.5611
81	ut	2071	3603.6005	6.5567
82	p$	1998	3476.5783	6.5412
83	na	1976	3438.2977	6.5363
84	où	1956	3403.4971	6.5319
85	ri	1936	3368.6965	6.5275
86	mp	1875	3262.5547	6.5136
87	no	1828	3180.7734	6.5025
88	m$	1817	3161.6331	6.4999
89	ro	1807	3144.2328	6.4975
90	zo	1797	3126.8325	6.4951
91	ù$	1790	3114.6523	6.4934
92	am	1755	3053.7512	6.4848
93	ch	1745	3036.3509	6.4824
94	at	1733	3015.4706	6.4794
95	ze	1730	3010.2505	6.4786
96	k$	1713	2980.67	6.4743
97	'm	1708	2971.9699	6.473
98	em	1700	2958.0496	6.471
99	i$	1697	2952.8295	6.4702
100	ev	1644	2860.608	6.4565
101	un	1626	2829.2875	6.4517
102	to	1614	2808.4071	6.4485
103	as	1613	2806.6671	6.4482
104	ed	1587	2761.4263	6.4411
105	oc	1546	2690.0851	6.4298
106	uz	1533	2667.4648	6.4261
107	ad	1515	2636.1442	6.421
108	is	1512	2630.9241	6.4201
109	vi	1469	2556.1029	6.4076
110	^f	1434	2495.2019	6.3971
111	'o	1410	2453.4412	6.3898
112	v$	1400	2436.0409	6.3867
113	ni	1396	2429.0808	6.3854
114	pa	1393	2423.8607	6.3845
115	go	1383	2406.4604	6.3814
116	ko	1382	2404.7204	6.3811
117	sk	1374	2390.8001	6.3785
118	'v	1352	2352.5195	6.3715
119	li	1346	2342.0793	6.3696
120	lo	1344	2338.5992	6.369
121	^w	1334	2321.1989	6.3657
122	or	1308	2275.9582	6.3572
123	n'	1282	2230.7174	6.3484
124	wa	1279	2225.4973	6.3474
125	'r	1268	2206.357	6.3437
126	ae	1263	2197.6569	6.342
127	fe	1256	2185.4767	6.3395
128	do	1238	2154.1561	6.3333
129	gw	1234	2147.196	6.3319
130	az	1215	2114.1355	6.3251
131	we	1163	2023.654	6.3061
132	vo	1161	2020.1739	6.3054
133	hi	1141	1985.3733	6.2978
134	g$	1129	1964.493	6.2933
135	^z	1069	1860.0912	6.2695
136	u$	1066	1854.8711	6.2683
137	mo	1063	1849.651	6.2671
138	av	1056	1837.4708	6.2642
139	't	1023	1780.0499	6.2504
140	dr	1017	1769.6097	6.2479
141	ud	1011	1759.1695	6.2453
142	ak	995	1731.3291	6.2384
143	es	980	1705.2286	6.2318
144	ba	979	1703.4886	6.2313
145	ge	950	1653.0277	6.2183
146	so	949	1651.2877	6.2178
147	ue	945	1644.3276	6.216
148	ec	938	1632.1474	6.2128
149	iz	934	1625.1873	6.2109
150	ig	930	1618.2272	6.209
151	ac	918	1597.3468	6.2034
152	sa	916	1593.8667	6.2025
153	io	910	1583.4266	6.1996
154	ei	905	1574.7264	6.1972
155	br	901	1567.7663	6.1953
156	ie	894	1555.5861	6.1919
157	ol	883	1536.4458	6.1865
158	il	878	1527.7456	6.1841
159	ot	833	1449.4443	6.1612
160	va	828	1440.7442	6.1586
161	ul	826	1437.2641	6.1575
162	-s	821	1428.564	6.1549
163	iñ	818	1423.3439	6.1533
164	d'	795	1383.3232	6.1409
164	za	795	1383.3232	6.1409
165	^y	792	1378.1031	6.1393
166	ti	783	1362.4429	6.1343
167	'e	771	1341.5625	6.1276
168	zi	765	1331.1223	6.1242
169	iv	762	1325.9022	6.1225
170	tu	741	1289.3616	6.1104
171	ir	736	1280.6615	6.1074
172	ui	734	1277.1814	6.1063
173	'n	732	1273.7014	6.1051
173	ag	732	1273.7014	6.1051
174	ij	728	1266.7413	6.1027
175	eb	725	1261.5212	6.1009
176	ab	718	1249.341	6.0967
177	ya	709	1233.6807	6.0912
178	rz	705	1226.7206	6.0887
179	a-	701	1219.7605	6.0863
180	wi	699	1216.2804	6.085
181	mm	691	1202.3602	6.08
182	eg	687	1195.4001	6.0775
183	si	683	1188.4399	6.075
184	rv	658	1144.9392	6.0588
185	y$	654	1137.9791	6.0561
186	^i	647	1125.7989	6.0515
187	'z	645	1122.3188	6.0501
188	rt	634	1103.1785	6.0426
189	po	632	1099.6985	6.0413
190	je	626	1089.2583	6.0371
191	'a	625	1087.5182	6.0364
192	bo	624	1085.7782	6.0357
193	gr	620	1078.8181	6.0329
193	mi	620	1078.8181	6.0329
194	bl	619	1077.0781	6.0322
195	oz	615	1070.118	6.0294
196	âr	602	1047.4976	6.0202
197	lâ	601	1045.7575	6.0194
198	nk	598	1040.5375	6.0173
199	pr	597	1038.7974	6.0165
200	pi	566	984.8565	5.9934
201	ob	563	979.6364	5.9911
202	pl	547	951.796	5.9785
203	ok	531	923.9555	5.9657
204	ki	521	906.5552	5.9574
205	ep	506	880.4548	5.9447
206	r-	504	876.9747	5.943
207	j$	502	873.4947	5.9413
208	oñ	501	871.7546	5.9404
209	rr	499	868.2746	5.9387
210	fa	489	850.8743	5.9299
211	ñj	477	829.9939	5.9191
212	ef	470	817.8137	5.9127
212	ik	470	817.8137	5.9127
213	ia	465	809.1136	5.908
214	du	461	802.1535	5.9043
215	os	459	798.6734	5.9024
215	rc	459	798.6734	5.9024
216	ku	452	786.4932	5.8957
217	ai	451	784.7532	5.8947
218	oe	449	781.2731	5.8928
219	kr	436	758.6527	5.88
220	mz	430	748.2126	5.874
221	n-	429	746.4725	5.873
222	fo	420	730.8123	5.8638
222	ru	420	730.8123	5.8638
223	vr	419	729.0722	5.8628
224	^j	418	727.3322	5.8617
225	rn	411	715.152	5.8544
225	sp	411	715.152	5.8544
226	bi	410	713.412	5.8533
227	ja	409	711.6719	5.8523
228	kl	404	702.9718	5.8469
229	bu	390	678.6114	5.8316
230	ua	388	675.1313	5.8294
231	eñ	378	657.731	5.818
232	ap	366	636.8507	5.804
232	rd	366	636.8507	5.804
233	-d	357	621.1904	5.7932
233	ek	357	621.1904	5.7932
234	hu	353	614.2303	5.7883
235	im	344	598.57	5.7771
236	nd	341	593.35	5.7733
237	id	325	565.5095	5.7524
238	lh	322	560.2894	5.7484
238	rm	322	560.2894	5.7484
239	'p	321	558.5494	5.7471
240	-m	317	551.5893	5.7416
241	ñv	315	548.1092	5.7389
242	fi	307	534.189	5.7277
243	ug	304	528.9689	5.7234
244	gn	296	515.0486	5.7118
245	su	292	508.0885	5.7059
246	-b	285	495.9083	5.6954
246	ea	285	495.9083	5.6954
247	og	281	488.9482	5.6893
248	od	273	475.028	5.6767
249	ic	264	459.3677	5.6622
250	l-	257	447.1875	5.6505
251	lu	251	436.7473	5.6402
252	rs	246	428.0472	5.6315
253	gi	245	426.3072	5.6297
254	'b	240	417.607	5.6208
255	lc	239	415.867	5.619
256	ñs	236	410.6469	5.6135
257	af	227	394.9866	5.5966
258	'c	225	391.5066	5.5927
258	-r	225	391.5066	5.5927
259	t-	220	382.8064	5.583
260	-k	217	377.5863	5.577
260	jo	217	377.5863	5.577
261	gl	213	370.6262	5.5689
262	mu	210	365.4061	5.5628
263	co	209	363.6661	5.5607
264	iw	208	361.9261	5.5586
265	fr	207	360.186	5.5565
266	e-	197	342.7858	5.535
266	hw	197	342.7858	5.535
266	oû	197	342.7858	5.535
267	aa	195	339.3057	5.5306
267	ût	195	339.3057	5.5306
268	-t	187	325.3855	5.5124
269	sh	183	318.4253	5.503
270	ju	178	309.7252	5.491
271	nv	176	306.2451	5.4861
272	rk	166	288.8448	5.4607
272	ù-	166	288.8448	5.4607
273	nu	164	285.3648	5.4554
274	z-	161	280.1447	5.4474
275	ub	159	276.6646	5.442
276	uc	154	267.9645	5.4281
277	mb	150	261.0044	5.4166
278	ey	145	252.3042	5.4019
279	b$	144	250.5642	5.3989
280	uk	143	248.8242	5.3959
281	ip	140	243.6041	5.3867
282	uh	139	241.8641	5.3836
283	ee	138	240.124	5.3804
284	'g	137	238.384	5.3773
285	ib	134	233.1639	5.3677
286	if	133	231.4239	5.3644
287	of	131	227.9438	5.3578
288	e'	130	226.2038	5.3545
288	gu	130	226.2038	5.3545
289	'f	129	224.4638	5.3511
290	vu	124	215.7636	5.334
291	th	123	214.0236	5.3305
291	ñc	123	214.0236	5.3305
292	oo	122	212.2836	5.3269
293	oi	121	210.5435	5.3233
294	zu	117	203.5834	5.3087
295	h-	115	200.1034	5.3013
296	-g	114	198.3633	5.2975
296	lf	114	198.3633	5.2975
297	ny	112	194.8833	5.2898
297	êr	112	194.8833	5.2898
298	lz	111	193.1432	5.2859
298	ye	111	193.1432	5.2859
299	ng	110	191.4032	5.2819
300	f$	108	187.9232	5.274
301	rf	107	186.1831	5.2699
302	rg	106	184.4431	5.2659
303	ck	105	182.7031	5.2617
304	d-	104	180.963	5.2576
304	pu	104	180.963	5.2576
305	fl	102	177.483	5.2492
306	'i	99	172.2629	5.2362
307	'k	97	168.7828	5.2273
307	o-	97	168.7828	5.2273
308	sy	93	161.8227	5.209
309	-e	92	160.0827	5.2043
309	um	92	160.0827	5.2043
310	aj	88	153.1226	5.185
311	ji	86	149.6425	5.1751
312	lv	84	146.1625	5.1648
312	uj	84	146.1625	5.1648
313	'l	81	140.9424	5.149
313	rj	81	140.9424	5.149
314	vl	79	137.4623	5.1382
315	's	78	135.7223	5.1327
315	-v	78	135.7223	5.1327
315	rl	78	135.7223	5.1327
315	u-	78	135.7223	5.1327
316	op	76	132.2422	5.1214
317	-p	75	130.5022	5.1156
317	-w	75	130.5022	5.1156
318	-h	74	128.7622	5.1098
318	fu	74	128.7622	5.1098
318	tl	74	128.7622	5.1098
319	-l	73	127.0221	5.1039
320	ah	72	125.2821	5.0979
320	lg	72	125.2821	5.0979
321	-a	70	121.802	5.0857
321	m'	70	121.802	5.0857
321	rb	70	121.802	5.0857
321	tt	70	121.802	5.0857
321	zv	70	121.802	5.0857
322	-u	69	120.062	5.0794
322	ih	69	120.062	5.0794
323	au	68	118.322	5.0731
323	rp	68	118.322	5.0731
324	lt	67	116.582	5.0666
324	oh	67	116.582	5.0666
325	-n	66	114.8419	5.0601
325	mg	66	114.8419	5.0601
326	ly	64	111.3619	5.0467
327	eh	62	107.8818	5.0329
327	ld	62	107.8818	5.0329
327	ls	62	107.8818	5.0329
328	dy	61	106.1418	5.0259
328	i-	61	106.1418	5.0259
328	sm	61	106.1418	5.0259
328	up	61	106.1418	5.0259
328	wo	61	106.1418	5.0259
329	ca	60	104.4018	5.0187
329	lk	60	104.4018	5.0187
330	gê	59	102.6617	5.0114
330	iu	59	102.6617	5.0114
330	kt	59	102.6617	5.0114
330	sc	59	102.6617	5.0114
331	'd	58	100.9217	5.004
331	ej	58	100.9217	5.004
332	hl	57	99.1817	4.9964
333	ht	56	97.4416	4.9887
333	ry	56	97.4416	4.9887
334	nc	54	93.9616	4.973
334	oy	54	93.9616	4.973
334	pt	54	93.9616	4.973
335	hr	52	90.4815	4.9566
336	dk	51	88.7415	4.9481
336	ns	51	88.7415	4.9481
337	'$	50	87.0015	4.9395
337	ks	50	87.0015	4.9395
338	yn	49	85.2614	4.9308
339	cu	48	83.5214	4.9218
339	kf	48	83.5214	4.9218
339	uf	48	83.5214	4.9218
340	s-	47	81.7814	4.9127
341	dl	46	80.0413	4.9033
341	lb	46	80.0413	4.9033
342	aw	45	78.3013	4.8938
342	ts	45	78.3013	4.8938
343	dg	44	76.5613	4.884
344	ay	42	73.0812	4.8638
345	lm	41	71.3412	4.8533
346	zr	39	67.8611	4.8316
347	'u	37	64.3811	4.8088
347	ce	37	64.3811	4.8088
347	ew	37	64.3811	4.8088
348	ss	36	62.6411	4.7969
349	-j	35	60.901	4.7846
349	ff	35	60.901	4.7846
349	hy	35	60.901	4.7846
350	bb	34	59.161	4.772
350	bs	34	59.161	4.772
350	g-	34	59.161	4.772
350	gg	34	59.161	4.772
350	hp	34	59.161	4.772
351	m-	33	57.421	4.7591
351	p-	33	57.421	4.7591
351	pk	33	57.421	4.7591
352	c$	32	55.6809	4.7457
352	ty	32	55.6809	4.7457
353	-c	31	53.9409	4.7319
354	gh	29	50.4608	4.703
354	yo	29	50.4608	4.703
354	yu	29	50.4608	4.703
355	cl	28	48.7208	4.6877
355	ds	28	48.7208	4.6877
355	ix	28	48.7208	4.6877
355	tz	28	48.7208	4.6877
355	yl	28	48.7208	4.6877
356	cc	27	46.9808	4.6719
357	gy	26	45.2408	4.6555
357	mc	26	45.2408	4.6555
357	uo	26	45.2408	4.6555
358	x$	25	43.5007	4.6385
359	'y	24	41.7607	4.6208
359	-f	24	41.7607	4.6208
359	kw	24	41.7607	4.6208
359	ps	24	41.7607	4.6208
359	v-	24	41.7607	4.6208
360	ft	23	40.0207	4.6023
360	ky	23	40.0207	4.6023
360	ms	23	40.0207	4.6023
360	nô	23	40.0207	4.6023
360	ñ-	23	40.0207	4.6023
361	k-	22	38.2806	4.583
361	l'	22	38.2806	4.583
361	lr	22	38.2806	4.583
361	md	22	38.2806	4.583
361	oj	22	38.2806	4.583
361	ov	22	38.2806	4.583
362	bg	21	36.5406	4.5628
362	my	21	36.5406	4.5628
362	tc	21	36.5406	4.5628
363	by	20	34.8006	4.5416
363	hn	20	34.8006	4.5416
363	ii	20	34.8006	4.5416
363	nf	20	34.8006	4.5416
364	'w	19	33.0606	4.5193
364	pc	19	33.0606	4.5193
364	xo	19	33.0606	4.5193
364	zf	19	33.0606	4.5193
365	eü	18	31.3205	4.4958
365	nj	18	31.3205	4.4958
365	ow	18	31.3205	4.4958
365	tk	18	31.3205	4.4958
365	tê	18	31.3205	4.4958
365	ür	18	31.3205	4.4958
366	dj	17	29.5805	4.471
366	dw	17	29.5805	4.471
366	kê	17	29.5805	4.471
367	-o	16	27.8405	4.4447
367	-z	16	27.8405	4.4447
367	dd	16	27.8405	4.4447
367	qu	16	27.8405	4.4447
368	^q	15	26.1004	4.4166
368	ml	15	26.1004	4.4166
368	o'	15	26.1004	4.4166
368	p'	15	26.1004	4.4166
368	rh	15	26.1004	4.4166
368	tn	15	26.1004	4.4166
368	ñf	15	26.1004	4.4166
368	ô$	15	26.1004	4.4166
369	-y	14	24.3604	4.3867
369	nz	14	24.3604	4.3867
369	ox	14	24.3604	4.3867
369	wr	14	24.3604	4.3867
369	ñt	14	24.3604	4.3867
370	dh	13	22.6204	4.3545
370	jf	13	22.6204	4.3545
370	lp	13	22.6204	4.3545
370	lê	13	22.6204	4.3545
370	mf	13	22.6204	4.3545
370	nw	13	22.6204	4.3545
370	sl	13	22.6204	4.3545
370	vd	13	22.6204	4.3545
371	b-	12	20.8804	4.3197
371	ci	12	20.8804	4.3197
371	km	12	20.8804	4.3197
371	lj	12	20.8804	4.3197
371	pp	12	20.8804	4.3197
371	w$	12	20.8804	4.3197
372	kv	11	19.1403	4.2819
372	nh	11	19.1403	4.2819
372	uñ	11	19.1403	4.2819
372	zz	11	19.1403	4.2819
373	vf	10	17.4003	4.2406
373	vs	10	17.4003	4.2406
373	zk	10	17.4003	4.2406
374	a'	9	15.6603	4.1948
374	cy	9	15.6603	4.1948
374	g'	9	15.6603	4.1948
374	hv	9	15.6603	4.1948
374	mn	9	15.6603	4.1948
374	mv	9	15.6603	4.1948
374	zw	9	15.6603	4.1948
375	db	8	13.9202	4.1436
375	dp	8	13.9202	4.1436
375	hf	8	13.9202	4.1436
375	hm	8	13.9202	4.1436
375	sn	8	13.9202	4.1436
375	wy	8	13.9202	4.1436
375	yd	8	13.9202	4.1436
375	ôg	8	13.9202	4.1436
376	cr	7	12.1802	4.0857
376	dt	7	12.1802	4.0857
376	gf	7	12.1802	4.0857
376	gt	7	12.1802	4.0857
376	h'	7	12.1802	4.0857
376	ph	7	12.1802	4.0857
376	rw	7	12.1802	4.0857
376	sf	7	12.1802	4.0857
376	wh	7	12.1802	4.0857
377	ct	6	10.4402	4.0187
377	nl	6	10.4402	4.0187
377	pf	6	10.4402	4.0187
377	sb	6	10.4402	4.0187
377	sg	6	10.4402	4.0187
377	vb	6	10.4402	4.0187
377	w-	6	10.4402	4.0187
378	dm	5	8.7001	3.9395
378	f-	5	8.7001	3.9395
378	mh	5	8.7001	3.9395
378	pd	5	8.7001	3.9395
378	tf	5	8.7001	3.9395
378	tv	5	8.7001	3.9395
378	uv	5	8.7001	3.9395
379	-i	4	6.9601	3.8426
379	gc	4	6.9601	3.8426
379	gs	4	6.9601	3.8426
379	hê	4	6.9601	3.8426
379	lw	4	6.9601	3.8426
379	lü	4	6.9601	3.8426
379	né	4	6.9601	3.8426
379	qg	4	6.9601	3.8426
379	sq	4	6.9601	3.8426
379	sw	4	6.9601	3.8426
379	t'	4	6.9601	3.8426
379	tw	4	6.9601	3.8426
379	vc	4	6.9601	3.8426
379	vm	4	6.9601	3.8426
379	vn	4	6.9601	3.8426
379	yr	4	6.9601	3.8426
379	ys	4	6.9601	3.8426
379	zl	4	6.9601	3.8426
379	é$	4	6.9601	3.8426
379	ée	4	6.9601	3.8426
379	üg	4	6.9601	3.8426
380	ax	3	5.2201	3.7177
380	cn	3	5.2201	3.7177
380	df	3	5.2201	3.7177
380	dv	3	5.2201	3.7177
380	gk	3	5.2201	3.7177
380	j'	3	5.2201	3.7177
380	j-	3	5.2201	3.7177
380	kn	3	5.2201	3.7177
380	mw	3	5.2201	3.7177
380	nb	3	5.2201	3.7177
380	vh	3	5.2201	3.7177
380	y-	3	5.2201	3.7177
380	yi	3	5.2201	3.7177
380	ym	3	5.2201	3.7177
380	z'	3	5.2201	3.7177
380	zy	3	5.2201	3.7177
381	cg	2	3.4801	3.5416
381	cm	2	3.4801	3.5416
381	cs	2	3.4801	3.5416
381	cé	2	3.4801	3.5416
381	dn	2	3.4801	3.5416
381	ex	2	3.4801	3.5416
381	hc	2	3.4801	3.5416
381	hd	2	3.4801	3.5416
381	hô	2	3.4801	3.5416
381	jw	2	3.4801	3.5416
381	k'	2	3.4801	3.5416
381	kg	2	3.4801	3.5416
381	kk	2	3.4801	3.5416
381	nr	2	3.4801	3.5416
381	pv	2	3.4801	3.5416
381	ré	2	3.4801	3.5416
381	rü	2	3.4801	3.5416
381	sd	2	3.4801	3.5416
381	sé	2	3.4801	3.5416
381	tb	2	3.4801	3.5416
381	té	2	3.4801	3.5416
381	ws	2	3.4801	3.5416
381	zn	2	3.4801	3.5416
381	zt	2	3.4801	3.5416
381	éc	2	3.4801	3.5416
381	és	2	3.4801	3.5416
381	ôr	2	3.4801	3.5416
381	ûg	2	3.4801	3.5416
381	üs	2	3.4801	3.5416
382	bf	1	1.74	3.2405
382	cd	1	1.74	3.2405
382	cq	1	1.74	3.2405
382	dc	1	1.74	3.2405
382	dz	1	1.74	3.2405
382	fj	1	1.74	3.2405
382	hz	1	1.74	3.2405
382	i'	1	1.74	3.2405
382	jh	1	1.74	3.2405
382	jk	1	1.74	3.2405
382	jt	1	1.74	3.2405
382	jä	1	1.74	3.2405
382	kd	1	1.74	3.2405
382	kh	1	1.74	3.2405
382	kp	1	1.74	3.2405
382	kâ	1	1.74	3.2405
382	mj	1	1.74	3.2405
382	mr	1	1.74	3.2405
382	mè	1	1.74	3.2405
382	mü	1	1.74	3.2405
382	pn	1	1.74	3.2405
382	r'	1	1.74	3.2405
382	rx	1	1.74	3.2405
382	rê	1	1.74	3.2405
382	sj	1	1.74	3.2405
382	sr	1	1.74	3.2405
382	tg	1	1.74	3.2405
382	u'	1	1.74	3.2405
382	uu	1	1.74	3.2405
382	vj	1	1.74	3.2405
382	vy	1	1.74	3.2405
382	wk	1	1.74	3.2405
382	wl	1	1.74	3.2405
382	wn	1	1.74	3.2405
382	wz	1	1.74	3.2405
382	xa	1	1.74	3.2405
382	xe	1	1.74	3.2405
382	xi	1	1.74	3.2405
382	xy	1	1.74	3.2405
382	yw	1	1.74	3.2405
382	yê	1	1.74	3.2405
382	zb	1	1.74	3.2405
382	zj	1	1.74	3.2405
382	zm	1	1.74	3.2405
382	zp	1	1.74	3.2405
382	äg	1	1.74	3.2405
382	èr	1	1.74	3.2405
382	êt	1	1.74	3.2405
382	ün	1	1.74	3.2405
