Rank	Bigram	Frequency	Frequency per million	Zipf value
1	r$	27729692	34527.0321	7.5382
2	e$	26797273	33366.0506	7.5233
3	er	23083804	28742.3042	7.4585
4	de	20946573	26081.1768	7.4163
5	^d	20929693	26060.159	7.416
6	t$	20904166	26028.3746	7.4154
7	n$	17010465	21180.2162	7.3259
8	^h	15351730	19114.8778	7.2814
9	g$	15034167	18719.4711	7.2723
10	en	14769349	18389.7386	7.2646
11	^s	13942865	17360.6598	7.2396
12	et	12477610	15536.2289	7.1913
13	^e	11450058	14256.7945	7.154
14	^m	9885312	12308.4845	7.0902
15	^v	9199965	11455.1394	7.059
16	d$	9139999	11380.474	7.0562
17	^f	8222081	10237.5481	7.0102
18	^j	7949414	9898.0426	6.9955
19	re	7842389	9764.7827	6.9897
20	^i	7794770	9705.4909	6.987
21	an	7748488	9647.8639	6.9844
22	or	7684066	9567.6502	6.9808
23	ig	7473095	9304.9642	6.9687
24	ge	7434993	9257.5223	6.9665
25	je	7401731	9216.1068	6.9645
26	^a	7093333	8832.1117	6.9461
27	ke	7059742	8790.2866	6.944
28	eg	7007781	8725.5884	6.9408
29	^t	6597017	8214.1344	6.9146
30	ar	6422008	7996.2257	6.9029
31	te	6032150	7510.8024	6.8757
32	ha	6008393	7481.2219	6.874
33	^o	5970910	7434.5507	6.8713
34	in	5812890	7237.7955	6.8596
35	nd	5758037	7169.4965	6.8555
36	^k	5706787	7105.6836	6.8516
37	ve	5684904	7078.4365	6.8499
38	vi	5684306	7077.6919	6.8499
39	ed	5664074	7052.5004	6.8483
40	le	5616200	6992.8912	6.8447
41	me	5597344	6969.413	6.8432
42	u$	5523571	6877.5561	6.8374
43	l$	5426106	6756.1997	6.8297
44	^b	5310447	6612.1894	6.8203
45	il	5263931	6554.271	6.8165
46	ne	5244086	6529.5614	6.8149
47	i$	5199827	6474.4532	6.8112
48	st	4769748	5938.9496	6.7737
49	du	4768469	5937.3571	6.7736
50	å$	4768438	5937.3185	6.7736
51	s$	4638983	5776.1303	6.7616
52	ti	4564983	5683.9908	6.7547
53	^g	4485142	5584.5785	6.747
54	^n	4481172	5579.6353	6.7466
55	kk	4451713	5542.9551	6.7437
56	sk	4443247	5532.4138	6.7429
57	ik	4422858	5507.0269	6.7409
58	m$	4309810	5366.2676	6.7297
59	li	4112909	5121.1006	6.7094
60	^l	4068772	5066.1443	6.7047
61	fo	3967170	4939.6368	6.6937
62	al	3937490	4902.6813	6.6904
63	og	3930582	4894.08	6.6897
64	at	3923869	4885.7215	6.6889
65	el	3909080	4867.3072	6.6873
66	^p	3909053	4867.2736	6.6873
67	hv	3806006	4738.9669	6.6757
68	ka	3631527	4521.7181	6.6553
69	se	3531717	4397.4418	6.6432
70	he	3495544	4352.4018	6.6387
71	mi	3419833	4258.1318	6.6292
72	va	3364694	4189.4767	6.6222
73	ng	3341264	4160.3033	6.6191
74	di	3274679	4077.3964	6.6104
75	om	3258474	4057.2191	6.6082
76	ad	2958768	3684.0466	6.5663
77	ll	2865522	3567.9433	6.5524
78	es	2732534	3402.3562	6.5318
79	ag	2441894	3040.472	6.4829
80	ta	2435485	3032.492	6.4818
81	be	2403947	2993.2231	6.4761
82	la	2383277	2967.4863	6.4724
83	a$	2265931	2821.3755	6.4505
84	ør	2251736	2803.7009	6.4477
85	ri	2243599	2793.5692	6.4462
86	k$	2209383	2750.9659	6.4395
87	is	2206969	2747.9602	6.439
88	un	2197079	2735.6459	6.4371
89	si	2114795	2633.1917	6.4205
90	id	2090700	2603.1903	6.4155
91	^r	2019507	2514.5459	6.4005
92	så	2001175	2491.7202	6.3965
93	em	1915633	2385.2094	6.3775
94	ra	1891888	2355.6438	6.3721
95	ko	1859973	2315.9055	6.3647
96	am	1824041	2271.1656	6.3562
97	ld	1819965	2266.0904	6.3553
98	^u	1798045	2238.7972	6.35
99	ær	1777191	2212.8313	6.3449
100	af	1776297	2211.7182	6.3447
101	på	1742543	2169.6901	6.3364
102	dt	1730395	2154.5643	6.3334
103	rt	1714004	2134.1554	6.3292
104	ej	1678947	2090.5049	6.3203
105	vo	1656676	2062.7746	6.3145
106	ma	1637901	2039.3974	6.3095
107	nt	1616886	2013.231	6.3039
108	da	1606434	2000.2169	6.3011
109	rd	1578513	1965.4517	6.2935
110	mm	1562353	1945.3304	6.289
111	tr	1550681	1930.7972	6.2857
112	ro	1550487	1930.5557	6.2857
113	no	1540857	1918.5651	6.283
114	ol	1535922	1912.4204	6.2816
115	av	1527494	1901.9264	6.2792
116	gt	1522234	1895.3771	6.2777
117	on	1520959	1893.7895	6.2773
118	ba	1515852	1887.4307	6.2759
119	to	1389109	1729.6193	6.238
120	væ	1385934	1725.666	6.237
121	sa	1380963	1719.4765	6.2354
122	år	1380374	1718.7431	6.2352
123	ud	1362669	1696.6981	6.2296
124	dr	1315472	1637.9318	6.2143
125	od	1311734	1633.2775	6.2131
126	ns	1291647	1608.2666	6.2064
127	f$	1290219	1606.4886	6.2059
128	iv	1284343	1599.1722	6.2039
129	so	1277311	1590.4164	6.2015
130	rs	1267580	1578.3001	6.1982
131	bl	1207515	1503.5114	6.1771
132	y$	1177754	1466.4552	6.1663
133	ds	1177495	1466.1327	6.1662
134	fa	1174979	1462.9999	6.1652
135	tt	1172928	1460.4462	6.1645
136	pe	1142925	1423.0886	6.1532
137	rn	1132872	1410.5713	6.1494
138	lt	1122966	1398.2371	6.1456
139	hu	1115757	1389.2609	6.1428
140	j$	1092649	1360.4885	6.1337
141	fr	1074121	1337.4188	6.1263
142	v$	1073514	1336.663	6.126
143	nu	1041091	1296.2922	6.1127
144	ja	1036892	1291.0639	6.1109
145	it	1030404	1282.9855	6.1082
146	op	1015495	1264.4219	6.1019
147	må	1007342	1254.2703	6.0984
148	nn	994176	1237.877	6.0927
149	ku	990490	1233.2874	6.0911
150	ok	982561	1223.4148	6.0876
151	ov	973481	1212.109	6.0835
152	o$	931448	1159.7725	6.0644
153	na	922435	1148.5502	6.0601
154	mo	913294	1137.1685	6.0558
155	ni	907414	1129.8471	6.053
156	ho	891520	1110.057	6.0453
157	os	888775	1106.6392	6.044
158	ls	881547	1097.6394	6.0405
159	lo	865582	1077.7609	6.0325
160	go	857697	1067.9431	6.0285
161	ga	857613	1067.8385	6.0285
162	ft	854029	1063.3759	6.0267
163	ru	847892	1055.7346	6.0236
164	as	843278	1049.9895	6.0212
165	ak	842138	1048.5701	6.0206
166	jo	834576	1039.1544	6.0167
167	sp	833608	1037.9491	6.0162
168	ev	828122	1031.1184	6.0133
169	fi	822778	1024.4644	6.0105
170	ul	822706	1024.3748	6.0105
171	br	807254	1005.135	6.0022
172	æn	801297	997.7178	5.999
173	ød	789342	982.8323	5.9925
174	ie	771873	961.0811	5.9828
175	p$	757666	943.3916	5.9747
176	^c	752128	936.4961	5.9715
177	ss	743904	926.2561	5.9667
178	rk	739810	921.1586	5.9643
179	pr	733604	913.4313	5.9607
180	sl	722390	899.4684	5.954
181	gø	721257	898.0577	5.9533
182	fø	711236	885.5803	5.9472
183	ræ	709508	883.4287	5.9462
184	gi	684441	852.2171	5.9306
185	us	663650	826.3296	5.9172
186	pi	644452	802.4256	5.9044
187	gå	642435	799.9142	5.903
188	ek	641791	799.1123	5.9026
189	æl	638510	795.0271	5.9004
190	kr	627766	781.6494	5.893
191	kl	623656	776.5319	5.8902
192	gs	606861	755.62	5.8783
193	ir	599331	746.2442	5.8729
194	rf	597724	744.2432	5.8717
195	ur	595441	741.4006	5.8701
196	pa	588294	732.5017	5.8648
197	ly	577032	718.479	5.8564
198	ky	574339	715.1259	5.8544
199	nk	569337	708.8978	5.8506
200	ef	565291	703.86	5.8475
201	gl	560032	697.3119	5.8434
202	rl	552790	688.2946	5.8378
203	hj	551009	686.0771	5.8364
204	læ	543206	676.3613	5.8302
205	rø	536361	667.8384	5.8247
206	få	536304	667.7674	5.8246
207	kt	532967	663.6124	5.8219
208	tæ	524283	652.7997	5.8148
209	fe	522964	651.1574	5.8137
210	gr	512600	638.2529	5.805
211	rg	508830	633.5588	5.8018
212	lv	501326	624.2153	5.7953
213	hø	495933	617.5004	5.7906
214	rr	481632	599.6938	5.7779
215	ki	480420	598.1847	5.7768
216	ug	474599	590.9368	5.7715
217	bi	472185	587.931	5.7693
218	io	472052	587.7654	5.7692
219	ay	464455	578.3062	5.7622
220	ch	459721	572.4118	5.7577
221	bo	458477	570.8628	5.7565
222	lu	458068	570.3536	5.7561
223	sm	452341	563.2227	5.7507
224	ry	446538	555.9972	5.7451
225	fl	445210	554.3437	5.7438
226	yd	430173	535.6207	5.7289
227	yl	425257	529.4996	5.7239
228	^å	419214	521.9753	5.7176
229	åd	416223	518.2512	5.7145
230	rb	412667	513.8235	5.7108
231	sø	407474	507.3575	5.7053
232	ut	406035	505.5658	5.7038
233	dd	403753	502.7244	5.7013
234	nå	402945	501.7183	5.7005
235	dø	398256	495.8799	5.6954
236	po	395610	492.5853	5.6925
237	øv	393348	489.7688	5.69
238	ab	391313	487.235	5.6877
239	sv	388320	483.5083	5.6844
240	im	387920	483.0103	5.684
241	^ø	385466	479.9547	5.6812
242	øj	384984	479.3546	5.6807
243	h$	383735	477.7994	5.6792
244	pp	377060	469.4882	5.6716
245	yn	375438	467.4686	5.6698
246	æk	372388	463.6709	5.6662
247	ce	370414	461.2131	5.6639
248	gn	369289	459.8123	5.6626
249	rm	365964	455.6722	5.6587
250	ty	365106	454.6039	5.6576
251	yr	361345	449.921	5.6531
252	ot	359681	447.8491	5.6511
253	do	359551	447.6872	5.651
254	sy	356859	444.3353	5.6477
255	gg	354907	441.9049	5.6453
256	lø	354704	441.6521	5.6451
257	pl	346902	431.9376	5.6354
258	lk	346830	431.8479	5.6353
259	ks	346227	431.0971	5.6346
260	mu	344697	429.1921	5.6327
261	lb	333697	415.4957	5.6186
262	kø	329669	410.4803	5.6133
263	um	328203	408.6549	5.6114
264	hi	326658	406.7312	5.6093
265	lg	323782	403.1502	5.6055
266	ic	319832	398.232	5.6001
267	tå	319262	397.5222	5.5994
268	ob	316765	394.4132	5.596
269	æs	315572	392.9277	5.5943
270	æg	303643	378.0746	5.5776
271	ny	302595	376.7697	5.5761
272	tu	300967	374.7426	5.5737
273	gu	299598	373.038	5.5718
274	øl	297754	370.742	5.5691
275	sn	297490	370.4133	5.5687
276	yg	296414	369.0735	5.5671
277	ts	295404	367.816	5.5656
278	gd	293612	365.5847	5.563
279	bu	289470	360.4274	5.5568
280	ys	288474	359.1872	5.5553
281	ås	288155	358.79	5.5548
282	mp	287479	357.9483	5.5538
283	vd	284267	353.949	5.5489
284	jæ	283953	353.558	5.5485
285	kæ	283160	352.5706	5.5472
286	b$	280547	349.3171	5.5432
287	uk	280270	348.9722	5.5428
288	sæ	278859	347.2153	5.5406
289	øg	278502	346.7708	5.54
290	ap	278383	346.6226	5.5399
291	ia	272680	339.5217	5.5309
292	næ	272468	339.2577	5.5305
293	æt	269033	334.9807	5.525
294	rv	264466	329.2942	5.5176
295	øn	261545	325.6572	5.5128
296	gh	258736	322.1596	5.5081
297	ck	257249	320.3081	5.5056
298	mt	256160	318.9521	5.5037
299	lp	255835	318.5475	5.5032
300	dn	255355	317.9498	5.5024
301	gj	252266	314.1036	5.4971
302	eb	249244	310.3408	5.4918
303	dl	248205	309.0471	5.49
304	fu	247549	308.2303	5.4889
305	th	245934	306.2195	5.486
306	by	242846	302.3745	5.4805
307	vn	238947	297.5197	5.4735
308	yt	237947	296.2746	5.4717
309	^w	236820	294.8714	5.4696
310	åb	234413	291.8743	5.4652
311	tj	232390	289.3554	5.4614
312	yk	229844	286.1853	5.4566
313	co	229119	285.2826	5.4553
314	ca	228605	284.6426	5.4543
315	tø	226392	281.8872	5.4501
316	ff	225723	281.0542	5.4488
317	øs	223864	278.7395	5.4452
318	ac	223697	278.5315	5.4449
319	su	223376	278.1318	5.4443
320	ea	222183	276.6464	5.4419
321	hå	222052	276.4833	5.4417
322	oe	221857	276.2405	5.4413
323	sh	217133	270.3585	5.4319
324	kn	216184	269.1769	5.43
325	åe	214304	266.836	5.4262
326	jd	213040	265.2622	5.4237
327	mø	210313	261.8667	5.4181
328	ci	208967	260.1908	5.4153
329	lå	207432	258.2795	5.4121
330	if	205573	255.9648	5.4082
331	rh	203117	252.9068	5.403
332	fæ	200307	249.408	5.3969
333	mr	199298	248.1516	5.3947
334	eh	197919	246.4346	5.3917
335	ån	193008	240.3198	5.3808
336	bø	189574	236.044	5.373
337	mæ	188343	234.5113	5.3702
338	æb	187535	233.5052	5.3683
339	nø	186521	232.2426	5.3659
340	ue	186317	231.9886	5.3655
341	of	186308	231.9774	5.3654
342	^æ	183899	228.9779	5.3598
343	nc	183479	228.4549	5.3588
344	æd	178283	221.9853	5.3463
345	ey	175739	218.8177	5.3401
346	ep	173475	215.9987	5.3345
347	dy	171945	214.0936	5.3306
348	ye	170063	211.7503	5.3258
349	øb	168914	210.3196	5.3229
350	fy	166462	207.2666	5.3165
351	pu	162041	201.7619	5.3048
352	ip	160347	199.6526	5.3003
353	ee	157630	196.2696	5.2929
354	ål	157013	195.5014	5.2911
355	au	156814	195.2536	5.2906
356	kv	154659	192.5703	5.2846
357	ai	147051	183.0974	5.2627
358	tn	146831	182.8235	5.262
359	hæ	142436	177.3511	5.2488
360	dv	142207	177.066	5.2481
361	ml	137327	170.9898	5.233
362	jl	136157	169.533	5.2293
363	ju	135991	169.3263	5.2287
364	pø	135541	168.766	5.2273
365	nl	132189	164.5923	5.2164
366	rå	132049	164.418	5.2159
367	bt	131706	163.9909	5.2148
368	oo	130472	162.4544	5.2107
369	ou	127598	158.8759	5.2011
370	pt	126583	157.6121	5.1976
371	ib	126504	157.5137	5.1973
372	øm	126305	157.266	5.1966
373	åh	125539	156.3122	5.194
374	ms	121449	151.2196	5.1796
375	wa	119767	149.1253	5.1736
376	^y	116887	145.5393	5.163
377	hr	115437	143.7339	5.1576
378	gy	114967	143.1487	5.1558
379	up	114122	142.0966	5.1526
380	tl	113027	140.7331	5.1484
381	ae	111551	138.8953	5.1427
382	mb	111126	138.3662	5.141
383	vå	108309	134.8586	5.1299
384	sc	107829	134.261	5.1279
385	uf	107295	133.5961	5.1258
386	æv	105398	131.2341	5.118
387	my	103730	129.1572	5.1111
388	ub	103716	129.1398	5.1111
389	js	102828	128.0341	5.1073
390	ps	101789	126.7404	5.1029
391	nf	101580	126.4802	5.102
392	ow	100966	125.7157	5.0994
393	uc	100436	125.0557	5.0971
394	bb	99764	124.219	5.0942
395	lm	98984	123.2478	5.0908
396	yv	97863	121.852	5.0858
397	æm	97421	121.3017	5.0839
398	sj	97309	121.1622	5.0834
399	dg	96809	120.5397	5.0811
400	ec	96211	119.7951	5.0784
401	ei	95212	118.5512	5.0739
402	fj	93077	115.8928	5.0641
403	eo	91943	114.4809	5.0587
404	ah	91557	114.0002	5.0569
405	fs	89937	111.9831	5.0492
406	x$	89914	111.9545	5.049
407	oh	88972	110.7816	5.0445
408	vl	88688	110.428	5.0431
409	ii	88177	109.7917	5.0406
410	ex	87669	109.1592	5.0381
411	oc	86902	108.2042	5.0342
412	bn	86655	107.8966	5.033
413	nh	85662	106.6602	5.028
414	we	83959	104.5398	5.0193
415	tv	83355	103.7877	5.0161
416	hy	83125	103.5013	5.0149
417	wi	82702	102.9746	5.0127
418	dm	82585	102.8289	5.0121
419	w$	82184	102.3296	5.01
420	jn	82120	102.25	5.0097
421	lf	81937	102.0221	5.0087
422	ua	81350	101.2912	5.0056
423	jr	79879	99.4596	4.9976
424	sg	79201	98.6154	4.9939
425	vr	79117	98.5108	4.9935
426	nv	75594	94.1243	4.9737
427	æf	75429	93.9188	4.9728
428	ph	74168	92.3487	4.9654
429	ih	73815	91.9092	4.9634
430	vf	73051	90.9579	4.9588
431	aj	72753	90.5868	4.9571
432	df	71354	88.8449	4.9486
433	oi	70863	88.2335	4.9456
434	ym	70350	87.5948	4.9425
435	ø$	68092	84.7833	4.9283
436	db	66288	82.5371	4.9166
437	gæ	65252	81.2471	4.9098
438	'$	65056	81.0031	4.9085
439	sf	64885	80.7902	4.9074
440	ew	64240	79.9871	4.903
441	vt	63998	79.6857	4.9014
442	dh	63197	78.6884	4.8959
443	c$	61948	77.1332	4.8872
444	sb	61746	76.8817	4.8858
445	rp	61096	76.0724	4.8812
446	^é	60668	75.5395	4.8782
447	ui	60358	75.1535	4.8759
448	då	60132	74.8721	4.8743
449	bs	60046	74.765	4.8737
450	bå	58440	72.7653	4.8619
451	pæ	57723	71.8726	4.8566
452	åg	57377	71.4417	4.854
453	rc	56266	70.0584	4.8455
454	dk	55736	69.3985	4.8414
455	hn	55686	69.3362	4.841
456	cl	55030	68.5194	4.8358
457	eu	53659	66.8124	4.8249
458	gv	53615	66.7576	4.8245
459	sd	52796	65.7378	4.8178
460	ya	52587	65.4776	4.8161
461	jt	52135	64.9148	4.8123
462	^z	50597	62.9998	4.7993
463	dæ	50136	62.4258	4.7954
464	én	50019	62.2801	4.7943
465	vs	49110	61.1483	4.7864
466	cr	49092	61.1259	4.7862
467	e-	48955	60.9553	4.785
468	dé	48761	60.7137	4.7833
469	yo	48625	60.5444	4.7821
470	nb	47514	59.161	4.772
471	tf	47421	59.0452	4.7712
472	wo	46740	58.1973	4.7649
473	mk	46684	58.1276	4.7644
474	oy	46464	57.8537	4.7623
475	kj	45483	56.6322	4.7531
476	cc	45205	56.286	4.7504
477	oa	43736	54.4569	4.7361
478	pf	43701	54.4134	4.7357
479	a'	43534	54.2054	4.734
480	bæ	42979	53.5144	4.7285
481	's	42801	53.2927	4.7267
482	uh	42507	52.9267	4.7237
483	åt	41964	52.2506	4.7181
484	za	41503	51.6766	4.7133
485	ji	41307	51.4325	4.7112
486	nr	40947	50.9843	4.7074
487	z$	39894	49.6732	4.6961
488	-s	39580	49.2822	4.6927
489	cy	39133	48.7256	4.6878
490	yb	38517	47.9586	4.6809
491	iu	38369	47.7743	4.6792
492	lj	38205	47.5701	4.6773
493	ax	37937	47.2364	4.6743
494	jø	37379	46.5417	4.6678
495	vu	37336	46.4881	4.6673
496	qu	37281	46.4196	4.6667
497	yp	37200	46.3188	4.6658
498	é$	36564	45.5269	4.6583
499	cu	34915	43.4737	4.6382
500	fb	34419	42.8561	4.632
501	zo	33859	42.1588	4.6249
502	pg	33841	42.1364	4.6247
503	øk	33649	41.8973	4.6222
504	aw	33540	41.7616	4.6208
505	ln	33485	41.6931	4.6201
506	py	33195	41.332	4.6163
507	mf	33147	41.2723	4.6157
508	øf	32799	40.839	4.6111
509	dj	31797	39.5914	4.5976
510	pd	31551	39.2851	4.5942
511	tb	31394	39.0896	4.5921
512	'e	31283	38.9514	4.5905
513	æc	30973	38.5654	4.5862
514	sr	30919	38.4981	4.5854
515	tc	30863	38.4284	4.5847
516	az	30685	38.2068	4.5821
517	uv	30555	38.0449	4.5803
518	iz	29628	36.8907	4.5669
519	bj	29486	36.7139	4.5648
520	ht	29302	36.4848	4.5621
521	kå	29298	36.4798	4.5621
522	zi	28832	35.8995	4.5551
523	ct	28714	35.7526	4.5533
524	vø	28635	35.6543	4.5521
525	mh	28238	35.1599	4.546
526	mc	28083	34.9669	4.5437
527	nm	27457	34.1875	4.5339
528	wh	27197	33.8638	4.5297
529	øe	26634	33.1628	4.5207
530	lh	26370	32.834	4.5163
531	aa	26159	32.5713	4.5128
532	r-	25907	32.2575	4.5086
533	mg	25789	32.1106	4.5066
534	fg	25765	32.0807	4.5062
535	dp	25760	32.0745	4.5062
536	nj	25572	31.8404	4.503
537	s-	25474	31.7184	4.5013
538	mn	25445	31.6823	4.5008
539	ze	24145	30.0636	4.478
540	æ$	24099	30.0064	4.4772
541	n-	24096	30.0026	4.4772
542	tm	24022	29.9105	4.4758
543	iø	23641	29.4361	4.4689
544	xi	23579	29.3589	4.4677
545	yh	23389	29.1223	4.4642
546	-m	23342	29.0638	4.4634
547	rj	22899	28.5122	4.455
548	a-	22618	28.1623	4.4497
549	-f	22519	28.0391	4.4478
550	-t	22367	27.8498	4.4448
551	øt	22359	27.8398	4.4447
552	tk	22329	27.8025	4.4441
553	pk	22307	27.7751	4.4437
554	^q	22194	27.6344	4.4415
555	vh	21941	27.3194	4.4365
556	t-	21720	27.0442	4.4321
557	ér	21558	26.8425	4.4288
558	-k	21328	26.5561	4.4242
559	-b	21296	26.5163	4.4235
560	zz	21294	26.5138	4.4235
561	fh	20772	25.8638	4.4127
562	fd	20478	25.4977	4.4065
563	ét	20168	25.1118	4.3999
564	nz	19702	24.5315	4.3897
565	gm	19507	24.2887	4.3854
566	oj	19469	24.2414	4.3846
567	mv	18497	23.0311	4.3623
568	-a	18484	23.015	4.362
569	hm	18481	23.0112	4.3619
570	km	18362	22.8631	4.3591
571	-p	18157	22.6078	4.3543
572	ez	18046	22.4696	4.3516
573	wn	18001	22.4136	4.3505
574	i-	17944	22.3426	4.3491
575	dw	17790	22.1508	4.3454
576	-h	17725	22.0699	4.3438
577	s'	17603	21.918	4.3408
578	ix	17495	21.7835	4.3381
579	kh	17331	21.5793	4.334
580	-d	16989	21.1535	4.3254
581	øh	16971	21.1311	4.3249
582	pm	16964	21.1224	4.3247
583	xa	16881	21.019	4.3226
584	æe	16760	20.8684	4.3195
585	l-	16547	20.6031	4.3139
586	vm	16444	20.4749	4.3112
587	np	16377	20.3915	4.3094
588	ao	16170	20.1337	4.3039
589	o-	16070	20.0092	4.3012
590	d-	15641	19.4751	4.2895
591	tz	15628	19.4589	4.2891
592	fv	15288	19.0355	4.2796
593	ox	15255	18.9944	4.2786
594	^'	15192	18.916	4.2768
595	xe	14872	18.5176	4.2676
596	æp	14867	18.5113	4.2674
597	i'	14846	18.4852	4.2668
598	sw	14527	18.088	4.2574
599	tg	14448	17.9896	4.255
600	tp	14043	17.4853	4.2427
601	lr	13510	16.8217	4.2259
602	gb	13447	16.7432	4.2238
603	ws	13198	16.4332	4.2157
604	hl	13168	16.3959	4.2147
605	pn	12940	16.112	4.2071
606	lc	12885	16.0435	4.2053
607	gf	12746	15.8704	4.2006
608	æi	12080	15.0412	4.1773
609	-r	11878	14.7896	4.17
610	-l	11831	14.7311	4.1682
611	pb	11485	14.3003	4.1553
612	o'	11153	13.8869	4.1426
613	hh	11084	13.801	4.1399
614	jå	10682	13.3005	4.1239
615	xt	10653	13.2644	4.1227
616	tw	10573	13.1647	4.1194
617	g-	10502	13.0763	4.1165
618	oz	10487	13.0577	4.1159
619	-o	9931	12.3654	4.0922
620	k-	9740	12.1276	4.0838
621	^x	9655	12.0217	4.08
622	y-	9323	11.6083	4.0648
623	ux	9302	11.5822	4.0638
624	-e	9278	11.5523	4.0627
625	m-	9138	11.378	4.0561
626	n'	9132	11.3705	4.0558
627	uo	9130	11.368	4.0557
628	'r	9093	11.322	4.0539
629	åv	9002	11.2086	4.0496
630	hs	8926	11.114	4.0459
631	d'	8883	11.0605	4.0438
632	e'	8792	10.9472	4.0393
633	pj	8563	10.662	4.0278
634	gk	8468	10.5437	4.023
635	wl	8430	10.4964	4.021
636	fk	8293	10.3259	4.0139
637	-v	8043	10.0146	4.0006
638	v-	7882	9.8141	3.9919
639	uz	7874	9.8041	3.9914
640	ée	7675	9.5564	3.9803
641	-n	7663	9.5414	3.9796
642	uj	7657	9.5339	3.9793
643	wr	7619	9.4866	3.9771
644	yi	7584	9.4431	3.9751
645	åk	7512	9.3534	3.971
646	-g	7456	9.2837	3.9677
647	md	7439	9.2625	3.9667
648	r'	7423	9.2426	3.9658
649	pv	7418	9.2364	3.9655
650	ij	7272	9.0546	3.9569
651	td	7156	8.9101	3.9499
652	p-	6994	8.7084	3.9399
653	yu	6868	8.5515	3.932
654	h-	6848	8.5266	3.9308
655	gp	6788	8.4519	3.927
656	dc	6784	8.447	3.9267
657	yc	6764	8.422	3.9254
658	-i	6683	8.3212	3.9202
659	iy	6583	8.1967	3.9136
660	yw	6545	8.1494	3.9111
661	wy	6227	7.7534	3.8895
662	-c	6190	7.7073	3.8869
663	uu	6133	7.6364	3.8829
664	k'	6114	7.6127	3.8815
665	cg	6108	7.6052	3.8811
666	kb	6066	7.5529	3.8781
667	rw	5988	7.4558	3.8725
668	xx	5916	7.3662	3.8672
669	u'	5777	7.1931	3.8569
670	l'	5733	7.1383	3.8536
671	fp	5647	7.0312	3.847
672	cs	5625	7.0038	3.8453
673	øi	5537	6.8943	3.8385
674	-u	5514	6.8656	3.8367
675	bd	5473	6.8146	3.8334
676	hw	5407	6.7324	3.8282
677	yf	5380	6.6988	3.826
678	vv	5378	6.6963	3.8258
679	zy	5364	6.6789	3.8247
680	wb	5312	6.6141	3.8205
681	gw	5210	6.4871	3.8121
682	t'	5150	6.4124	3.807
683	jh	5096	6.3452	3.8024
684	cd	4935	6.1447	3.7885
685	zu	4839	6.0252	3.78
686	kp	4822	6.004	3.7784
687	y'	4812	5.9916	3.7775
688	-j	4792	5.9667	3.7757
689	kg	4786	5.9592	3.7752
690	xo	4765	5.933	3.7733
691	iæ	4699	5.8509	3.7672
692	cm	4674	5.8197	3.7649
693	fn	4547	5.6616	3.7529
694	'a	4546	5.6604	3.7528
695	u-	4373	5.4449	3.736
696	kf	4357	5.425	3.7344
697	ré	4240	5.2793	3.7226
698	vb	4238	5.2769	3.7224
699	uy	4126	5.1374	3.7107
700	sq	4122	5.1324	3.7103
700	vy	4122	5.1324	3.7103
701	kw	4029	5.0166	3.7004
702	'n	3958	4.9282	3.6927
703	jf	3905	4.8622	3.6868
704	hé	3894	4.8485	3.6856
705	té	3870	4.8186	3.6829
706	eæ	3866	4.8137	3.6825
706	fm	3866	4.8137	3.6825
707	eå	3732	4.6468	3.6672
708	rz	3642	4.5348	3.6566
709	nw	3633	4.5236	3.6555
710	't	3600	4.4825	3.6515
711	aq	3597	4.4787	3.6512
712	iq	3577	4.4538	3.6487
713	q$	3567	4.4414	3.6475
714	hb	3537	4.404	3.6438
715	wk	3506	4.3654	3.64
716	x-	3429	4.2695	3.6304
717	b-	3401	4.2347	3.6268
718	vk	3392	4.2235	3.6257
719	hd	3381	4.2098	3.6243
720	né	3318	4.1313	3.6161
721	f-	3295	4.1027	3.6131
722	æh	3244	4.0392	3.6063
723	'c	3201	3.9857	3.6005
724	c-	3152	3.9246	3.5938
725	eq	3090	3.8474	3.5852
726	wt	3064	3.8151	3.5815
727	mé	3018	3.7578	3.5749
728	pc	3016	3.7553	3.5746
729	kd	2998	3.7329	3.572
730	bm	2984	3.7155	3.57
731	vp	2958	3.6831	3.5662
732	'h	2937	3.6569	3.5631
733	vj	2916	3.6308	3.56
734	g'	2896	3.6059	3.557
735	'm	2874	3.5785	3.5537
736	cn	2867	3.5698	3.5526
737	åi	2864	3.566	3.5522
738	åf	2841	3.5374	3.5487
739	bh	2829	3.5225	3.5469
740	sz	2799	3.4851	3.5422
741	sé	2798	3.4839	3.5421
742	ÿÿ	2770	3.449	3.5377
743	lw	2746	3.4191	3.5339
744	wu	2721	3.388	3.5299
745	cq	2704	3.3668	3.5272
746	hk	2703	3.3656	3.5271
747	jk	2656	3.3071	3.5194
748	xc	2651	3.3008	3.5186
749	'u	2649	3.2983	3.5183
750	zh	2604	3.2423	3.5109
751	åm	2603	3.2411	3.5107
752	cæ	2567	3.1962	3.5046
753	-w	2555	3.1813	3.5026
754	eø	2539	3.1614	3.4999
755	j-	2519	3.1365	3.4964
756	'd	2489	3.0991	3.4912
757	åp	2406	2.9958	3.4765
758	xl	2355	2.9323	3.4672
759	vg	2338	2.9111	3.4641
760	v'	2325	2.8949	3.4616
761	xy	2323	2.8924	3.4613
762	rq	2316	2.8837	3.46
763	qa	2308	2.8738	3.4585
764	m'	2304	2.8688	3.4577
765	ä$	2291	2.8526	3.4552
766	yj	2246	2.7966	3.4466
767	lé	2222	2.7667	3.442
768	lz	2210	2.7517	3.4396
769	iå	2194	2.7318	3.4364
770	zl	2174	2.7069	3.4325
771	nx	2147	2.6733	3.427
772	fé	2135	2.6583	3.4246
773	cp	2134	2.6571	3.4244
774	ño	2101	2.616	3.4176
775	xp	2034	2.5326	3.4036
776	eñ	2027	2.5239	3.4021
777	^ν	1999	2.489	3.396
778	cb	1958	2.438	3.387
779	wm	1941	2.4168	3.3832
780	ör	1926	2.3981	3.3799
781	uw	1916	2.3857	3.3776
782	'l	1854	2.3085	3.3633
783	c'	1810	2.2537	3.3529
784	wd	1809	2.2524	3.3526
785	wc	1803	2.245	3.3512
786	mw	1795	2.235	3.3493
787	h'	1727	2.1503	3.3325
788	vé	1718	2.1391	3.3302
789	mj	1698	2.1142	3.3251
789	éa	1698	2.1142	3.3251
790	bc	1691	2.1055	3.3234
791	xf	1686	2.0993	3.3221
792	x'	1668	2.0769	3.3174
793	'b	1601	1.9935	3.2996
794	iw	1581	1.9685	3.2941
795	wf	1572	1.9573	3.2917
796	zr	1534	1.91	3.281
797	xu	1523	1.8963	3.2779
798	uæ	1471	1.8316	3.2628
799	-ø	1470	1.8303	3.2625
800	p'	1418	1.7656	3.2469
801	cv	1389	1.7295	3.2379
801	wg	1389	1.7295	3.2379
802	νe	1368	1.7033	3.2313
803	är	1367	1.7021	3.231
804	z-	1342	1.671	3.223
805	hf	1331	1.6573	3.2194
806	jp	1298	1.6162	3.2085
807	éo	1285	1.6	3.2041
808	æo	1250	1.5564	3.1921
809	-y	1227	1.5278	3.1841
809	jj	1227	1.5278	3.1841
809	ün	1227	1.5278	3.1841
810	hc	1206	1.5016	3.1766
811	á$	1175	1.463	3.1652
812	sä	1174	1.4618	3.1649
813	jb	1151	1.4331	3.1563
813	zt	1151	1.4331	3.1563
814	νi	1142	1.4219	3.1529
815	hg	1131	1.4082	3.1487
816	zm	1128	1.4045	3.1475
817	åå	1127	1.4033	3.1472
818	cf	1102	1.3721	3.1374
819	ón	1098	1.3672	3.1358
820	pé	1094	1.3622	3.1342
821	ké	1081	1.346	3.129
822	-z	1062	1.3223	3.1213
823	-å	1059	1.3186	3.1201
824	wj	1040	1.2949	3.1122
825	w-	1036	1.29	3.1106
826	gö	1031	1.2837	3.1085
827	mü	1025	1.2763	3.106
828	rö	1024	1.275	3.1055
829	z'	989	1.2314	3.0904
830	å-	979	1.219	3.086
831	zn	974	1.2128	3.0838
832	rx	973	1.2115	3.0833
833	uø	971	1.209	3.0824
834	ür	946	1.1779	3.0711
835	b'	944	1.1754	3.0702
836	ié	942	1.1729	3.0693
837	æu	929	1.1567	3.0632
838	-q	927	1.1542	3.0623
839	xs	924	1.1505	3.0609
840	à$	899	1.1194	3.049
841	hν	895	1.1144	3.047
842	xb	891	1.1094	3.0451
843	és	890	1.1082	3.0446
844	éd	888	1.1057	3.0436
845	'v	870	1.0833	3.0347
846	hp	862	1.0733	3.0307
847	zg	860	1.0708	3.0297
848	cé	852	1.0608	3.0256
848	zk	852	1.0608	3.0256
849	pä	850	1.0584	3.0246
850	dz	826	1.0285	3.0122
851	gé	817	1.0173	3.0074
851	zs	817	1.0173	3.0074
852	án	799	0.9949	2.9978
853	^è	793	0.9874	2.9945
854	fc	775	0.965	2.9845
855	uq	772	0.9612	2.9828
856	kc	762	0.9488	2.9772
857	-æ	759	0.9451	2.9755
858	gc	750	0.9338	2.9703
859	nq	739	0.9202	2.9639
860	j'	738	0.9189	2.9633
861	qi	735	0.9152	2.9615
862	bf	732	0.9114	2.9597
863	èn	730	0.9089	2.9585
864	'g	719	0.8952	2.9519
865	jö	710	0.884	2.9465
866	fü	709	0.8828	2.9459
866	νa	709	0.8828	2.9459
867	zb	703	0.8753	2.9422
868	f'	702	0.8741	2.9416
869	'o	694	0.8641	2.9366
870	yz	690	0.8591	2.934
871	jv	684	0.8517	2.9303
872	oq	681	0.8479	2.9283
873	'f	672	0.8367	2.9226
874	üh	671	0.8355	2.9219
875	ü$	670	0.8342	2.9213
876	fx	667	0.8305	2.9193
877	'i	657	0.818	2.9128
878	cz	650	0.8093	2.9081
879	eé	641	0.7981	2.9021
880	jä	635	0.7907	2.898
881	öm	633	0.7882	2.8966
882	zv	626	0.7795	2.8918
883	ña	618	0.7695	2.8862
884	él	613	0.7633	2.8827
885	øp	609	0.7583	2.8798
886	vc	608	0.757	2.8791
887	ém	604	0.7521	2.8763
888	zp	599	0.7458	2.8726
889	bé	596	0.7421	2.8705
890	mä	589	0.7334	2.8653
891	bk	582	0.7247	2.8602
892	æ-	581	0.7234	2.8594
893	åj	574	0.7147	2.8541
894	bw	571	0.711	2.8519
895	mz	569	0.7085	2.8503
896	ã$	565	0.7035	2.8473
897	rä	562	0.6998	2.845
898	ön	557	0.6935	2.841
899	èr	549	0.6836	2.8348
900	má	548	0.6823	2.834
901	rü	547	0.6811	2.8332
902	än	544	0.6773	2.8308
903	jy	543	0.6761	2.83
904	xh	542	0.6749	2.8292
905	w'	541	0.6736	2.8284
906	xm	536	0.6674	2.8244
907	éi	520	0.6475	2.8112
908	'k	517	0.6437	2.8087
908	tá	517	0.6437	2.8087
908	äl	517	0.6437	2.8087
909	ãr	509	0.6338	2.802
910	sö	508	0.6325	2.8011
911	ín	504	0.6275	2.7976
911	ø-	504	0.6275	2.7976
912	äg	503	0.6263	2.7968
913	bp	502	0.6251	2.7959
914	aé	498	0.6201	2.7925
914	dè	498	0.6201	2.7925
915	^ü	497	0.6188	2.7916
916	xv	496	0.6176	2.7907
917	ué	482	0.6002	2.7783
918	jm	478	0.5952	2.7747
919	wp	474	0.5902	2.771
920	øø	471	0.5865	2.7683
921	hä	470	0.5852	2.7673
922	ía	468	0.5827	2.7654
923	cø	461	0.574	2.7589
924	^ä	456	0.5678	2.7542
924	gä	456	0.5678	2.7542
925	νo	450	0.5603	2.7484
926	vä	445	0.5541	2.7436
927	pw	442	0.5503	2.7406
928	νæ	440	0.5479	2.7387
929	rè	437	0.5441	2.7357
930	yy	433	0.5391	2.7317
931	jc	430	0.5354	2.7287
932	å'	421	0.5242	2.7195
933	rí	419	0.5217	2.7174
933	ço	419	0.5217	2.7174
934	zd	415	0.5167	2.7132
935	hö	414	0.5155	2.7122
936	aν	410	0.5105	2.708
937	lä	409	0.5093	2.707
938	mó	407	0.5068	2.7048
939	cj	406	0.5055	2.7037
940	zw	402	0.5005	2.6994
941	nç	401	0.4993	2.6984
942	äs	397	0.4943	2.694
943	öd	396	0.4931	2.6929
944	zü	393	0.4893	2.6896
945	ææ	392	0.4881	2.6885
946	xw	391	0.4868	2.6874
947	í$	390	0.4856	2.6863
948	ár	388	0.4831	2.684
949	'j	386	0.4806	2.6818
950	ès	384	0.4781	2.6795
951	yæ	382	0.4756	2.6772
952	sã	374	0.4657	2.6681
952	äd	374	0.4657	2.6681
953	gü	371	0.4619	2.6645
954	ös	369	0.4595	2.6623
955	öt	364	0.4532	2.6563
956	fö	363	0.452	2.6551
957	â$	361	0.4495	2.6527
958	bg	355	0.442	2.6454
959	xr	353	0.4395	2.643
960	fä	352	0.4383	2.6418
960	iν	352	0.4383	2.6418
960	è$	352	0.4383	2.6418
961	qe	350	0.4358	2.6393
962	ww	344	0.4283	2.6317
963	qq	343	0.4271	2.6305
964	ás	340	0.4233	2.6266
965	-x	338	0.4209	2.6242
966	bv	337	0.4196	2.6228
967	iñ	333	0.4146	2.6176
968	jg	329	0.4096	2.6124
969	hz	328	0.4084	2.6111
969	mö	328	0.4084	2.6111
969	ór	328	0.4084	2.6111
970	äu	326	0.4059	2.6084
970	éé	326	0.4059	2.6084
971	^ö	323	0.4022	2.6044
972	nä	316	0.3935	2.5949
972	èv	316	0.3935	2.5949
973	sí	315	0.3922	2.5935
973	yx	315	0.3922	2.5935
974	tä	313	0.3897	2.5907
975	iè	311	0.3872	2.5879
976	åa	304	0.3785	2.5781
977	nè	299	0.3723	2.5709
978	là	295	0.3673	2.565
978	sá	295	0.3673	2.565
979	oé	292	0.3636	2.5606
979	æa	292	0.3636	2.5606
980	kö	290	0.3611	2.5576
981	^á	289	0.3598	2.5561
982	^ã	286	0.3561	2.5516
982	añ	286	0.3561	2.5516
983	xk	281	0.3499	2.5439
983	ö$	281	0.3499	2.5439
984	ró	279	0.3474	2.5408
985	lá	276	0.3437	2.5362
986	zc	274	0.3412	2.533
987	oν	272	0.3387	2.5298
988	pz	268	0.3337	2.5234
988	tí	268	0.3337	2.5234
989	gz	266	0.3312	2.5201
990	mx	264	0.3287	2.5168
991	øa	263	0.3275	2.5152
992	cw	257	0.32	2.5051
993	dí	255	0.3175	2.5017
994	^à	254	0.3163	2.5001
995	lí	251	0.3125	2.4949
995	ν$	251	0.3125	2.4949
996	px	250	0.3113	2.4932
996	ós	250	0.3113	2.4932
997	üs	243	0.3026	2.4809
998	üg	238	0.2963	2.4717
999	q-	237	0.2951	2.47
1000	zf	236	0.2939	2.4682
1001	èt	235	0.2926	2.4663
1002	kz	233	0.2901	2.4625
1002	ál	233	0.2901	2.4625
1003	xg	232	0.2889	2.4607
1003	zé	232	0.2889	2.4607
1004	pá	231	0.2876	2.4588
1005	ió	230	0.2864	2.457
1006	fw	228	0.2839	2.4532
1007	ül	225	0.2802	2.4475
1008	öl	224	0.2789	2.4454
1009	xd	222	0.2764	2.4415
1010	nü	218	0.2714	2.4336
1010	ég	218	0.2714	2.4336
1011	lö	215	0.2677	2.4276
1012	'p	214	0.2665	2.4257
1012	^ì	214	0.2665	2.4257
1012	åø	214	0.2665	2.4257
1013	dü	213	0.2652	2.4236
1014	tx	211	0.2627	2.4195
1015	øu	210	0.2615	2.4175
1016	dö	206	0.2565	2.4091
1016	éj	206	0.2565	2.4091
1017	rá	205	0.2553	2.4071
1018	ló	203	0.2528	2.4028
1019	ão	201	0.2503	2.3985
1019	ǻ$	201	0.2503	2.3985
1020	há	200	0.249	2.3962
1021	åz	198	0.2465	2.3918
1022	е$	193	0.2403	2.3808
1023	é-	192	0.2391	2.3786
1024	vá	191	0.2378	2.3762
1025	lq	189	0.2353	2.3716
1026	åo	188	0.2341	2.3694
1027	^â	186	0.2316	2.3647
1027	éc	186	0.2316	2.3647
1028	ãh	184	0.2291	2.36
1028	ög	184	0.2291	2.36
1029	ñe	180	0.2241	2.3504
1030	év	178	0.2216	2.3456
1031	éb	176	0.2191	2.3406
1032	sν	174	0.2167	2.3359
1033	oë	173	0.2154	2.3332
1034	oæ	171	0.2129	2.3282
1034	oñ	171	0.2129	2.3282
1034	pã	171	0.2129	2.3282
1035	eν	169	0.2104	2.323
1035	ât	169	0.2104	2.323
1036	hâ	167	0.2079	2.3179
1037	bz	164	0.2042	2.3101
1037	ám	164	0.2042	2.3101
1038	ír	163	0.203	2.3075
1039	ë$	162	0.2017	2.3047
1040	aæ	161	0.2005	2.3021
1041	fó	160	0.1992	2.2993
1042	kä	159	0.198	2.2967
1042	ná	159	0.198	2.2967
1043	qb	156	0.1942	2.2882
1044	gã	155	0.193	2.2856
1045	ät	152	0.1893	2.2772
1045	óm	152	0.1893	2.2772
1046	dq	151	0.188	2.2742
1046	ãn	151	0.188	2.2742
1047	üe	149	0.1855	2.2683
1048	öz	148	0.1843	2.2655
1049	mí	147	0.183	2.2625
1049	q'	147	0.183	2.2625
1049	ún	147	0.183	2.2625
1050	jw	145	0.1805	2.2565
1050	lè	145	0.1805	2.2565
1050	oø	145	0.1805	2.2565
1051	xn	144	0.1793	2.2536
1052	^η	142	0.1768	2.2475
1053	uí	140	0.1743	2.2413
1053	ûl	140	0.1743	2.2413
1054	äh	139	0.1731	2.2383
1055	oå	138	0.1718	2.235
1055	vw	138	0.1718	2.235
1056	bö	137	0.1706	2.232
1056	lü	137	0.1706	2.232
1056	uå	137	0.1706	2.232
1057	èm	136	0.1693	2.2287
1058	aø	135	0.1681	2.2256
1058	sü	135	0.1681	2.2256
1058	vx	135	0.1681	2.2256
1059	cá	134	0.1668	2.2222
1059	wz	134	0.1668	2.2222
1059	øo	134	0.1668	2.2222
1060	øy	133	0.1656	2.2191
1061	qo	132	0.1644	2.2159
1062	jü	131	0.1631	2.2125
1063	pâ	130	0.1619	2.2092
1063	äe	130	0.1619	2.2092
1063	íg	130	0.1619	2.2092
1064	lν	128	0.1594	2.2025
1064	tã	128	0.1594	2.2025
1065	ø'	126	0.1569	2.1956
1066	mã	125	0.1556	2.192
1066	qw	125	0.1556	2.192
1066	ís	125	0.1556	2.192
1067	bä	124	0.1544	2.1886
1068	gq	123	0.1532	2.1853
1068	jà	123	0.1532	2.1853
1069	zj	122	0.1519	2.1816
1069	ép	122	0.1519	2.1816
1069	éø	122	0.1519	2.1816
1070	âr	121	0.1507	2.1781
1071	qs	120	0.1494	2.1744
1071	sâ	120	0.1494	2.1744
1072	íd	117	0.1457	2.1635
1073	dû	116	0.1444	2.1596
1074	tè	115	0.1432	2.1559
1074	uá	115	0.1432	2.1559
1075	ád	114	0.1419	2.152
1076	æ'	113	0.1407	2.1483
1077	cí	112	0.1395	2.1446
1077	ãd	112	0.1395	2.1446
1077	ús	112	0.1395	2.1446
1078	qr	111	0.1382	2.1405
1078	öv	111	0.1382	2.1405
1079	dã	110	0.137	2.1367
1079	äp	110	0.137	2.1367
1080	jó	109	0.1357	2.1326
1080	èl	109	0.1357	2.1326
1081	åu	108	0.1345	2.1287
1082	æj	107	0.1332	2.1245
1083	vã	106	0.132	2.1206
1083	äf	106	0.132	2.1206
1083	ék	106	0.132	2.1206
1083	ú$	106	0.132	2.1206
1084	aí	105	0.1307	2.1163
1084	uñ	105	0.1307	2.1163
1084	äk	105	0.1307	2.1163
1084	а$	105	0.1307	2.1163
1085	fã	104	0.1295	2.1123
1085	gá	104	0.1295	2.1123
1085	lx	104	0.1295	2.1123
1085	äb	104	0.1295	2.1123
1085	üd	104	0.1295	2.1123
1086	êt	103	0.1282	2.1079
1087	gû	102	0.127	2.1038
1087	νn	102	0.127	2.1038
1088	rã	101	0.1258	2.0997
1089	äc	100	0.1245	2.0952
1089	éu	100	0.1245	2.0952
1089	öh	100	0.1245	2.0952
1090	^í	99	0.1233	2.091
1090	aï	99	0.1233	2.091
1090	bã	99	0.1233	2.091
1090	qy	99	0.1233	2.091
1090	ãl	99	0.1233	2.091
1091	mq	98	0.122	2.0864
1091	øν	98	0.122	2.0864
1092	pü	97	0.1208	2.0821
1092	ío	97	0.1208	2.0821
1093	cx	96	0.1195	2.0774
1093	wq	96	0.1195	2.0774
1093	œr	96	0.1195	2.0774
1094	'y	95	0.1183	2.073
1095	tó	94	0.117	2.0682
1095	zó	94	0.117	2.0682
1095	öb	94	0.117	2.0682
1096	ça	93	0.1158	2.0637
1097	rê	92	0.1146	2.0592
1097	üb	92	0.1146	2.0592
1098	^º	91	0.1133	2.0542
1098	zq	91	0.1133	2.0542
1098	œ$	91	0.1133	2.0542
1099	íl	90	0.1121	2.0496
1100	jé	89	0.1108	2.0445
1100	mè	89	0.1108	2.0445
1100	vœ	89	0.1108	2.0445
1100	éf	89	0.1108	2.0445
1101	^β	86	0.1071	2.0298
1101	éy	86	0.1071	2.0298
1101	óp	86	0.1071	2.0298
1101	ôm	86	0.1071	2.0298
1102	'å	85	0.1058	2.0245
1102	fá	85	0.1058	2.0245
1103	dx	84	0.1046	2.0195
1103	iá	84	0.1046	2.0195
1103	nã	84	0.1046	2.0195
1103	ì$	84	0.1046	2.0195
1104	^μ	83	0.1033	2.0141
1104	rô	83	0.1033	2.0141
1104	ví	83	0.1033	2.0141
1105	^ô	82	0.1021	2.009
1105	dó	82	0.1021	2.009
1105	ûr	82	0.1021	2.009
1106	hq	81	0.1009	2.0039
1106	lі	81	0.1009	2.0039
1106	ìe	81	0.1009	2.0039
1106	аr	81	0.1009	2.0039
1107	có	80	0.0996	1.9983
1107	dä	80	0.0996	1.9983
1107	eó	80	0.0996	1.9983
1107	gó	80	0.0996	1.9983
1107	öx	80	0.0996	1.9983
1108	hx	79	0.0984	1.993
1108	ím	79	0.0984	1.993
1109	gx	78	0.0971	1.9872
1109	sà	78	0.0971	1.9872
1110	'z	77	0.0959	1.9818
1110	tü	77	0.0959	1.9818
1110	át	77	0.0959	1.9818
1111	aë	76	0.0946	1.9759
1111	º$	76	0.0946	1.9759
1111	àr	76	0.0946	1.9759
1111	ôi	76	0.0946	1.9759
1112	hã	75	0.0934	1.9703
1112	sǻ	75	0.0934	1.9703
1112	äm	75	0.0934	1.9703
1112	ël	75	0.0934	1.9703
1113	^ε	74	0.0921	1.9643
1113	mà	74	0.0921	1.9643
1113	qh	74	0.0921	1.9643
1113	sú	74	0.0921	1.9643
1113	â'	74	0.0921	1.9643
1114	üt	71	0.0884	1.9465
1114	νd	71	0.0884	1.9465
1115	fz	70	0.0872	1.9405
1115	ηv	70	0.0872	1.9405
1116	^τ	69	0.0859	1.934
1116	hü	69	0.0859	1.934
1116	öp	69	0.0859	1.934
1116	βе	69	0.0859	1.934
1117	bx	68	0.0847	1.9279
1117	èe	68	0.0847	1.9279
1118	lã	67	0.0834	1.9212
1118	áb	67	0.0834	1.9212
1118	ök	67	0.0834	1.9212
1119	mâ	66	0.0822	1.9149
1119	pà	66	0.0822	1.9149
1119	еl	66	0.0822	1.9149
1120	qt	65	0.0809	1.9079
1120	еn	65	0.0809	1.9079
1121	gâ	64	0.0797	1.9015
1121	rе	64	0.0797	1.9015
1121	ĺ$	64	0.0797	1.9015
1122	^α	63	0.0784	1.8943
1122	lа	63	0.0784	1.8943
1122	mĺ	63	0.0784	1.8943
1122	pö	63	0.0784	1.8943
1123	cú	62	0.0772	1.8876
1123	ìa	62	0.0772	1.8876
1124	dú	61	0.076	1.8808
1124	ní	61	0.076	1.8808
1124	sœ	61	0.076	1.8808
1124	yé	61	0.076	1.8808
1124	ên	61	0.076	1.8808
1124	ík	61	0.076	1.8808
1125	^с	60	0.0747	1.8733
1125	gí	60	0.0747	1.8733
1125	lе	60	0.0747	1.8733
1125	íf	60	0.0747	1.8733
1125	î$	60	0.0747	1.8733
1125	ó$	60	0.0747	1.8733
1125	öj	60	0.0747	1.8733
1126	aî	59	0.0735	1.8663
1126	sx	59	0.0735	1.8663
1126	ãs	59	0.0735	1.8663
1127	'w	58	0.0722	1.8585
1127	nö	58	0.0722	1.8585
1127	pǻ	58	0.0722	1.8585
1127	qv	58	0.0722	1.8585
1127	éz	58	0.0722	1.8585
1127	ôt	58	0.0722	1.8585
1127	öf	58	0.0722	1.8585
1128	bq	57	0.071	1.8513
1128	üc	57	0.071	1.8513
1128	ја	57	0.071	1.8513
1129	hè	56	0.0697	1.8432
1129	mе	56	0.0697	1.8432
1129	oã	56	0.0697	1.8432
1130	tà	55	0.0685	1.8357
1130	tö	55	0.0685	1.8357
1130	tú	55	0.0685	1.8357
1130	wv	55	0.0685	1.8357
1131	ûm	54	0.0672	1.8274
1132	bü	53	0.066	1.8195
1132	kν	53	0.066	1.8195
1132	ãb	53	0.066	1.8195
1132	ît	53	0.066	1.8195
1133	aå	52	0.0647	1.8109
1133	ße	52	0.0647	1.8109
1133	ês	52	0.0647	1.8109
1133	ûn	52	0.0647	1.8109
1134	qn	51	0.0635	1.8028
1134	àn	51	0.0635	1.8028
1134	äv	51	0.0635	1.8028
1135	^ê	50	0.0623	1.7945
1135	fâ	50	0.0623	1.7945
1135	nà	50	0.0623	1.7945
1135	rú	50	0.0623	1.7945
1135	xj	50	0.0623	1.7945
1135	ãg	50	0.0623	1.7945
1136	dá	49	0.061	1.7853
1136	mǻ	49	0.061	1.7853
1136	pó	49	0.061	1.7853
1136	sè	49	0.061	1.7853
1136	øæ	49	0.061	1.7853
1136	ηa	49	0.061	1.7853
1137	^ј	48	0.0598	1.7767
1137	já	48	0.0598	1.7767
1137	nõ	48	0.0598	1.7767
1137	õr	48	0.0598	1.7767
1137	еѕ	48	0.0598	1.7767
1138	^т	47	0.0585	1.7672
1138	sû	47	0.0585	1.7672
1138	ǻr	47	0.0585	1.7672
1139	^ó	46	0.0573	1.7582
1139	bá	46	0.0573	1.7582
1139	cô	46	0.0573	1.7582
1139	nе	46	0.0573	1.7582
1139	sî	46	0.0573	1.7582
1139	só	46	0.0573	1.7582
1139	të	46	0.0573	1.7582
1139	ìi	46	0.0573	1.7582
1139	în	46	0.0573	1.7582
1139	ее	46	0.0573	1.7582
1140	nó	45	0.056	1.7482
1140	zx	45	0.056	1.7482
1140	ân	45	0.056	1.7482
1140	èo	45	0.056	1.7482
1141	^ç	44	0.0548	1.7388
1141	ái	44	0.0548	1.7388
1141	ív	44	0.0548	1.7388
1142	dì	43	0.0535	1.7284
1142	nú	43	0.0535	1.7284
1142	râ	43	0.0535	1.7284
1142	vz	43	0.0535	1.7284
1142	ò$	43	0.0535	1.7284
1142	ù$	43	0.0535	1.7284
1143	kã	42	0.0523	1.7185
1143	lê	42	0.0523	1.7185
1143	rû	42	0.0523	1.7185
1143	ën	42	0.0523	1.7185
1143	ѕ$	42	0.0523	1.7185
1143	іn	42	0.0523	1.7185
1144	gè	41	0.0511	1.7084
1144	hó	41	0.0511	1.7084
1144	rç	41	0.0511	1.7084
1144	áe	41	0.0511	1.7084
1145	fí	40	0.0498	1.6972
1145	hí	40	0.0498	1.6972
1145	kx	40	0.0498	1.6972
1145	tê	40	0.0498	1.6972
1145	zá	40	0.0498	1.6972
1145	ïs	40	0.0498	1.6972
1146	'â	39	0.0486	1.6866
1146	gǻ	39	0.0486	1.6866
1146	rі	39	0.0486	1.6866
1146	ył	39	0.0486	1.6866
1146	áh	39	0.0486	1.6866
1146	êr	39	0.0486	1.6866
1146	ła	39	0.0486	1.6866
1146	са	39	0.0486	1.6866
1146	ѕm	39	0.0486	1.6866
1146	іѕ	39	0.0486	1.6866
1147	^î	38	0.0473	1.6749
1147	ól	38	0.0473	1.6749
1148	-é	37	0.0461	1.6637
1148	fè	37	0.0461	1.6637
1148	ãt	37	0.0461	1.6637
1148	ãv	37	0.0461	1.6637
1148	œn	37	0.0461	1.6637
1149	nа	36	0.0448	1.6513
1149	ql	36	0.0448	1.6513
1149	âh	36	0.0448	1.6513
1149	ää	36	0.0448	1.6513
1149	αl	36	0.0448	1.6513
1150	iß	35	0.0436	1.6395
1150	ký	35	0.0436	1.6395
1150	wx	35	0.0436	1.6395
1150	yø	35	0.0436	1.6395
1150	åc	35	0.0436	1.6395
1150	éh	35	0.0436	1.6395
1150	ê$	35	0.0436	1.6395
1150	ńs	35	0.0436	1.6395
1151	bè	34	0.0423	1.6263
1151	gà	34	0.0423	1.6263
1151	hô	34	0.0423	1.6263
1151	lô	34	0.0423	1.6263
1151	qc	34	0.0423	1.6263
1151	ª$	34	0.0423	1.6263
1151	ób	34	0.0423	1.6263
1151	ô$	34	0.0423	1.6263
1151	ôn	34	0.0423	1.6263
1151	řr	34	0.0423	1.6263
1151	μe	34	0.0423	1.6263
1152	iń	33	0.0411	1.6138
1152	yq	33	0.0411	1.6138
1152	úm	33	0.0411	1.6138
1152	аn	33	0.0411	1.6138
1152	ѕl	33	0.0411	1.6138
1153	aú	32	0.0398	1.5999
1153	áp	32	0.0398	1.5999
1153	еt	32	0.0398	1.5999
1154	lú	31	0.0386	1.5866
1154	nû	31	0.0386	1.5866
1154	tœ	31	0.0386	1.5866
1154	wä	31	0.0386	1.5866
1154	yå	31	0.0386	1.5866
1154	à-	31	0.0386	1.5866
1154	âs	31	0.0386	1.5866
1154	êp	31	0.0386	1.5866
1154	úa	31	0.0386	1.5866
1155	bú	30	0.0374	1.5729
1155	jz	30	0.0374	1.5729
1155	pœ	30	0.0374	1.5729
1155	wø	30	0.0374	1.5729
1155	øc	30	0.0374	1.5729
1156	^ñ	29	0.0361	1.5575
1156	jã	29	0.0361	1.5575
1156	ës	29	0.0361	1.5575
1156	íb	29	0.0361	1.5575
1156	úl	29	0.0361	1.5575
1156	œk	29	0.0361	1.5575
1156	œl	29	0.0361	1.5575
1157	iú	28	0.0349	1.5428
1157	mì	28	0.0349	1.5428
1157	èi	28	0.0349	1.5428
1157	öc	28	0.0349	1.5428
1158	aš	27	0.0336	1.5263
1158	kе	27	0.0336	1.5263
1158	rо	27	0.0336	1.5263
1158	ág	27	0.0336	1.5263
1158	áv	27	0.0336	1.5263
1158	ãk	27	0.0336	1.5263
1158	æø	27	0.0336	1.5263
1158	ìn	27	0.0336	1.5263
1158	ïl	27	0.0336	1.5263
1158	ów	27	0.0336	1.5263
1158	ас	27	0.0336	1.5263
1158	еr	27	0.0336	1.5263
1158	ме	27	0.0336	1.5263
1158	со	27	0.0336	1.5263
1158	іе	27	0.0336	1.5263
1159	sе	26	0.0324	1.5105
1159	vö	26	0.0324	1.5105
1159	æν	26	0.0324	1.5105
1160	'é	25	0.0311	1.4928
1160	aç	25	0.0311	1.4928
1160	kó	25	0.0311	1.4928
1160	mœ	25	0.0311	1.4928
1160	qd	25	0.0311	1.4928
1160	âd	25	0.0311	1.4928
1160	í-	25	0.0311	1.4928
1160	εd	25	0.0311	1.4928
1160	се	25	0.0311	1.4928
1160	тo	25	0.0311	1.4928
1161	^ª	24	0.0299	1.4757
1161	gô	24	0.0299	1.4757
1161	tâ	24	0.0299	1.4757
1161	uê	24	0.0299	1.4757
1161	wа	24	0.0299	1.4757
1161	âc	24	0.0299	1.4757
1161	ãe	24	0.0299	1.4757
1161	äa	24	0.0299	1.4757
1161	èc	24	0.0299	1.4757
1161	ôk	24	0.0299	1.4757
1161	þi	24	0.0299	1.4757
1161	œb	24	0.0299	1.4757
1161	оb	24	0.0299	1.4757
1161	іс	24	0.0299	1.4757
1162	dî	23	0.0286	1.4564
1162	eä	23	0.0286	1.4564
1162	fǻ	23	0.0286	1.4564
1162	gř	23	0.0286	1.4564
1162	ká	23	0.0286	1.4564
1162	pq	23	0.0286	1.4564
1162	pí	23	0.0286	1.4564
1162	é'	23	0.0286	1.4564
1162	êv	23	0.0286	1.4564
1162	ìg	23	0.0286	1.4564
1162	íc	23	0.0286	1.4564
1162	ñn	23	0.0286	1.4564
1162	ót	23	0.0286	1.4564
1162	ša	23	0.0286	1.4564
1162	νl	23	0.0286	1.4564
1163	dê	22	0.0274	1.4378
1163	dν	22	0.0274	1.4378
1163	eá	22	0.0274	1.4378
1163	fà	22	0.0274	1.4378
1163	nâ	22	0.0274	1.4378
1163	và	22	0.0274	1.4378
1163	vе	22	0.0274	1.4378
1163	âb	22	0.0274	1.4378
1163	âl	22	0.0274	1.4378
1163	ët	22	0.0274	1.4378
1163	ïd	22	0.0274	1.4378
1163	öw	22	0.0274	1.4378
1163	̀̀	22	0.0274	1.4378
1163	тa	22	0.0274	1.4378
1164	'q	21	0.0261	1.4166
1164	^ι	21	0.0261	1.4166
1164	rà	21	0.0261	1.4166
1164	tν	21	0.0261	1.4166
1164	ác	21	0.0261	1.4166
1164	š$	21	0.0261	1.4166
1164	ιr	21	0.0261	1.4166
1164	о$	21	0.0261	1.4166
1164	сh	21	0.0261	1.4166
1165	hà	20	0.0249	1.3962
1165	iã	20	0.0249	1.3962
1165	iö	20	0.0249	1.3962
1165	kq	20	0.0249	1.3962
1165	mò	20	0.0249	1.3962
1165	nœ	20	0.0249	1.3962
1165	tò	20	0.0249	1.3962
1165	èa	20	0.0249	1.3962
1165	ít	20	0.0249	1.3962
1165	оn	20	0.0249	1.3962
1166	hе	19	0.0237	1.3747
1166	jq	19	0.0237	1.3747
1166	où	19	0.0237	1.3747
1166	tǻ	19	0.0237	1.3747
1166	wö	19	0.0237	1.3747
1166	wü	19	0.0237	1.3747
1166	às	19	0.0237	1.3747
1166	ák	19	0.0237	1.3747
1166	øw	19	0.0237	1.3747
1166	øz	19	0.0237	1.3747
1166	üi	19	0.0237	1.3747
1166	ý$	19	0.0237	1.3747
1166	εr	19	0.0237	1.3747
1167	-à	18	0.0224	1.3502
1167	lâ	18	0.0224	1.3502
1167	pè	18	0.0224	1.3502
1167	tì	18	0.0224	1.3502
1167	zú	18	0.0224	1.3502
1167	ãc	18	0.0224	1.3502
1167	ãj	18	0.0224	1.3502
1167	íe	18	0.0224	1.3502
1167	αr	18	0.0224	1.3502
1168	^в	17	0.0212	1.3263
1168	aè	17	0.0212	1.3263
1168	cã	17	0.0212	1.3263
1168	eè	17	0.0212	1.3263
1168	fê	17	0.0212	1.3263
1168	kí	17	0.0212	1.3263
1168	mê	17	0.0212	1.3263
1168	në	17	0.0212	1.3263
1168	qz	17	0.0212	1.3263
1168	sì	17	0.0212	1.3263
1168	tq	17	0.0212	1.3263
1168	uè	17	0.0212	1.3263
1168	vè	17	0.0212	1.3263
1168	yè	17	0.0212	1.3263
1168	áj	17	0.0212	1.3263
1168	úp	17	0.0212	1.3263
1168	œs	17	0.0212	1.3263
1169	^ë	16	0.0199	1.2989
1169	fœ	16	0.0199	1.2989
1169	hǻ	16	0.0199	1.2989
1169	lì	16	0.0199	1.2989
1169	lò	16	0.0199	1.2989
1169	nν	16	0.0199	1.2989
1169	èg	16	0.0199	1.2989
1169	íi	16	0.0199	1.2989
1169	še	16	0.0199	1.2989
1169	ǻb	16	0.0199	1.2989
1169	νf	16	0.0199	1.2989
1169	ве	16	0.0199	1.2989
1169	тh	16	0.0199	1.2989
1170	'ѕ	15	0.0187	1.2718
1170	^œ	15	0.0187	1.2718
1170	hа	15	0.0187	1.2718
1170	iš	15	0.0187	1.2718
1170	qj	15	0.0187	1.2718
1170	uт	15	0.0187	1.2718
1170	vâ	15	0.0187	1.2718
1170	àb	15	0.0187	1.2718
1170	âe	15	0.0187	1.2718
1170	ãm	15	0.0187	1.2718
1170	äi	15	0.0187	1.2718
1170	åæ	15	0.0187	1.2718
1170	êl	15	0.0187	1.2718
1170	êm	15	0.0187	1.2718
1170	ër	15	0.0187	1.2718
1170	ýs	15	0.0187	1.2718
1170	εm	15	0.0187	1.2718
1170	τa	15	0.0187	1.2718
1170	τi	15	0.0187	1.2718
1170	τr	15	0.0187	1.2718
1171	^ﬂ	14	0.0174	1.2405
1171	eí	14	0.0174	1.2405
1171	oï	14	0.0174	1.2405
1171	pê	14	0.0174	1.2405
1171	tе	14	0.0174	1.2405
1171	vê	14	0.0174	1.2405
1171	vý	14	0.0174	1.2405
1171	ºc	14	0.0174	1.2405
1171	áz	14	0.0174	1.2405
1171	êq	14	0.0174	1.2405
1171	íj	14	0.0174	1.2405
1171	îl	14	0.0174	1.2405
1171	òr	14	0.0174	1.2405
1171	œd	14	0.0174	1.2405
1171	μa	14	0.0174	1.2405
1171	νh	14	0.0174	1.2405
1171	еs	14	0.0174	1.2405
1171	ем	14	0.0174	1.2405
1172	^š	13	0.0162	1.2095
1172	^ﬁ	13	0.0162	1.2095
1172	aü	13	0.0162	1.2095
1172	bí	13	0.0162	1.2095
1172	nř	13	0.0162	1.2095
1172	rë	13	0.0162	1.2095
1172	wå	13	0.0162	1.2095
1172	úd	13	0.0162	1.2095
1172	ût	13	0.0162	1.2095
1172	řd	13	0.0162	1.2095
1172	ǻe	13	0.0162	1.2095
1172	νg	13	0.0162	1.2095
1172	ет	13	0.0162	1.2095
1173	'ø	12	0.0149	1.1732
1173	^ο	12	0.0149	1.1732
1173	bê	12	0.0149	1.1732
1173	cè	12	0.0149	1.1732
1173	fq	12	0.0149	1.1732
1173	hú	12	0.0149	1.1732
1173	kу	12	0.0149	1.1732
1173	lœ	12	0.0149	1.1732
1173	mі	12	0.0149	1.1732
1173	nê	12	0.0149	1.1732
1173	oí	12	0.0149	1.1732
1173	oû	12	0.0149	1.1732
1173	uѕ	12	0.0149	1.1732
1173	áa	12	0.0149	1.1732
1173	ï$	12	0.0149	1.1732
1173	ïc	12	0.0149	1.1732
1173	ôr	12	0.0149	1.1732
1173	út	12	0.0149	1.1732
1173	οk	12	0.0149	1.1732
1173	τo	12	0.0149	1.1732
1173	аg	12	0.0149	1.1732
1173	аk	12	0.0149	1.1732
1173	уt	12	0.0149	1.1732
1173	ѕt	12	0.0149	1.1732
1174	^ǻ	11	0.0137	1.1367
1174	gν	11	0.0137	1.1367
1174	iç	11	0.0137	1.1367
1174	rœ	11	0.0137	1.1367
1174	vî	11	0.0137	1.1367
1174	àd	11	0.0137	1.1367
1174	ìo	11	0.0137	1.1367
1174	úc	11	0.0137	1.1367
1174	úr	11	0.0137	1.1367
1174	ǻd	11	0.0137	1.1367
1174	εl	11	0.0137	1.1367
1174	μi	11	0.0137	1.1367
1174	νå	11	0.0137	1.1367
1175	''	10	0.0125	1.0969
1175	'è	10	0.0125	1.0969
1175	^м	10	0.0125	1.0969
1175	dâ	10	0.0125	1.0969
1175	eò	10	0.0125	1.0969
1175	eš	10	0.0125	1.0969
1175	gœ	10	0.0125	1.0969
1175	jœ	10	0.0125	1.0969
1175	kü	10	0.0125	1.0969
1175	rì	10	0.0125	1.0969
1175	uâ	10	0.0125	1.0969
1175	âª	10	0.0125	1.0969
1175	äx	10	0.0125	1.0969
1175	åw	10	0.0125	1.0969
1175	èu	10	0.0125	1.0969
1175	éx	10	0.0125	1.0969
1175	ói	10	0.0125	1.0969
1175	óz	10	0.0125	1.0969
1175	νr	10	0.0125	1.0969
1176	^ï	9	0.0112	1.0492
1176	^а	9	0.0112	1.0492
1176	bе	9	0.0112	1.0492
1176	cê	9	0.0112	1.0492
1176	dž	9	0.0112	1.0492
1176	dі	9	0.0112	1.0492
1176	gа	9	0.0112	1.0492
1176	iä	9	0.0112	1.0492
1176	kа	9	0.0112	1.0492
1176	nѕ	9	0.0112	1.0492
1176	nј	9	0.0112	1.0492
1176	pú	9	0.0112	1.0492
1176	rа	9	0.0112	1.0492
1176	sù	9	0.0112	1.0492
1176	tô	9	0.0112	1.0492
1176	yν	9	0.0112	1.0492
1176	zа	9	0.0112	1.0492
1176	áx	9	0.0112	1.0492
1176	âi	9	0.0112	1.0492
1176	åy	9	0.0112	1.0492
1176	çã	9	0.0112	1.0492
1176	ë-	9	0.0112	1.0492
1176	ñu	9	0.0112	1.0492
1176	òo	9	0.0112	1.0492
1176	ûi	9	0.0112	1.0492
1176	ćl	9	0.0112	1.0492
1176	ĺr	9	0.0112	1.0492
1176	εn	9	0.0112	1.0492
1176	με	9	0.0112	1.0492
1176	νе	9	0.0112	1.0492
1176	аf	9	0.0112	1.0492
1176	аh	9	0.0112	1.0492
1176	аm	9	0.0112	1.0492
1176	аy	9	0.0112	1.0492
1176	е'	9	0.0112	1.0492
1176	еа	9	0.0112	1.0492
1176	ес	9	0.0112	1.0492
1176	ор	9	0.0112	1.0492
1176	оѕ	9	0.0112	1.0492
1176	сu	9	0.0112	1.0492
1176	та	9	0.0112	1.0492
1176	ѕѕ	9	0.0112	1.0492
1176	іо	9	0.0112	1.0492
1176	ﬁn	9	0.0112	1.0492
1177	aþ	8	0.01	1.0
1177	fô	8	0.01	1.0
1177	hœ	8	0.01	1.0
1177	ií	8	0.01	1.0
1177	iþ	8	0.01	1.0
1177	kœ	8	0.01	1.0
1177	lî	8	0.01	1.0
1177	lв	8	0.01	1.0
1177	mú	8	0.01	1.0
1177	oè	8	0.01	1.0
1177	qp	8	0.01	1.0
1177	sê	8	0.01	1.0
1177	tм	8	0.01	1.0
1177	wæ	8	0.01	1.0
1177	yú	8	0.01	1.0
1177	zø	8	0.01	1.0
1177	àl	8	0.01	1.0
1177	àm	8	0.01	1.0
1177	ãf	8	0.01	1.0
1177	äy	8	0.01	1.0
1177	ç$	8	0.01	1.0
1177	ìd	8	0.01	1.0
1177	ìs	8	0.01	1.0
1177	îc	8	0.01	1.0
1177	îk	8	0.01	1.0
1177	ïe	8	0.01	1.0
1177	ók	8	0.01	1.0
1177	óo	8	0.01	1.0
1177	öe	8	0.01	1.0
1177	öy	8	0.01	1.0
1177	μå	8	0.01	1.0
1177	νt	8	0.01	1.0
1177	νu	8	0.01	1.0
1177	νø	8	0.01	1.0
1177	ре	8	0.01	1.0
1178	'æ	7	0.0087	0.9395
1178	'т	7	0.0087	0.9395
1178	^ĺ	7	0.0087	0.9395
1178	až	7	0.0087	0.9395
1178	dœ	7	0.0087	0.9395
1178	eü	7	0.0087	0.9395
1178	eþ	7	0.0087	0.9395
1178	gĺ	7	0.0087	0.9395
1178	ië	7	0.0087	0.9395
1178	iû	7	0.0087	0.9395
1178	kâ	7	0.0087	0.9395
1178	kè	7	0.0087	0.9395
1178	oß	7	0.0087	0.9395
1178	oš	7	0.0087	0.9395
1178	qó	7	0.0087	0.9395
1178	rř	7	0.0087	0.9395
1178	uã	7	0.0087	0.9395
1178	vì	7	0.0087	0.9395
1178	xq	7	0.0087	0.9395
1178	xz	7	0.0087	0.9395
1178	xé	7	0.0087	0.9395
1178	xø	7	0.0087	0.9395
1178	âg	7	0.0087	0.9395
1178	èj	7	0.0087	0.9395
1178	ñi	7	0.0087	0.9395
1178	øx	7	0.0087	0.9395
1178	úv	7	0.0087	0.9395
1178	û$	7	0.0087	0.9395
1178	ýi	7	0.0087	0.9395
1178	ýl	7	0.0087	0.9395
1178	ýt	7	0.0087	0.9395
1178	ĺh	7	0.0087	0.9395
1178	ži	7	0.0087	0.9395
1178	ǻs	7	0.0087	0.9395
1178	β$	7	0.0087	0.9395
1178	εt	7	0.0087	0.9395
1178	еi	7	0.0087	0.9395
1179	^ѕ	6	0.0075	0.8751
1179	dë	6	0.0075	0.8751
1179	dе	6	0.0075	0.8751
1179	eß	6	0.0075	0.8751
1179	fò	6	0.0075	0.8751
1179	fо	6	0.0075	0.8751
1179	gú	6	0.0075	0.8751
1179	gе	6	0.0075	0.8751
1179	iê	6	0.0075	0.8751
1179	iï	6	0.0075	0.8751
1179	iý	6	0.0075	0.8751
1179	lо	6	0.0075	0.8751
1179	nþ	6	0.0075	0.8751
1179	nі	6	0.0075	0.8751
1179	qm	6	0.0075	0.8751
1179	qü	6	0.0075	0.8751
1179	rć	6	0.0075	0.8751
1179	tć	6	0.0075	0.8751
1179	tа	6	0.0075	0.8751
1179	tо	6	0.0075	0.8751
1179	tі	6	0.0075	0.8751
1179	vć	6	0.0075	0.8751
1179	vо	6	0.0075	0.8751
1179	wá	6	0.0075	0.8751
1179	wо	6	0.0075	0.8751
1179	yа	6	0.0075	0.8751
1179	zå	6	0.0075	0.8751
1179	ºo	6	0.0075	0.8751
1179	áf	6	0.0075	0.8751
1179	äj	6	0.0075	0.8751
1179	äo	6	0.0075	0.8751
1179	èk	6	0.0075	0.8751
1179	ë'	6	0.0075	0.8751
1179	ìk	6	0.0075	0.8751
1179	ìy	6	0.0075	0.8751
1179	íu	6	0.0075	0.8751
1179	îg	6	0.0075	0.8751
1179	ïi	6	0.0075	0.8751
1179	ñl	6	0.0075	0.8751
1179	óc	6	0.0075	0.8751
1179	óv	6	0.0075	0.8751
1179	öa	6	0.0075	0.8751
1179	ćn	6	0.0075	0.8751
1179	ćr	6	0.0075	0.8751
1179	št	6	0.0075	0.8751
1179	ε$	6	0.0075	0.8751
1179	ηm	6	0.0075	0.8751
1179	ηе	6	0.0075	0.8751
1179	μа	6	0.0075	0.8751
1179	аd	6	0.0075	0.8751
1179	аt	6	0.0075	0.8751
1179	аѕ	6	0.0075	0.8751
1179	аі	6	0.0075	0.8751
1179	вo	6	0.0075	0.8751
1179	еa	6	0.0075	0.8751
1179	еb	6	0.0075	0.8751
1179	еf	6	0.0075	0.8751
1179	еg	6	0.0075	0.8751
1179	еj	6	0.0075	0.8751
1179	о'	6	0.0075	0.8751
1179	оk	6	0.0075	0.8751
1179	оl	6	0.0075	0.8751
1179	оw	6	0.0075	0.8751
1179	р$	6	0.0075	0.8751
1179	с$	6	0.0075	0.8751
1179	тr	6	0.0075	0.8751
1179	у$	6	0.0075	0.8751
1179	ѕа	6	0.0075	0.8751
1179	ѕр	6	0.0075	0.8751
1179	іr	6	0.0075	0.8751
1179	іu	6	0.0075	0.8751
1179	ﬂ$	6	0.0075	0.8751
1179	ﬂe	6	0.0075	0.8751
1180	'в	5	0.0062	0.7924
1180	aß	5	0.0062	0.7924
1180	eﬂ	5	0.0062	0.7924
1180	fñ	5	0.0062	0.7924
1180	gτ	5	0.0062	0.7924
1180	jí	5	0.0062	0.7924
1180	lǻ	5	0.0062	0.7924
1180	oî	5	0.0062	0.7924
1180	qk	5	0.0062	0.7924
1180	rñ	5	0.0062	0.7924
1180	tî	5	0.0062	0.7924
1180	tù	5	0.0062	0.7924
1180	uà	5	0.0062	0.7924
1180	zã	5	0.0062	0.7924
1180	ß$	5	0.0062	0.7924
1180	àe	5	0.0062	0.7924
1180	àg	5	0.0062	0.7924
1180	ài	5	0.0062	0.7924
1180	áu	5	0.0062	0.7924
1180	èq	5	0.0062	0.7924
1180	éæ	5	0.0062	0.7924
1180	ìl	5	0.0062	0.7924
1180	ìt	5	0.0062	0.7924
1180	îs	5	0.0062	0.7924
1180	ïk	5	0.0062	0.7924
1180	ñk	5	0.0062	0.7924
1180	ñs	5	0.0062	0.7924
1180	òs	5	0.0062	0.7924
1180	ód	5	0.0062	0.7924
1180	óg	5	0.0062	0.7924
1180	óy	5	0.0062	0.7924
1180	üm	5	0.0062	0.7924
1180	ýk	5	0.0062	0.7924
1180	œe	5	0.0062	0.7924
1180	žn	5	0.0062	0.7924
1180	μo	5	0.0062	0.7924
1180	νs	5	0.0062	0.7924
1180	τu	5	0.0062	0.7924
1180	еd	5	0.0062	0.7924
1181	^ò	4	0.005	0.699
1181	^û	4	0.005	0.699
1181	^о	4	0.005	0.699
1181	^韆	4	0.005	0.699
1181	aﬂ	4	0.005	0.699
1181	bó	4	0.005	0.699
1181	dù	4	0.005	0.699
1181	eâ	4	0.005	0.699
1181	eë	4	0.005	0.699
1181	eï	4	0.005	0.699
1181	fú	4	0.005	0.699
1181	gε	4	0.005	0.699
1181	hć	4	0.005	0.699
1181	hř	4	0.005	0.699
1181	iμ	4	0.005	0.699
1181	jú	4	0.005	0.699
1181	kà	4	0.005	0.699
1181	kî	4	0.005	0.699
1181	lý	4	0.005	0.699
1181	lμ	4	0.005	0.699
1181	mν	4	0.005	0.699
1181	nǻ	4	0.005	0.699
1181	pç	4	0.005	0.699
1181	rî	4	0.005	0.699
1181	rǻ	4	0.005	0.699
1181	sу	4	0.005	0.699
1181	uó	4	0.005	0.699
1181	xá	4	0.005	0.699
1181	yð	4	0.005	0.699
1181	ào	4	0.005	0.699
1181	ãp	4	0.005	0.699
1181	æw	4	0.005	0.699
1181	æå	4	0.005	0.699
1181	éq	4	0.005	0.699
1181	êc	4	0.005	0.699
1181	ëe	4	0.005	0.699
1181	íp	4	0.005	0.699
1181	îa	4	0.005	0.699
1181	îm	4	0.005	0.699
1181	îv	4	0.005	0.699
1181	ïn	4	0.005	0.699
1181	ñ$	4	0.005	0.699
1181	ñé	4	0.005	0.699
1181	òn	4	0.005	0.699
1181	òt	4	0.005	0.699
1181	óe	4	0.005	0.699
1181	ûb	4	0.005	0.699
1181	ćb	4	0.005	0.699
1181	ło	4	0.005	0.699
1181	œg	4	0.005	0.699
1181	œt	4	0.005	0.699
1181	œu	4	0.005	0.699
1181	ža	4	0.005	0.699
1181	ǻl	4	0.005	0.699
1181	ǻn	4	0.005	0.699
1181	ηe	4	0.005	0.699
1181	ηu	4	0.005	0.699
1181	μu	4	0.005	0.699
1181	νm	4	0.005	0.699
1181	τl	4	0.005	0.699
1181	вu	4	0.005	0.699
1181	еk	4	0.005	0.699
1181	еy	4	0.005	0.699
1181	мa	4	0.005	0.699
1181	韆$	4	0.005	0.699
1181	ﬂn	4	0.005	0.699
1182	'x	3	0.0037	0.5682
1182	'ê	3	0.0037	0.5682
1182	'œ	3	0.0037	0.5682
1182	-á	3	0.0037	0.5682
1182	-ä	3	0.0037	0.5682
1182	-í	3	0.0037	0.5682
1182	-ü	3	0.0037	0.5682
1182	^µ	3	0.0037	0.5682
1182	^ß	3	0.0037	0.5682
1182	^ÿ	3	0.0037	0.5682
1182	^ł	3	0.0037	0.5682
1182	^ś	3	0.0037	0.5682
1182	^̀	3	0.0037	0.5682
1182	^е	3	0.0037	0.5682
1182	^к	3	0.0037	0.5682
1182	aù	3	0.0037	0.5682
1182	bâ	3	0.0037	0.5682
1182	bœ	3	0.0037	0.5682
1182	cå	3	0.0037	0.5682
1182	dý	3	0.0037	0.5682
1182	dѕ	3	0.0037	0.5682
1182	fî	3	0.0037	0.5682
1182	fû	3	0.0037	0.5682
1182	fа	3	0.0037	0.5682
1182	fі	3	0.0037	0.5682
1182	gê	3	0.0037	0.5682
1182	gñ	3	0.0037	0.5682
1182	gо	3	0.0037	0.5682
1182	gт	3	0.0037	0.5682
1182	hā	3	0.0037	0.5682
1182	hі	3	0.0037	0.5682
1182	ià	3	0.0037	0.5682
1182	iò	3	0.0037	0.5682
1182	iù	3	0.0037	0.5682
1182	iс	3	0.0037	0.5682
1182	jx	3	0.0037	0.5682
1182	jë	3	0.0037	0.5682
1182	jć	3	0.0037	0.5682
1182	jś	3	0.0037	0.5682
1182	kú	3	0.0037	0.5682
1182	kо	3	0.0037	0.5682
1182	mô	3	0.0037	0.5682
1182	mо	3	0.0037	0.5682
1182	nî	3	0.0037	0.5682
1182	nï	3	0.0037	0.5682
1182	ný	3	0.0037	0.5682
1182	nо	3	0.0037	0.5682
1182	oê	3	0.0037	0.5682
1182	oì	3	0.0037	0.5682
1182	oﬂ	3	0.0037	0.5682
1182	qf	3	0.0037	0.5682
1182	qx	3	0.0037	0.5682
1182	rс	3	0.0037	0.5682
1182	rѕ	3	0.0037	0.5682
1182	uν	3	0.0037	0.5682
1182	uτ	3	0.0037	0.5682
1182	uе	3	0.0037	0.5682
1182	uі	3	0.0037	0.5682
1182	vó	3	0.0037	0.5682
1182	vа	3	0.0037	0.5682
1182	wе	3	0.0037	0.5682
1182	yö	3	0.0037	0.5682
1182	µm	3	0.0037	0.5682
1182	àþ	3	0.0037	0.5682
1182	á-	3	0.0037	0.5682
1182	áo	3	0.0037	0.5682
1182	âj	3	0.0037	0.5682
1182	âu	3	0.0037	0.5682
1182	ââ	3	0.0037	0.5682
1182	ìr	3	0.0037	0.5682
1182	í'	3	0.0037	0.5682
1182	íš	3	0.0037	0.5682
1182	ïï	3	0.0037	0.5682
1182	ñc	3	0.0037	0.5682
1182	ñr	3	0.0037	0.5682
1182	òk	3	0.0037	0.5682
1182	ó-	3	0.0037	0.5682
1182	óa	3	0.0037	0.5682
1182	ôd	3	0.0037	0.5682
1182	õ$	3	0.0037	0.5682
1182	õl	3	0.0037	0.5682
1182	öo	3	0.0037	0.5682
1182	ùl	3	0.0037	0.5682
1182	úe	3	0.0037	0.5682
1182	úi	3	0.0037	0.5682
1182	ûg	3	0.0037	0.5682
1182	ûh	3	0.0037	0.5682
1182	üj	3	0.0037	0.5682
1182	üp	3	0.0037	0.5682
1182	üv	3	0.0037	0.5682
1182	üz	3	0.0037	0.5682
1182	ýn	3	0.0037	0.5682
1182	þa	3	0.0037	0.5682
1182	þÿ	3	0.0037	0.5682
1182	ān	3	0.0037	0.5682
1182	œf	3	0.0037	0.5682
1182	śc	3	0.0037	0.5682
1182	św	3	0.0037	0.5682
1182	šo	3	0.0037	0.5682
1182	šæ	3	0.0037	0.5682
1182	ǻt	3	0.0037	0.5682
1182	̀ø	3	0.0037	0.5682
1182	αm	3	0.0037	0.5682
1182	αq	3	0.0037	0.5682
1182	αа	3	0.0037	0.5682
1182	βe	3	0.0037	0.5682
1182	βi	3	0.0037	0.5682
1182	βl	3	0.0037	0.5682
1182	εѕ	3	0.0037	0.5682
1182	νо	3	0.0037	0.5682
1182	τ$	3	0.0037	0.5682
1182	τj	3	0.0037	0.5682
1182	τε	3	0.0037	0.5682
1182	аl	3	0.0037	0.5682
1182	аv	3	0.0037	0.5682
1182	вa	3	0.0037	0.5682
1182	ех	3	0.0037	0.5682
1182	ка	3	0.0037	0.5682
1182	мo	3	0.0037	0.5682
1182	му	3	0.0037	0.5682
1182	оd	3	0.0037	0.5682
1182	оr	3	0.0037	0.5682
1182	ос	3	0.0037	0.5682
1182	рe	3	0.0037	0.5682
1182	рl	3	0.0037	0.5682
1182	тw	3	0.0037	0.5682
1182	тy	3	0.0037	0.5682
1182	то	3	0.0037	0.5682
1182	ті	3	0.0037	0.5682
1182	хі	3	0.0037	0.5682
1182	ѕ-	3	0.0037	0.5682
1182	ѕe	3	0.0037	0.5682
1182	ѕh	3	0.0037	0.5682
1182	ѕе	3	0.0037	0.5682
1182	ѕі	3	0.0037	0.5682
1182	і'	3	0.0037	0.5682
1182	іe	3	0.0037	0.5682
1182	іf	3	0.0037	0.5682
1182	іg	3	0.0037	0.5682
1182	іl	3	0.0037	0.5682
1182	іm	3	0.0037	0.5682
1182	іt	3	0.0037	0.5682
1182	іа	3	0.0037	0.5682
1182	ﬂa	3	0.0037	0.5682
1182	ﬂb	3	0.0037	0.5682
1182	ﬂy	3	0.0037	0.5682
1183	-ê	2	0.0025	0.3979
1183	-ö	2	0.0025	0.3979
1183	-ν	2	0.0025	0.3979
1183	-м	2	0.0025	0.3979
1183	^þ	2	0.0025	0.3979
1183	^ž	2	0.0025	0.3979
1183	^碈	2	0.0025	0.3979
1183	^羘	2	0.0025	0.3979
1183	aá	2	0.0025	0.3979
1183	aì	2	0.0025	0.3979
1183	að	2	0.0025	0.3979
1183	aó	2	0.0025	0.3979
1183	aö	2	0.0025	0.3979
1183	aм	2	0.0025	0.3979
1183	aу	2	0.0025	0.3979
1183	bý	2	0.0025	0.3979
1183	cº	2	0.0025	0.3979
1183	cì	2	0.0025	0.3979
1183	dà	2	0.0025	0.3979
1183	dñ	2	0.0025	0.3979
1183	dô	2	0.0025	0.3979
1183	dε	2	0.0025	0.3979
1183	dﬂ	2	0.0025	0.3979
1183	eã	2	0.0025	0.3979
1183	eî	2	0.0025	0.3979
1183	eö	2	0.0025	0.3979
1183	eτ	2	0.0025	0.3979
1183	fì	2	0.0025	0.3979
1183	fõ	2	0.0025	0.3979
1183	fř	2	0.0025	0.3979
1183	fе	2	0.0025	0.3979
1183	gì	2	0.0025	0.3979
1183	gî	2	0.0025	0.3979
1183	hê	2	0.0025	0.3979
1183	hì	2	0.0025	0.3979
1183	hò	2	0.0025	0.3979
1183	iâ	2	0.0025	0.3979
1183	iì	2	0.0025	0.3979
1183	ið	2	0.0025	0.3979
1183	iü	2	0.0025	0.3979
1183	iε	2	0.0025	0.3979
1183	iτ	2	0.0025	0.3979
1183	iе	2	0.0025	0.3979
1183	iт	2	0.0025	0.3979
1183	iﬂ	2	0.0025	0.3979
1183	jâ	2	0.0025	0.3979
1183	kï	2	0.0025	0.3979
1183	kô	2	0.0025	0.3979
1183	kù	2	0.0025	0.3979
1183	lï	2	0.0025	0.3979
1183	lñ	2	0.0025	0.3979
1183	lτ	2	0.0025	0.3979
1183	mî	2	0.0025	0.3979
1183	mû	2	0.0025	0.3979
1183	mý	2	0.0025	0.3979
1183	mż	2	0.0025	0.3979
1183	mр	2	0.0025	0.3979
1183	mﬂ	2	0.0025	0.3979
1183	nì	2	0.0025	0.3979
1183	nñ	2	0.0025	0.3979
1183	nā	2	0.0025	0.3979
1183	nć	2	0.0025	0.3979
1183	oç	2	0.0025	0.3979
1183	oń	2	0.0025	0.3979
1183	oе	2	0.0025	0.3979
1183	oр	2	0.0025	0.3979
1183	pì	2	0.0025	0.3979
1183	pł	2	0.0025	0.3979
1183	qg	2	0.0025	0.3979
1183	qø	2	0.0025	0.3979
1183	rð	2	0.0025	0.3979
1183	rт	2	0.0025	0.3979
1183	sç	2	0.0025	0.3979
1183	sô	2	0.0025	0.3979
1183	sý	2	0.0025	0.3979
1183	sĺ	2	0.0025	0.3979
1183	sм	2	0.0025	0.3979
1183	sт	2	0.0025	0.3979
1183	uä	2	0.0025	0.3979
1183	už	2	0.0025	0.3979
1183	yá	2	0.0025	0.3979
1183	yâ	2	0.0025	0.3979
1183	yä	2	0.0025	0.3979
1183	yê	2	0.0025	0.3979
1183	yò	2	0.0025	0.3979
1183	zæ	2	0.0025	0.3979
1183	zè	2	0.0025	0.3979
1183	zì	2	0.0025	0.3979
1183	ºº	2	0.0025	0.3979
1183	ß-	2	0.0025	0.3979
1183	àt	2	0.0025	0.3979
1183	àz	2	0.0025	0.3979
1183	á'	2	0.0025	0.3979
1183	áá	2	0.0025	0.3979
1183	âf	2	0.0025	0.3979
1183	âo	2	0.0025	0.3979
1183	ãå	2	0.0025	0.3979
1183	ãƒ	2	0.0025	0.3979
1183	äº	2	0.0025	0.3979
1183	äæ	2	0.0025	0.3979
1183	åé	2	0.0025	0.3979
1183	æx	2	0.0025	0.3979
1183	èb	2	0.0025	0.3979
1183	èd	2	0.0025	0.3979
1183	èâ	2	0.0025	0.3979
1183	éâ	2	0.0025	0.3979
1183	êi	2	0.0025	0.3979
1183	ìé	2	0.0025	0.3979
1183	íh	2	0.0025	0.3979
1183	íq	2	0.0025	0.3979
1183	íí	2	0.0025	0.3979
1183	îe	2	0.0025	0.3979
1183	ð$	2	0.0025	0.3979
1183	ði	2	0.0025	0.3979
1183	ðu	2	0.0025	0.3979
1183	òl	2	0.0025	0.3979
1183	ôo	2	0.0025	0.3979
1183	õe	2	0.0025	0.3979
1183	ö-	2	0.0025	0.3979
1183	öi	2	0.0025	0.3979
1183	öq	2	0.0025	0.3979
1183	øå	2	0.0025	0.3979
1183	øé	2	0.0025	0.3979
1183	ùn	2	0.0025	0.3979
1183	üß	2	0.0025	0.3979
1183	ýb	2	0.0025	0.3979
1183	ýc	2	0.0025	0.3979
1183	ým	2	0.0025	0.3979
1183	þ$	2	0.0025	0.3979
1183	þe	2	0.0025	0.3979
1183	þã	2	0.0025	0.3979
1183	ÿ$	2	0.0025	0.3979
1183	ÿf	2	0.0025	0.3979
1183	ĺd	2	0.0025	0.3979
1183	řj	2	0.0025	0.3979
1183	řl	2	0.0025	0.3979
1183	ši	2	0.0025	0.3979
1183	ża	2	0.0025	0.3979
1183	ž$	2	0.0025	0.3979
1183	žu	2	0.0025	0.3979
1183	̀æ	2	0.0025	0.3979
1183	η-	2	0.0025	0.3979
1183	τh	2	0.0025	0.3979
1183	τæ	2	0.0025	0.3979
1183	ττ	2	0.0025	0.3979
1183	ву	2	0.0025	0.3979
1183	еc	2	0.0025	0.3979
1183	ео	2	0.0025	0.3979
1183	оf	2	0.0025	0.3979
1183	сa	2	0.0025	0.3979
1183	т$	2	0.0025	0.3979
1183	уd	2	0.0025	0.3979
1183	уh	2	0.0025	0.3979
1183	碈$	2	0.0025	0.3979
1183	羘$	2	0.0025	0.3979
1183	ﬁe	2	0.0025	0.3979
1183	ﬁk	2	0.0025	0.3979
1183	ﬁr	2	0.0025	0.3979
1183	ﬂg	2	0.0025	0.3979
1183	ﬂi	2	0.0025	0.3979
1183	ﬂo	2	0.0025	0.3979
1184	'ã	1	0.0012	0.0792
1184	'ä	1	0.0012	0.0792
1184	'î	1	0.0012	0.0792
1184	'ò	1	0.0012	0.0792
1184	-ã	1	0.0012	0.0792
1184	-è	1	0.0012	0.0792
1184	-в	1	0.0012	0.0792
1184	-ﬁ	1	0.0012	0.0792
1184	^õ	1	0.0012	0.0792
1184	^ú	1	0.0012	0.0792
1184	^ř	1	0.0012	0.0792
1184	^κ	1	0.0012	0.0792
1184	^υ	1	0.0012	0.0792
1184	^ආ	1	0.0012	0.0792
1184	^ᴁ	1	0.0012	0.0792
1184	^醤	1	0.0012	0.0792
1184	^鷓	1	0.0012	0.0792
1184	aã	1	0.0012	0.0792
1184	aä	1	0.0012	0.0792
1184	ań	1	0.0012	0.0792
1184	aμ	1	0.0012	0.0792
1184	aﬁ	1	0.0012	0.0792
1184	bì	1	0.0012	0.0792
1184	bî	1	0.0012	0.0792
1184	bõ	1	0.0012	0.0792
1184	bǻ	1	0.0012	0.0792
1184	cß	1	0.0012	0.0792
1184	cà	1	0.0012	0.0792
1184	cö	1	0.0012	0.0792
1184	cù	1	0.0012	0.0792
1184	cü	1	0.0012	0.0792
1184	cœ	1	0.0012	0.0792
1184	dï	1	0.0012	0.0792
1184	dò	1	0.0012	0.0792
1184	dź	1	0.0012	0.0792
1184	dǻ	1	0.0012	0.0792
1184	dо	1	0.0012	0.0792
1184	dт	1	0.0012	0.0792
1184	eç	1	0.0012	0.0792
1184	eú	1	0.0012	0.0792
1184	ež	1	0.0012	0.0792
1184	eχ	1	0.0012	0.0792
1184	eх	1	0.0012	0.0792
1184	eﬁ	1	0.0012	0.0792
1184	fë	1	0.0012	0.0792
1184	fð	1	0.0012	0.0792
1184	fĺ	1	0.0012	0.0792
1184	gð	1	0.0012	0.0792
1184	gõ	1	0.0012	0.0792
1184	gù	1	0.0012	0.0792
1184	hõ	1	0.0012	0.0792
1184	hō	1	0.0012	0.0792
1184	iô	1	0.0012	0.0792
1184	iž	1	0.0012	0.0792
1184	jš	1	0.0012	0.0792
1184	jε	1	0.0012	0.0792
1184	jﬂ	1	0.0012	0.0792
1184	kç	1	0.0012	0.0792
1184	kê	1	0.0012	0.0792
1184	kë	1	0.0012	0.0792
1184	kì	1	0.0012	0.0792
1184	kõ	1	0.0012	0.0792
1184	kÿ	1	0.0012	0.0792
1184	kǻ	1	0.0012	0.0792
1184	kﬂ	1	0.0012	0.0792
1184	lç	1	0.0012	0.0792
1184	lë	1	0.0012	0.0792
1184	lù	1	0.0012	0.0792
1184	lû	1	0.0012	0.0792
1184	lĺ	1	0.0012	0.0792
1184	lř	1	0.0012	0.0792
1184	lū	1	0.0012	0.0792
1184	lž	1	0.0012	0.0792
1184	lε	1	0.0012	0.0792
1184	lт	1	0.0012	0.0792
1184	lу	1	0.0012	0.0792
1184	lﬁ	1	0.0012	0.0792
1184	mï	1	0.0012	0.0792
1184	mõ	1	0.0012	0.0792
1184	mā	1	0.0012	0.0792
1184	mš	1	0.0012	0.0792
1184	nº	1	0.0012	0.0792
1184	nò	1	0.0012	0.0792
1184	nÿ	1	0.0012	0.0792
1184	nй	1	0.0012	0.0792
1184	nﬂ	1	0.0012	0.0792
1184	oä	1	0.0012	0.0792
1184	oü	1	0.0012	0.0792
1184	oþ	1	0.0012	0.0792
1184	ož	1	0.0012	0.0792
1184	oχ	1	0.0012	0.0792
1184	pô	1	0.0012	0.0792
1184	põ	1	0.0012	0.0792
1184	pý	1	0.0012	0.0792
1184	př	1	0.0012	0.0792
1184	pη	1	0.0012	0.0792
1184	pν	1	0.0012	0.0792
1184	qå	1	0.0012	0.0792
1184	qé	1	0.0012	0.0792
1184	qí	1	0.0012	0.0792
1184	qö	1	0.0012	0.0792
1184	rß	1	0.0012	0.0792
1184	rù	1	0.0012	0.0792
1184	r̀	1	0.0012	0.0792
1184	rﬂ	1	0.0012	0.0792
1184	së	1	0.0012	0.0792
1184	sõ	1	0.0012	0.0792
1184	sř	1	0.0012	0.0792
1184	sε	1	0.0012	0.0792
1184	sр	1	0.0012	0.0792
1184	sﬂ	1	0.0012	0.0792
1184	tõ	1	0.0012	0.0792
1184	tû	1	0.0012	0.0792
1184	tī	1	0.0012	0.0792
1184	tĺ	1	0.0012	0.0792
1184	t̀	1	0.0012	0.0792
1184	tﬂ	1	0.0012	0.0792
1184	uç	1	0.0012	0.0792
1184	uë	1	0.0012	0.0792
1184	uì	1	0.0012	0.0792
1184	uï	1	0.0012	0.0792
1184	uö	1	0.0012	0.0792
1184	uü	1	0.0012	0.0792
1184	uþ	1	0.0012	0.0792
1184	uš	1	0.0012	0.0792
1184	vü	1	0.0012	0.0792
1184	vǻ	1	0.0012	0.0792
1184	v̀	1	0.0012	0.0792
1184	vε	1	0.0012	0.0792
1184	wé	1	0.0012	0.0792
1184	wù	1	0.0012	0.0792
1184	xã	1	0.0012	0.0792
1184	xå	1	0.0012	0.0792
1184	xæ	1	0.0012	0.0792
1184	yü	1	0.0012	0.0792
1184	zê	1	0.0012	0.0792
1184	zö	1	0.0012	0.0792
1184	zу	1	0.0012	0.0792
1184	µö	1	0.0012	0.0792
1184	ßç	1	0.0012	0.0792
1184	àc	1	0.0012	0.0792
1184	àf	1	0.0012	0.0792
1184	àh	1	0.0012	0.0792
1184	ày	1	0.0012	0.0792
1184	áš	1	0.0012	0.0792
1184	â-	1	0.0012	0.0792
1184	âk	1	0.0012	0.0792
1184	âm	1	0.0012	0.0792
1184	âv	1	0.0012	0.0792
1184	âã	1	0.0012	0.0792
1184	âå	1	0.0012	0.0792
1184	âè	1	0.0012	0.0792
1184	âž	1	0.0012	0.0792
1184	ã-	1	0.0012	0.0792
1184	ãi	1	0.0012	0.0792
1184	ãø	1	0.0012	0.0792
1184	ãþ	1	0.0012	0.0792
1184	åí	1	0.0012	0.0792
1184	åö	1	0.0012	0.0792
1184	æy	1	0.0012	0.0792
1184	çc	1	0.0012	0.0792
1184	çi	1	0.0012	0.0792
1184	çl	1	0.0012	0.0792
1184	çà	1	0.0012	0.0792
1184	çá	1	0.0012	0.0792
1184	çè	1	0.0012	0.0792
1184	è-	1	0.0012	0.0792
1184	èp	1	0.0012	0.0792
1184	èx	1	0.0012	0.0792
1184	èz	1	0.0012	0.0792
1184	èë	1	0.0012	0.0792
1184	èî	1	0.0012	0.0792
1184	éì	1	0.0012	0.0792
1184	ê'	1	0.0012	0.0792
1184	êa	1	0.0012	0.0792
1184	êb	1	0.0012	0.0792
1184	êµ	1	0.0012	0.0792
1184	ëd	1	0.0012	0.0792
1184	ëä	1	0.0012	0.0792
1184	ëè	1	0.0012	0.0792
1184	ëð	1	0.0012	0.0792
1184	ìv	1	0.0012	0.0792
1184	íz	1	0.0012	0.0792
1184	îb	1	0.0012	0.0792
1184	îd	1	0.0012	0.0792
1184	îp	1	0.0012	0.0792
1184	îz	1	0.0012	0.0792
1184	ïa	1	0.0012	0.0792
1184	ïf	1	0.0012	0.0792
1184	ïg	1	0.0012	0.0792
1184	ïh	1	0.0012	0.0792
1184	ït	1	0.0012	0.0792
1184	ïv	1	0.0012	0.0792
1184	ðb	1	0.0012	0.0792
1184	ðe	1	0.0012	0.0792
1184	ðf	1	0.0012	0.0792
1184	ðn	1	0.0012	0.0792
1184	ðo	1	0.0012	0.0792
1184	ðt	1	0.0012	0.0792
1184	ðè	1	0.0012	0.0792
1184	ðë	1	0.0012	0.0792
1184	ñd	1	0.0012	0.0792
1184	ñf	1	0.0012	0.0792
1184	ñg	1	0.0012	0.0792
1184	ñy	1	0.0012	0.0792
1184	òa	1	0.0012	0.0792
1184	òc	1	0.0012	0.0792
1184	óð	1	0.0012	0.0792
1184	óñ	1	0.0012	0.0792
1184	ôb	1	0.0012	0.0792
1184	ôs	1	0.0012	0.0792
1184	õd	1	0.0012	0.0792
1184	õg	1	0.0012	0.0792
1184	õs	1	0.0012	0.0792
1184	öå	1	0.0012	0.0792
1184	öè	1	0.0012	0.0792
1184	öê	1	0.0012	0.0792
1184	öö	1	0.0012	0.0792
1184	øq	1	0.0012	0.0792
1184	øﬂ	1	0.0012	0.0792
1184	ùm	1	0.0012	0.0792
1184	ùr	1	0.0012	0.0792
1184	úh	1	0.0012	0.0792
1184	úk	1	0.0012	0.0792
1184	úy	1	0.0012	0.0792
1184	úz	1	0.0012	0.0792
1184	úñ	1	0.0012	0.0792
1184	ûs	1	0.0012	0.0792
1184	üa	1	0.0012	0.0792
1184	ük	1	0.0012	0.0792
1184	üo	1	0.0012	0.0792
1184	üy	1	0.0012	0.0792
1184	üé	1	0.0012	0.0792
1184	üê	1	0.0012	0.0792
1184	ýd	1	0.0012	0.0792
1184	ýg	1	0.0012	0.0792
1184	ýh	1	0.0012	0.0792
1184	þu	1	0.0012	0.0792
1184	ÿb	1	0.0012	0.0792
1184	ÿe	1	0.0012	0.0792
1184	ÿp	1	0.0012	0.0792
1184	ÿq	1	0.0012	0.0792
1184	ā$	1	0.0012	0.0792
1184	āk	1	0.0012	0.0792
1184	āl	1	0.0012	0.0792
1184	ćg	1	0.0012	0.0792
1184	ćs	1	0.0012	0.0792
1184	īe	1	0.0012	0.0792
1184	łó	1	0.0012	0.0792
1184	ńe	1	0.0012	0.0792
1184	ōg	1	0.0012	0.0792
1184	œh	1	0.0012	0.0792
1184	œm	1	0.0012	0.0792
1184	œv	1	0.0012	0.0792
1184	řs	1	0.0012	0.0792
1184	řv	1	0.0012	0.0792
1184	šk	1	0.0012	0.0792
1184	šn	1	0.0012	0.0792
1184	šp	1	0.0012	0.0792
1184	šu	1	0.0012	0.0792
1184	ší	1	0.0012	0.0792
1184	ūj	1	0.0012	0.0792
1184	ź$	1	0.0012	0.0792
1184	žb	1	0.0012	0.0792
1184	žc	1	0.0012	0.0792
1184	žm	1	0.0012	0.0792
1184	žv	1	0.0012	0.0792
1184	ží	1	0.0012	0.0792
1184	ƒ$	1	0.0012	0.0792
1184	ƒâ	1	0.0012	0.0792
1184	ǻo	1	0.0012	0.0792
1184	̀e	1	0.0012	0.0792
1184	α$	1	0.0012	0.0792
1184	βa	1	0.0012	0.0792
1184	βε	1	0.0012	0.0792
1184	δα	1	0.0012	0.0792
1184	εa	1	0.0012	0.0792
1184	εf	1	0.0012	0.0792
1184	εk	1	0.0012	0.0792
1184	εx	1	0.0012	0.0792
1184	ηi	1	0.0012	0.0792
1184	ηo	1	0.0012	0.0792
1184	ιδ	1	0.0012	0.0792
1184	κο	1	0.0012	0.0792
1184	μr	1	0.0012	0.0792
1184	μμ	1	0.0012	0.0792
1184	νν	1	0.0012	0.0792
1184	οι	1	0.0012	0.0792
1184	ορ	1	0.0012	0.0792
1184	ρο	1	0.0012	0.0792
1184	τb	1	0.0012	0.0792
1184	τy	1	0.0012	0.0792
1184	τβ	1	0.0012	0.0792
1184	τυ	1	0.0012	0.0792
1184	υe	1	0.0012	0.0792
1184	υv	1	0.0012	0.0792
1184	χe	1	0.0012	0.0792
1184	χi	1	0.0012	0.0792
1184	вr	1	0.0012	0.0792
1184	еe	1	0.0012	0.0792
1184	еh	1	0.0012	0.0792
1184	еw	1	0.0012	0.0792
1184	ев	1	0.0012	0.0792
1184	йe	1	0.0012	0.0792
1184	мi	1	0.0012	0.0792
1184	мu	1	0.0012	0.0792
1184	рi	1	0.0012	0.0792
1184	тi	1	0.0012	0.0792
1184	уi	1	0.0012	0.0792
1184	уl	1	0.0012	0.0792
1184	ум	1	0.0012	0.0792
1184	хр	1	0.0012	0.0792
1184	ආය	1	0.0012	0.0792
1184	න්	1	0.0012	0.0792
1184	බෝ	1	0.0012	0.0792
1184	යු	1	0.0012	0.0792
1184	වන	1	0.0012	0.0792
1184	්$	1	0.0012	0.0792
1184	ුබ	1	0.0012	0.0792
1184	ෝව	1	0.0012	0.0792
1184	ᴁd	1	0.0012	0.0792
1184	醤$	1	0.0012	0.0792
1184	鷓$	1	0.0012	0.0792
1184	ﬁ$	1	0.0012	0.0792
1184	ﬁc	1	0.0012	0.0792
1184	ﬂd	1	0.0012	0.0792
1184	ﬂf	1	0.0012	0.0792
1184	ﬂm	1	0.0012	0.0792
1184	ﬂs	1	0.0012	0.0792
1184	ﬂt	1	0.0012	0.0792
1184	ﬂu	1	0.0012	0.0792
1184	ﬂv	1	0.0012	0.0792
1184	ﬂæ	1	0.0012	0.0792
