Rank	Bigram	Frequency	Frequency per million	Zipf value
1	n$	126891307	40634.4728	7.6089
2	t$	104295776	33398.6935	7.5237
3	en	103092197	33013.2707	7.5187
4	e$	100287501	32115.1214	7.5067
5	^d	59311291	18993.2872	7.2786
6	er	55492286	17770.3252	7.2497
7	^h	54811092	17552.186	7.2443
8	et	48011957	15374.8953	7.1868
9	r$	47619952	15249.3633	7.1833
10	^i	46823516	14994.3202	7.1759
11	s$	43462154	13917.9094	7.1436
12	^w	41747885	13368.9481	7.1261
13	ee	41743920	13367.6784	7.1261
14	de	41677813	13346.5089	7.1254
15	ie	40383059	12931.8891	7.1117
16	^m	39527350	12657.8649	7.1024
17	aa	38677403	12385.686	7.0929
18	k$	36768482	11774.3911	7.0709
19	an	36365651	11645.3923	7.0662
20	he	35660675	11419.6375	7.0577
21	^e	34344732	10998.2323	7.0413
22	ij	34071726	10910.8075	7.0379
23	ge	33213939	10636.1179	7.0268
24	^j	32393273	10373.3156	7.0159
25	^v	31316091	10028.369	7.0012
26	te	30922105	9902.2026	6.9957
27	at	30915344	9900.0375	6.9956
28	^z	30498649	9766.5991	6.9897
29	^n	29511023	9450.3311	6.9754
30	^g	28854922	9240.2275	6.9657
31	^o	25115537	8042.7622	6.9054
32	el	24984417	8000.7735	6.9031
33	ik	24912837	7977.8514	6.9019
34	je	24888070	7969.9203	6.9015
35	ar	24649183	7893.4214	6.8973
36	da	24564206	7866.2091	6.8958
37	^b	24181527	7743.6636	6.8889
38	d$	22365407	7162.0865	6.855
39	oe	20964302	6713.4099	6.8269
40	^a	20916059	6697.961	6.8259
41	we	20914007	6697.3039	6.8259
42	is	20453345	6549.7859	6.8162
43	in	20374585	6524.5645	6.8146
44	oo	20076450	6429.0926	6.8081
45	me	20072456	6427.8136	6.8081
46	be	18698955	5987.9766	6.7773
47	^k	18529527	5933.7206	6.7733
48	al	18467632	5913.8999	6.7719
49	wa	18346416	5875.0828	6.769
50	ve	18183137	5822.7959	6.7651
51	g$	17737746	5680.1681	6.7544
52	l$	17582424	5630.4293	6.7505
53	st	17338071	5552.18	6.7445
54	^t	17282392	5534.3499	6.7431
55	le	16939242	5424.4627	6.7344
56	ch	16934971	5423.095	6.7342
57	or	16652341	5332.5883	6.7269
58	^s	16541536	5297.1051	6.724
59	ni	16403596	5252.9325	6.7204
60	nd	15241264	4880.7183	6.6885
61	on	14956690	4789.589	6.6803
62	ma	14733309	4718.0556	6.6738
63	ze	14422497	4618.5241	6.6645
64	re	14353080	4596.2947	6.6624
65	li	13651409	4371.5982	6.6406
66	j$	12789292	4095.522	6.6123
67	m$	12513094	4007.0749	6.6028
68	di	12421063	3977.6038	6.5996
69	ke	12353226	3955.8803	6.5972
70	ne	12277960	3931.7779	6.5946
71	om	11870769	3801.3829	6.5799
72	^l	11738531	3759.0362	6.5751
73	it	11399852	3650.5809	6.5624
74	zi	11123907	3562.2148	6.5517
75	hi	10830859	3468.3719	6.5401
76	va	10822220	3465.6054	6.5398
77	ed	10414622	3335.0801	6.5231
78	eb	10025729	3210.5447	6.5066
79	ro	10003161	3203.3177	6.5056
80	es	9907149	3172.5718	6.5014
81	ng	9820607	3144.8584	6.4976
82	op	9614501	3078.8569	6.4884
83	rd	9599767	3074.1386	6.4877
84	la	9583874	3069.0492	6.487
85	vo	9232768	2956.6144	6.4708
86	jn	9135849	2925.5779	6.4662
87	ri	9061443	2901.7509	6.4627
88	^p	9031267	2892.0876	6.4612
89	nt	9027234	2890.7961	6.461
90	ha	8967028	2871.5163	6.4581
91	ll	8951297	2866.4787	6.4573
92	u$	8943943	2864.1238	6.457
93	ra	8914616	2854.7324	6.4556
94	ou	8860883	2837.5254	6.4529
95	eg	8678829	2779.2262	6.4439
96	mi	8482450	2716.3396	6.434
97	do	8340781	2670.9729	6.4267
98	ho	8239954	2638.685	6.4214
99	p$	8216118	2631.052	6.4201
100	mo	8127857	2602.7881	6.4154
101	em	8005833	2563.7123	6.4089
102	a$	7989649	2558.5297	6.408
103	zo	7902494	2530.62	6.4032
104	ht	7809213	2500.7486	6.3981
105	ui	7715554	2470.7561	6.3928
106	na	7671352	2456.6013	6.3903
107	wi	7631279	2443.7687	6.3881
108	ti	7101256	2274.0391	6.3568
109	ns	7076143	2265.9972	6.3553
110	to	6890448	2206.5319	6.3437
111	ek	6850636	2193.7829	6.3412
112	il	6757122	2163.8369	6.3352
113	no	6754590	2163.0261	6.3351
114	ig	6717205	2151.0542	6.3327
115	as	6596970	2112.5513	6.3248
116	ga	6521724	2088.4553	6.3198
117	^u	6461347	2069.1207	6.3158
118	ei	6445983	2064.2007	6.3148
119	^r	6211652	1989.1607	6.2987
120	ko	6074009	1945.0832	6.2889
121	sc	5982700	1915.8433	6.2824
122	f$	5929397	1898.7741	6.2785
123	ls	5912491	1893.3602	6.2772
124	pe	5585301	1788.584	6.2525
125	ev	5562156	1781.1723	6.2507
126	jk	5388347	1725.5133	6.2369
127	ef	5321139	1703.9913	6.2315
128	ak	5274488	1689.0522	6.2276
129	ag	5266877	1686.6149	6.227
130	lo	5218602	1671.1558	6.223
131	ka	5157370	1651.5474	6.2179
132	ac	5117772	1638.8669	6.2145
133	rt	5073944	1624.8319	6.2108
134	rs	4982900	1595.6768	6.2029
135	ad	4730352	1514.8032	6.1804
136	am	4655537	1490.8452	6.1734
137	ta	4572078	1464.119	6.1656
138	se	4566685	1462.392	6.1651
139	nk	4553710	1458.237	6.1638
140	ts	4448443	1424.5273	6.1537
141	ld	4430999	1418.9412	6.152
142	o$	4395229	1407.4866	6.1484
143	b$	4362010	1396.8489	6.1451
144	ur	4317532	1382.6056	6.1407
145	og	4205740	1346.8064	6.1293
146	nn	4198491	1344.4851	6.1286
147	pr	4106930	1315.1644	6.119
148	^c	4083171	1307.5561	6.1165
149	ez	4021694	1287.8693	6.1099
150	go	3982289	1275.2506	6.1056
151	ru	3964249	1269.4736	6.1036
152	uw	3956504	1266.9934	6.1028
153	ja	3954654	1266.401	6.1026
154	kt	3906339	1250.9291	6.0972
155	ft	3859800	1236.0259	6.092
156	ok	3813872	1221.3183	6.0868
157	ol	3807499	1219.2775	6.0861
158	bi	3779370	1210.2697	6.0829
159	ot	3710842	1188.325	6.0749
160	ec	3710533	1188.226	6.0749
161	eu	3696391	1183.6973	6.0732
162	wo	3686174	1180.4255	6.072
163	tr	3657589	1171.2717	6.0687
164	ov	3563470	1141.132	6.0573
165	id	3459778	1107.9266	6.0445
166	us	3441963	1102.2217	6.0423
167	of	3436335	1100.4194	6.0416
168	ul	3414794	1093.5214	6.0388
169	pa	3372337	1079.9253	6.0334
170	un	3371496	1079.656	6.0333
171	od	3364349	1077.3673	6.0324
172	vr	3337442	1068.7509	6.0289
173	rg	3305074	1058.3857	6.0246
174	ic	3160057	1011.9468	6.0052
175	sp	3101841	993.3042	5.9971
176	za	3095070	991.136	5.9961
177	y$	3047899	976.0304	5.9895
178	gr	3040381	973.6229	5.9884
179	h$	3014783	965.4256	5.9847
180	bl	2968536	950.6159	5.978
181	ss	2964331	949.2693	5.9774
182	jo	2959467	947.7117	5.9767
183	rk	2855776	914.5067	5.9612
184	^f	2839355	909.2482	5.9587
185	hu	2825730	904.8851	5.9566
186	vi	2821118	903.4082	5.9559
187	ew	2811603	900.3612	5.9544
188	ap	2751739	881.1909	5.9451
189	dr	2713738	869.0218	5.939
190	ji	2650578	848.796	5.9288
191	'n	2642209	846.116	5.9274
192	br	2635114	843.844	5.9263
193	^'	2629117	841.9236	5.9253
194	ki	2623112	840.0006	5.9243
195	nu	2576858	825.1886	5.9166
196	ba	2561077	820.1351	5.9139
197	w$	2527278	809.3116	5.9081
198	sl	2462489	788.5642	5.8968
199	bb	2450959	784.8719	5.8948
200	i$	2401036	768.8851	5.8859
201	bo	2350131	752.5837	5.8766
202	af	2330942	746.4388	5.873
203	lt	2309498	739.5718	5.869
204	rl	2302141	737.2159	5.8676
205	lu	2289104	733.041	5.8651
206	tu	2219884	710.8747	5.8518
207	kl	2194742	702.8234	5.8468
208	oi	2181498	698.5823	5.8442
209	co	2175080	696.5271	5.8429
210	oc	2147225	687.607	5.8373
211	so	2144000	686.5743	5.8367
212	ud	2137359	684.4476	5.8353
213	gi	2136277	684.1012	5.8351
214	ku	2131762	682.6553	5.8342
215	jd	2096484	671.3582	5.827
216	rm	2089272	669.0487	5.8255
217	kk	2074730	664.3919	5.8224
218	du	2061294	660.0893	5.8196
219	si	2034012	651.3528	5.8138
220	tt	1951428	624.9069	5.7958
221	ju	1945370	622.9669	5.7945
222	pi	1916415	613.6946	5.788
223	uu	1755841	562.2739	5.7499
224	pl	1746851	559.3951	5.7477
225	ep	1710510	547.7576	5.7386
226	uk	1653034	529.352	5.7237
227	os	1651654	528.9101	5.7234
228	ut	1633117	522.974	5.7185
229	ug	1597782	511.6586	5.709
230	kr	1578822	505.587	5.7038
231	po	1575846	504.634	5.703
232	lf	1529321	489.7353	5.69
233	tj	1474759	472.2629	5.6742
234	th	1465185	469.197	5.6714
235	ca	1453156	465.3449	5.6678
236	sa	1440914	461.4247	5.6641
237	mm	1440396	461.2588	5.6639
238	fe	1436818	460.113	5.6629
239	gt	1435463	459.6791	5.6625
240	tw	1423411	455.8197	5.6588
241	rr	1407555	450.7421	5.6539
242	lk	1404522	449.7708	5.653
243	ob	1376877	440.9181	5.6444
244	im	1371523	439.2036	5.6427
245	ds	1366043	437.4487	5.6409
246	bt	1344991	430.7072	5.6342
247	dt	1291772	413.6649	5.6166
248	ea	1278531	409.4247	5.6122
249	rv	1260552	403.6673	5.606
250	't	1246791	399.2606	5.6013
251	gg	1240911	397.3776	5.5992
252	ct	1235168	395.5385	5.5972
253	au	1223787	391.894	5.5932
254	eh	1202997	385.2364	5.5857
255	é$	1196293	383.0896	5.5833
256	ce	1184134	379.1959	5.5789
257	ks	1176099	376.6228	5.5759
258	pt	1174441	376.0919	5.5753
259	pp	1168715	374.2582	5.5732
260	mt	1167017	373.7145	5.5725
261	fd	1162474	372.2597	5.5708
262	rb	1138079	364.4477	5.5616
263	dd	1129012	361.5441	5.5582
264	nz	1104878	353.8157	5.5488
265	ia	1095020	350.6589	5.5449
266	bu	1086433	347.909	5.5415
267	md	1074120	343.966	5.5365
268	av	1035418	331.5725	5.5206
269	ci	1031589	330.3463	5.519
270	fo	1023016	327.601	5.5153
271	m'	1018567	326.1763	5.5135
272	jf	1016736	325.5899	5.5127
273	gd	1007871	322.7511	5.5089
274	zu	1005681	322.0498	5.5079
275	ai	998883	319.8729	5.505
276	fi	973989	311.901	5.494
277	sn	964447	308.8454	5.4897
278	lp	937582	300.2424	5.4775
279	rn	918174	294.0274	5.4684
280	ir	902078	288.8729	5.4607
281	kw	890955	285.311	5.4553
282	ck	887397	284.1716	5.4536
283	gs	886697	283.9475	5.4532
284	's	876465	280.6709	5.4482
285	sh	868173	278.0155	5.4441
286	rh	867041	277.653	5.4435
287	sj	858438	274.8981	5.4392
288	jg	839328	268.7785	5.4294
289	ry	819231	262.3428	5.4189
290	uc	814887	260.9517	5.4166
291	mp	812820	260.2898	5.4155
292	io	793386	254.0664	5.4049
293	rw	784119	251.0989	5.3998
294	ff	782903	250.7095	5.3992
295	ké	781120	250.1385	5.3982
296	fa	780909	250.0709	5.3981
297	lg	774179	247.9158	5.3943
298	rz	742319	237.7132	5.3761
299	ab	736175	235.7457	5.3724
300	vl	729718	233.678	5.3686
301	nl	687692	220.22	5.3429
302	nc	686516	219.8434	5.3421
303	um	663543	212.4867	5.3273
304	zw	641554	205.4452	5.3127
305	ex	638426	204.4435	5.3106
306	jt	637318	204.0887	5.3098
307	pu	631950	202.3697	5.3061
308	hr	615398	197.0692	5.2946
309	ms	615259	197.0247	5.2945
310	oa	614337	196.7295	5.2939
311	oh	608038	194.7123	5.2894
312	fs	602022	192.7858	5.2851
313	ip	596918	191.1514	5.2814
314	su	579799	185.6694	5.2687
315	fr	566404	181.3799	5.2586
316	ey	556039	178.0607	5.2506
317	iv	554236	177.4833	5.2492
318	én	548276	175.5747	5.2445
319	z'	543399	174.013	5.2406
320	mr	538910	172.5754	5.237
321	tz	538820	172.5466	5.2369
322	sm	525152	168.1697	5.2257
323	jv	511441	163.779	5.2143
324	mu	491410	157.3645	5.1969
325	rp	476095	152.4602	5.1832
326	js	471078	150.8536	5.1786
327	nv	462960	148.2539	5.171
328	cu	458144	146.7117	5.1665
329	fl	456891	146.3105	5.1653
330	^é	450816	144.3651	5.1595
331	éé	450567	144.2853	5.1592
332	tg	448293	143.5571	5.157
333	if	444336	142.29	5.1532
334	ps	444250	142.2624	5.1531
335	ub	439978	140.8944	5.1489
336	gh	439328	140.6862	5.1483
337	o'	431700	138.2435	5.1406
338	nh	428516	137.2239	5.1374
339	tm	422749	135.3771	5.1315
340	ow	413163	132.3074	5.1216
341	nb	412623	132.1345	5.121
342	rf	412424	132.0708	5.1208
343	cl	412116	131.9721	5.1205
344	jp	411579	131.8002	5.1199
345	pg	410004	131.2958	5.1183
346	ly	398310	127.551	5.1057
347	sk	396907	127.1017	5.1042
348	cr	396299	126.907	5.1035
349	kn	394466	126.3201	5.1015
350	ay	385614	123.4854	5.0916
351	dw	373163	119.4982	5.0774
352	eo	363222	116.3148	5.0656
353	hé	360971	115.5939	5.0629
354	lm	354311	113.4612	5.0548
355	iz	345888	110.7639	5.0444
356	nm	345687	110.6995	5.0441
357	tb	335833	107.544	5.0316
358	mb	332998	106.6361	5.0279
359	rc	332976	106.6291	5.0279
360	tv	331760	106.2397	5.0263
361	fg	327797	104.9706	5.0211
362	nw	322607	103.3086	5.0141
363	ph	320900	102.762	5.0118
364	ue	319498	102.313	5.0099
365	uz	317476	101.6655	5.0072
366	gl	311324	99.6955	4.9987
367	'm	310471	99.4223	4.9975
368	c$	307687	98.5308	4.9936
369	by	300744	96.3074	4.9837
370	x$	299288	95.8412	4.9816
371	ty	299114	95.7854	4.9813
372	az	292618	93.7052	4.9718
373	sy	290632	93.0692	4.9688
374	vu	289473	92.6981	4.9671
375	kj	285844	91.536	4.9616
376	ah	281603	90.1779	4.9551
377	jz	277872	88.9831	4.9493
378	ny	277793	88.9578	4.9492
379	lv	276621	88.5825	4.9473
380	sd	275198	88.1268	4.9451
381	dj	273876	87.7035	4.943
382	tl	271386	86.9061	4.9391
383	ië	265919	85.1554	4.9302
384	dy	257896	82.5862	4.9169
385	up	256625	82.1792	4.9148
386	ua	255622	81.858	4.9131
387	^y	254043	81.3523	4.9104
388	dv	251582	80.5642	4.9061
389	gu	249134	79.7803	4.9019
390	qu	247746	79.3358	4.8995
391	td	247302	79.1937	4.8987
392	sb	245311	78.5561	4.8952
393	nf	244957	78.4427	4.8946
394	hn	242434	77.6348	4.8901
395	ys	231924	74.2691	4.8708
396	wd	223745	71.65	4.8552
397	cc	221664	70.9836	4.8512
398	ën	219097	70.1616	4.8461
399	ws	218769	70.0565	4.8454
400	oz	214227	68.602	4.8363
401	kh	211389	67.6932	4.8305
402	my	205471	65.7981	4.8182
403	dg	203855	65.2806	4.8148
404	jl	203439	65.1474	4.8139
405	a'	201161	64.4179	4.809
406	kb	194644	62.331	4.7947
407	aw	193040	61.8173	4.7911
408	nr	192511	61.6479	4.7899
409	è$	190014	60.8483	4.7842
410	ib	189920	60.8182	4.784
411	hè	187146	59.9299	4.7776
412	bs	185949	59.5466	4.7749
413	gn	183994	58.9205	4.7703
414	ya	177226	56.7532	4.754
415	yo	176958	56.6674	4.7533
416	yl	175632	56.2427	4.7501
417	lj	175612	56.2363	4.75
418	eë	171771	55.0063	4.7404
419	yn	169772	54.3662	4.7353
420	pj	169510	54.2823	4.7347
421	e-	166729	53.3917	4.7275
422	uf	165592	53.0276	4.7245
423	lb	164555	52.6955	4.7218
424	oy	160851	51.5094	4.7119
425	sv	160377	51.3576	4.7106
426	tk	159316	51.0178	4.7077
427	^q	155375	49.7558	4.6968
428	ax	153406	49.1253	4.6913
429	sg	153204	49.0606	4.6907
430	z$	151528	48.5239	4.686
431	tc	151394	48.481	4.6856
432	lw	149714	47.943	4.6807
433	ky	143212	45.8609	4.6614
434	tn	141426	45.2889	4.656
435	ae	136991	43.8687	4.6422
436	v$	136970	43.862	4.6421
437	fu	134602	43.1037	4.6345
438	pn	134587	43.0989	4.6345
439	dh	133326	42.6951	4.6304
440	xc	133257	42.673	4.6302
441	iu	131166	42.0034	4.6233
442	gk	130162	41.6818	4.6199
443	mh	128828	41.2547	4.6155
444	fb	127045	40.6837	4.6094
445	cy	123736	39.624	4.598
446	xi	121862	39.0239	4.5913
447	ye	120465	38.5766	4.5863
448	dk	119771	38.3543	4.5838
449	sw	119511	38.2711	4.5829
450	wr	118738	38.0235	4.5801
451	yp	117969	37.7773	4.5772
452	dl	115591	37.0158	4.5684
453	np	115230	36.9002	4.567
454	hy	114450	36.6504	4.5641
455	pd	111575	35.7297	4.553
456	xp	105564	33.8048	4.529
457	tp	105562	33.8042	4.529
458	ïn	103625	33.1839	4.5209
459	lh	102026	32.6718	4.5142
460	t-	99921	31.9978	4.5051
461	xt	99831	31.9689	4.5047
462	gb	99769	31.9491	4.5045
463	mc	99745	31.9414	4.5044
464	fj	98836	31.6503	4.5004
465	eé	97476	31.2148	4.4944
466	dm	97241	31.1395	4.4933
467	mg	96978	31.0553	4.4921
468	pz	96972	31.0534	4.4921
469	n-	96576	30.9266	4.4903
470	aj	96478	30.8952	4.4899
471	wh	96153	30.7911	4.4884
472	db	95275	30.51	4.4844
473	uh	94895	30.3883	4.4827
474	nj	93065	29.8023	4.4742
475	yc	92887	29.7453	4.4734
476	zz	92589	29.6498	4.472
477	gw	92544	29.6354	4.4718
478	y'	90010	28.824	4.4598
479	-s	89687	28.7205	4.4582
480	fm	88336	28.2879	4.4516
481	eï	85412	27.3515	4.437
482	rj	85187	27.2795	4.4358
483	dz	85089	27.2481	4.4353
484	ym	84969	27.2097	4.4347
485	hz	84469	27.0496	4.4322
486	wn	82180	26.3165	4.4202
487	wt	80979	25.9319	4.4138
488	ln	80667	25.832	4.4122
489	-a	80663	25.8308	4.4121
490	dn	80563	25.7987	4.4116
491	oj	80546	25.7933	4.4115
492	lc	78852	25.2508	4.4023
493	-m	78320	25.0805	4.3993
494	fw	78217	25.0475	4.3988
495	sz	77130	24.6994	4.3927
496	ë$	76103	24.3705	4.3869
497	xa	74148	23.7445	4.3756
498	e'	72943	23.3586	4.3684
499	gv	72454	23.202	4.3655
500	pv	72447	23.1997	4.3655
501	uv	72085	23.0838	4.3633
502	dp	71962	23.0444	4.3626
503	sr	70814	22.6768	4.3556
504	n'	69988	22.4123	4.3505
505	ox	69464	22.2445	4.3472
506	kz	69226	22.1683	4.3457
507	ix	69216	22.1651	4.3457
508	a-	68837	22.0437	4.3433
509	gz	68398	21.9031	4.3405
510	yd	68150	21.8237	4.3389
511	o-	67961	21.7632	4.3377
512	xe	67636	21.6591	4.3356
513	wu	67581	21.6415	4.3353
514	'$	66584	21.3222	4.3288
515	fv	65046	20.8297	4.3187
516	hm	64338	20.603	4.3139
517	pb	64331	20.6008	4.3139
518	pk	63909	20.4656	4.311
519	fh	63689	20.3952	4.3095
520	sf	62688	20.0746	4.3026
521	km	62626	20.0548	4.3022
522	-o	62282	19.9446	4.2998
523	ml	62009	19.8572	4.2979
524	d-	60332	19.3201	4.286
525	ej	59931	19.1917	4.2831
526	-b	58787	18.8254	4.2747
527	hl	58113	18.6096	4.2697
528	gm	57730	18.4869	4.2669
529	r-	57390	18.378	4.2643
530	ao	56877	18.2138	4.2604
531	-t	56196	17.9957	4.2552
532	ër	55402	17.7414	4.249
533	-d	55257	17.695	4.2479
534	s-	54967	17.6021	4.2456
535	fk	52535	16.8233	4.2259
536	i-	52439	16.7926	4.2251
537	-p	50186	16.0711	4.206
538	ël	50100	16.0436	4.2053
539	-e	48206	15.437	4.1886
540	-v	46818	14.9926	4.1759
541	d'	46759	14.9737	4.1753
542	tf	46639	14.9352	4.1742
543	eq	46529	14.9	4.1732
544	jh	46253	14.8116	4.1706
545	'r	44922	14.3854	4.1579
546	^x	43912	14.062	4.148
547	yr	43692	13.9915	4.1459
548	fz	43356	13.8839	4.1425
549	py	42923	13.7453	4.1382
550	gy	42657	13.6601	4.1355
551	-c	42033	13.4603	4.1291
552	l-	42025	13.4577	4.129
553	yt	41593	13.3193	4.1245
554	mk	41180	13.1871	4.1201
555	-k	40681	13.0273	4.1149
556	pm	40411	12.9408	4.112
557	i'	39934	12.7881	4.1068
558	-g	39871	12.7679	4.1061
559	pw	39821	12.7519	4.1056
560	k-	39705	12.7148	4.1043
561	-h	39107	12.5233	4.0977
562	oï	38917	12.4624	4.0956
563	jb	38536	12.3404	4.0913
564	jw	38528	12.3378	4.0912
565	wb	37805	12.1063	4.083
566	-i	37631	12.0506	4.081
567	-l	37435	11.9878	4.0787
568	vé	37182	11.9068	4.0758
569	x-	36352	11.641	4.066
570	r'	36034	11.5392	4.0622
571	kp	35607	11.4024	4.057
572	dc	35079	11.2334	4.0505
573	-r	34688	11.1082	4.0456
574	ii	34599	11.0797	4.0445
575	lz	34479	11.0412	4.043
576	èr	34244	10.966	4.04
577	s'	34241	10.965	4.04
578	yb	33803	10.8248	4.0344
579	q$	33660	10.779	4.0326
580	-u	33273	10.655	4.0276
581	fy	33172	10.6227	4.0262
582	wl	32911	10.5391	4.0228
583	iè	32843	10.5173	4.0219
584	kg	32706	10.4735	4.0201
585	aï	32584	10.4344	4.0185
586	fp	32421	10.3822	4.0163
587	xy	32326	10.3518	4.015
588	mf	31721	10.158	4.0068
589	-w	31537	10.0991	4.0043
590	gp	30575	9.791	3.9908
591	gj	30386	9.7305	3.9881
592	t'	30098	9.6383	3.984
593	lr	29331	9.3927	3.9728
594	mw	28808	9.2252	3.965
595	yu	28405	9.0961	3.9589
596	ux	27701	8.8707	3.948
597	kd	27477	8.799	3.9444
598	vs	27228	8.7192	3.9405
599	mv	26978	8.6392	3.9365
600	cs	26575	8.5101	3.9299
601	g-	26150	8.374	3.9229
602	mn	26015	8.3308	3.9207
603	jm	25907	8.2962	3.9189
604	-f	25895	8.2924	3.9187
605	wk	25704	8.2312	3.9155
606	ïd	25247	8.0849	3.9077
607	y-	24680	7.9033	3.8978
608	m-	24479	7.8389	3.8943
609	l'	23747	7.6045	3.8811
610	iq	23697	7.5885	3.8802
611	uï	23495	7.5238	3.8764
612	ïs	23399	7.4931	3.8747
613	-n	22952	7.3499	3.8663
614	ih	22920	7.3397	3.8657
615	cg	22730	7.2788	3.8621
616	yw	22637	7.2491	3.8603
617	hs	22418	7.1789	3.8561
618	wc	22322	7.1482	3.8542
619	hh	21995	7.0435	3.8478
620	h-	21282	6.8151	3.8335
621	xo	21272	6.8119	3.8333
622	bj	21201	6.7892	3.8318
623	oq	21020	6.7312	3.8281
624	p-	20336	6.5122	3.8137
625	mz	20303	6.5016	3.813
626	kv	20185	6.4639	3.8105
627	wy	20004	6.4059	3.8066
628	èn	19421	6.2192	3.7937
629	ëi	18509	5.9271	3.7728
630	ëe	18501	5.9246	3.7727
631	-z	18433	5.9028	3.7711
632	cd	18170	5.8186	3.7648
633	pc	17959	5.751	3.7597
634	zy	17904	5.7334	3.7584
635	qo	17827	5.7087	3.7565
636	'a	17808	5.7027	3.7561
637	vy	17625	5.6441	3.7516
638	df	17187	5.5038	3.7407
639	sq	16811	5.3834	3.7311
640	aq	16500	5.2838	3.7229
641	k'	16495	5.2822	3.7228
642	ör	16172	5.1788	3.7142
643	hw	15972	5.1147	3.7088
644	wg	15700	5.0276	3.7014
645	fn	15334	4.9104	3.6911
646	-j	15050	4.8195	3.683
647	oö	15004	4.8047	3.6817
648	uy	14970	4.7939	3.6807
649	uo	14782	4.7336	3.6752
650	'h	14514	4.6478	3.6672
651	'e	14476	4.6357	3.6661
652	f-	14335	4.5905	3.6619
653	hb	14307	4.5815	3.661
654	cè	14224	4.555	3.6585
655	fé	14009	4.4861	3.6519
656	gf	13923	4.4586	3.6492
657	v-	13886	4.4467	3.648
658	yi	13675	4.3792	3.6414
659	'd	13569	4.3452	3.638
660	'w	13453	4.3081	3.6343
661	pf	13336	4.2706	3.6305
662	yg	13047	4.178	3.621
663	'i	12955	4.1486	3.6179
664	té	12901	4.1313	3.6161
665	yk	12570	4.0253	3.6048
666	vd	12519	4.009	3.603
667	cm	12216	3.9119	3.5924
668	u-	12131	3.8847	3.5894
669	oë	11573	3.706	3.5689
670	c-	11557	3.7009	3.5683
671	u'	11538	3.6948	3.5676
672	yf	11450	3.6666	3.5643
673	b-	11441	3.6638	3.5639
674	zh	11361	3.6381	3.5609
675	óó	11242	3.6	3.5563
676	ór	11019	3.5286	3.5476
677	é-	10974	3.5142	3.5458
678	hd	10848	3.4739	3.5408
679	él	10674	3.4181	3.5338
680	vó	10513	3.3666	3.5272
681	aë	10477	3.3551	3.5257
682	kf	10418	3.3362	3.5233
683	iw	10313	3.3025	3.5188
684	cj	10228	3.2753	3.5153
685	cq	10214	3.2708	3.5147
686	cn	10198	3.2657	3.514
687	'b	10019	3.2084	3.5063
688	wm	9983	3.1969	3.5047
689	ré	9940	3.1831	3.5029
690	g'	9939	3.1828	3.5028
691	bd	9774	3.1299	3.4955
692	uj	9627	3.0829	3.489
693	vj	9601	3.0745	3.4878
694	bc	9450	3.0262	3.4809
695	iy	9370	3.0006	3.4772
696	ér	9192	2.9436	3.4689
697	'c	9141	2.9272	3.4665
698	dé	8997	2.8811	3.4596
699	yv	8959	2.8689	3.4577
700	'l	8850	2.834	3.4524
701	h'	8787	2.8139	3.4493
702	gc	8657	2.7722	3.4428
703	ww	8467	2.7114	3.4332
704	fc	8439	2.7024	3.4317
705	cb	8398	2.6893	3.4296
706	xu	8201	2.6262	3.4193
707	w-	8163	2.614	3.4173
708	bh	8084	2.5887	3.4131
709	ün	8025	2.5699	3.4099
710	ïe	7931	2.5397	3.4048
711	jr	7897	2.5289	3.4029
712	'k	7849	2.5135	3.4003
713	wj	7844	2.5119	3.4
714	hk	7792	2.4952	3.3971
715	zl	7643	2.4475	3.3887
716	à$	7618	2.4395	3.3873
717	ên	7606	2.4357	3.3866
718	wv	7505	2.4033	3.3808
719	'j	7464	2.3902	3.3784
720	bn	7432	2.38	3.3766
721	gê	7373	2.3611	3.3731
722	kc	7311	2.3412	3.3694
723	bz	7289	2.3342	3.3681
724	rö	7277	2.3303	3.3674
725	wp	7259	2.3246	3.3663
726	mé	7190	2.3025	3.3622
727	vn	7173	2.297	3.3612
728	cp	7157	2.2919	3.3602
729	rè	7122	2.2807	3.3581
730	üh	7113	2.2778	3.3575
731	rq	7095	2.272	3.3564
732	'o	6975	2.2336	3.349
733	fü	6941	2.2227	3.3469
734	hc	6920	2.216	3.3456
735	és	6862	2.1974	3.3419
736	nq	6664	2.134	3.3292
737	sé	6507	2.0837	3.3188
738	zn	6485	2.0767	3.3174
739	eü	6372	2.0405	3.3097
739	wf	6372	2.0405	3.3097
740	ño	6338	2.0296	3.3074
741	nx	6329	2.0267	3.3068
742	yj	6325	2.0255	3.3065
743	ön	6207	1.9877	3.2984
744	lé	6200	1.9854	3.2978
745	ït	6180	1.979	3.2964
746	'u	6097	1.9524	3.2906
747	hj	6079	1.9467	3.2893
748	qa	5893	1.8871	3.2758
749	eñ	5747	1.8404	3.2649
750	'v	5717	1.8308	3.2626
751	ëx	5623	1.8007	3.2554
752	p'	5557	1.7795	3.2503
753	cv	5547	1.7763	3.2495
754	né	5355	1.7148	3.2342
755	éc	5285	1.6924	3.2285
756	jj	5273	1.6886	3.2275
757	j-	5266	1.6863	3.2269
758	zó	5229	1.6745	3.2239
759	ó$	5202	1.6658	3.2216
760	èm	5133	1.6437	3.2158
761	bm	5098	1.6325	3.2129
762	c'	5091	1.6303	3.2123
763	hp	5063	1.6213	3.2099
764	zr	5036	1.6127	3.2076
765	xl	4999	1.6008	3.2043
766	ée	4943	1.5829	3.1995
767	xf	4935	1.5803	3.1987
768	z-	4932	1.5794	3.1985
769	b'	4888	1.5653	3.1946
770	-y	4837	1.549	3.1901
771	ï$	4807	1.5393	3.1873
772	ëz	4756	1.523	3.1827
773	v'	4741	1.5182	3.1813
774	zm	4735	1.5163	3.1808
775	hf	4635	1.4843	3.1715
775	xx	4635	1.4843	3.1715
776	ét	4621	1.4798	3.1702
777	'g	4538	1.4532	3.1623
778	ëv	4430	1.4186	3.1519
779	üb	4342	1.3904	3.1431
780	mj	4231	1.3549	3.1319
781	ët	4202	1.3456	3.1289
782	^ü	4156	1.3309	3.1241
783	^à	4103	1.3139	3.1186
784	hg	4072	1.304	3.1153
785	cf	3944	1.263	3.1014
786	^è	3942	1.2623	3.1012
787	zg	3826	1.2252	3.0882
788	ón	3800	1.2169	3.0853
789	gé	3778	1.2098	3.0827
790	f'	3760	1.2041	3.0807
791	yh	3636	1.1644	3.0661
792	éa	3587	1.1487	3.0602
793	wé	3542	1.1343	3.0547
794	yz	3529	1.1301	3.0531
795	qi	3484	1.1157	3.0475
796	'z	3455	1.1064	3.0439
797	j'	3401	1.0891	3.0371
798	èè	3332	1.067	3.0282
799	cé	3327	1.0654	3.0275
800	hv	3319	1.0628	3.0265
801	rx	3212	1.0286	3.0122
802	zt	3136	1.0042	3.0018
803	zs	3134	1.0036	3.0016
804	nç	3113	0.9969	2.9987
805	'p	3039	0.9732	2.9882
806	w'	3029	0.97	2.9868
807	ïr	3017	0.9661	2.985
808	cz	2963	0.9488	2.9772
809	zb	2954	0.946	2.9759
810	át	2945	0.9431	2.9746
811	éd	2908	0.9312	2.969
812	uq	2885	0.9239	2.9656
813	ïm	2883	0.9232	2.9653
814	éo	2826	0.905	2.9566
815	ém	2745	0.879	2.944
816	zk	2733	0.8752	2.9421
817	mü	2712	0.8685	2.9388
818	kè	2668	0.8544	2.9317
819	bv	2633	0.8432	2.9259
820	ié	2620	0.839	2.9238
821	xb	2593	0.8304	2.9193
822	üm	2577	0.8252	2.9166
823	pé	2549	0.8163	2.9118
824	ço	2548	0.8159	2.9116
825	dá	2531	0.8105	2.9088
826	xw	2503	0.8015	2.9039
827	vc	2498	0.7999	2.903
828	x'	2483	0.7951	2.9004
829	^ó	2480	0.7942	2.8999
830	ïï	2472	0.7916	2.8985
831	uü	2465	0.7894	2.8973
832	án	2464	0.789	2.8971
833	bw	2450	0.7846	2.8946
834	-q	2448	0.7839	2.8943
835	vp	2406	0.7705	2.8868
836	èv	2384	0.7634	2.8828
837	aî	2267	0.726	2.8609
837	ît	2267	0.726	2.8609
838	á$	2240	0.7173	2.8557
839	nè	2182	0.6987	2.8443
840	bk	2178	0.6975	2.8435
841	ué	2160	0.6917	2.8399
842	là	2114	0.677	2.8306
843	ña	2073	0.6638	2.822
844	ür	2062	0.6603	2.8197
845	^â	2026	0.6488	2.8121
845	xs	2026	0.6488	2.8121
846	hö	2006	0.6424	2.8078
847	mó	2005	0.6421	2.8076
848	ég	1961	0.628	2.798
849	bé	1948	0.6238	2.795
850	zp	1947	0.6235	2.7948
851	éj	1939	0.6209	2.793
852	ça	1935	0.6196	2.7921
853	bp	1917	0.6139	2.7881
854	èl	1861	0.5959	2.7752
855	xv	1851	0.5927	2.7728
856	yx	1806	0.5783	2.7622
857	^í	1801	0.5767	2.7609
858	ïc	1791	0.5735	2.7585
859	xh	1788	0.5726	2.7579
860	âª	1741	0.5575	2.7462
861	ár	1739	0.5569	2.7458
862	ª$	1737	0.5562	2.7452
863	zj	1712	0.5482	2.7389
864	ép	1701	0.5447	2.7362
865	^á	1696	0.5431	2.7349
866	áá	1693	0.5422	2.7342
867	jc	1679	0.5377	2.7305
868	ès	1654	0.5297	2.724
869	gö	1633	0.5229	2.7184
870	óf	1617	0.5178	2.7142
871	bè	1591	0.5095	2.7071
872	vx	1576	0.5047	2.703
873	èt	1574	0.504	2.7024
874	ã$	1565	0.5012	2.7
875	év	1553	0.4973	2.6966
876	iñ	1537	0.4922	2.6921
877	vk	1534	0.4912	2.6913
878	wá	1506	0.4823	2.6833
879	íj	1503	0.4813	2.6824
880	zc	1426	0.4566	2.6595
881	ín	1392	0.4458	2.6491
882	üs	1366	0.4374	2.6409
883	-x	1361	0.4358	2.6393
884	xm	1350	0.4323	2.6358
885	wz	1336	0.4278	2.6312
886	öm	1331	0.4262	2.6296
887	zv	1324	0.424	2.6274
888	vv	1295	0.4147	2.6177
889	ĳ$	1282	0.4105	2.6133
890	éb	1256	0.4022	2.6044
891	jà	1247	0.3993	2.6013
892	bf	1227	0.3929	2.5943
893	zé	1209	0.3872	2.5879
894	ãn	1207	0.3865	2.5871
895	vh	1201	0.3846	2.585
896	ës	1199	0.384	2.5843
897	öe	1184	0.3792	2.5789
898	bg	1174	0.376	2.5752
899	lè	1165	0.3731	2.5718
900	tá	1159	0.3711	2.5695
901	jö	1152	0.3689	2.5669
902	ëd	1129	0.3615	2.5581
903	èc	1120	0.3587	2.5547
904	yy	1119	0.3583	2.5542
905	nó	1114	0.3567	2.5523
906	zd	1098	0.3516	2.546
907	má	1087	0.3481	2.5417
908	üp	1086	0.3478	2.5413
909	vg	1079	0.3455	2.5384
910	xr	1072	0.3433	2.5357
911	ú$	1070	0.3426	2.5348
912	vf	1058	0.3388	2.5299
913	ál	1056	0.3382	2.5292
914	q-	1054	0.3375	2.5283
914	í$	1054	0.3375	2.5283
914	ía	1054	0.3375	2.5283
915	é'	1028	0.3292	2.5175
916	'f	1022	0.3273	2.5149
917	ás	994	0.3183	2.5028
918	rü	987	0.3161	2.4998
919	lá	973	0.3116	2.4936
920	ió	966	0.3093	2.4904
921	öl	948	0.3036	2.4823
922	dè	946	0.3029	2.4813
923	óg	940	0.301	2.4786
924	px	938	0.3004	2.4777
925	ék	919	0.2943	2.4688
926	öh	907	0.2904	2.463
927	ât	906	0.2901	2.4625
928	rí	894	0.2863	2.4568
929	êt	892	0.2856	2.4558
930	qe	891	0.2853	2.4553
931	ĳk	877	0.2808	2.4484
932	ĳn	876	0.2805	2.4479
933	xd	871	0.2789	2.4454
934	cw	868	0.278	2.444
935	ík	866	0.2773	2.4429
936	zü	861	0.2757	2.4404
937	än	856	0.2741	2.4379
938	lĳ	854	0.2735	2.437
939	ïa	845	0.2706	2.4323
940	gü	837	0.268	2.4281
941	éz	822	0.2632	2.4203
942	-é	813	0.2603	2.4155
943	ís	812	0.26	2.415
944	rô	809	0.2591	2.4135
945	rä	795	0.2546	2.4059
946	hâ	788	0.2523	2.4019
947	éf	785	0.2514	2.4004
948	vt	783	0.2507	2.3992
949	añ	782	0.2504	2.3986
950	vm	779	0.2495	2.3971
951	ão	775	0.2482	2.3948
952	mx	774	0.2479	2.3943
953	íe	772	0.2472	2.393
954	ør	763	0.2443	2.3879
955	aç	746	0.2389	2.3782
956	pè	742	0.2376	2.3758
957	öp	739	0.2367	2.3742
958	tx	737	0.236	2.3729
959	sí	736	0.2357	2.3724
960	mí	735	0.2354	2.3718
961	xn	733	0.2347	2.3705
962	vw	730	0.2338	2.3688
963	äu	726	0.2325	2.3664
964	iã	725	0.2322	2.3659
964	ül	725	0.2322	2.3659
965	ró	724	0.2318	2.3651
966	jé	723	0.2315	2.3646
967	mö	721	0.2309	2.3634
968	zf	712	0.228	2.3579
969	oé	704	0.2254	2.353
970	dü	698	0.2235	2.3493
971	óe	696	0.2229	2.3481
972	lq	695	0.2226	2.3475
973	jy	691	0.2213	2.345
974	eè	688	0.2203	2.343
975	nú	679	0.2174	2.3373
976	ëm	677	0.2168	2.3361
977	ĳd	676	0.2165	2.3355
978	hã	675	0.2162	2.3349
979	tó	673	0.2155	2.3334
980	ö$	666	0.2133	2.329
981	dí	664	0.2126	2.3276
982	fö	663	0.2123	2.3269
983	eã	662	0.212	2.3263
984	tí	661	0.2117	2.3257
985	há	659	0.211	2.3243
986	tè	655	0.2098	2.3218
987	ò$	648	0.2075	2.317
988	dx	645	0.2065	2.3149
988	ös	645	0.2065	2.3149
989	wè	640	0.2049	2.3115
990	lü	631	0.2021	2.3056
991	hä	626	0.2005	2.3021
992	öt	621	0.1989	2.2986
993	lí	620	0.1985	2.2978
994	är	613	0.1963	2.2929
995	jø	602	0.1928	2.2851
996	rê	598	0.1915	2.2822
997	ïb	595	0.1905	2.2799
998	rá	581	0.1861	2.2697
998	ñe	581	0.1861	2.2697
999	zĳ	580	0.1857	2.2688
1000	tĳ	571	0.1829	2.2622
1000	xk	571	0.1829	2.2622
1001	hq	569	0.1822	2.2605
1002	jä	559	0.179	2.2529
1002	kö	559	0.179	2.2529
1003	iï	557	0.1784	2.2514
1004	qb	545	0.1745	2.2418
1005	kã	539	0.1726	2.237
1006	hx	535	0.1713	2.2338
1006	ê$	535	0.1713	2.2338
1007	ûl	532	0.1704	2.2315
1008	ãã	529	0.1694	2.2289
1009	rĳ	522	0.1672	2.2232
1010	qr	520	0.1665	2.2214
1010	sö	520	0.1665	2.2214
1011	ïl	515	0.1649	2.2172
1012	ô$	513	0.1643	2.2156
1013	uê	512	0.164	2.2148
1014	^ö	510	0.1633	2.213
1015	ló	505	0.1617	2.2087
1016	có	503	0.1611	2.2071
1017	jí	498	0.1595	2.2028
1018	uñ	497	0.1592	2.2019
1019	íl	496	0.1588	2.2009
1020	aä	495	0.1585	2.2
1021	^î	488	0.1563	2.194
1021	ní	488	0.1563	2.194
1021	æm	488	0.1563	2.194
1022	oñ	484	0.155	2.1903
1023	öd	483	0.1547	2.1895
1024	äg	482	0.1544	2.1886
1025	dæ	480	0.1537	2.1867
1026	ôt	471	0.1508	2.1784
1027	ôm	467	0.1495	2.1746
1028	^ã	461	0.1476	2.1691
1029	qq	455	0.1457	2.1635
1030	ëf	450	0.1441	2.1587
1031	kx	445	0.1425	2.1538
1031	sè	445	0.1425	2.1538
1032	hĳ	443	0.1419	2.152
1033	bq	439	0.1406	2.148
1033	hê	439	0.1406	2.148
1034	ïi	438	0.1403	2.1471
1035	eç	435	0.1393	2.144
1036	ž$	431	0.138	2.1399
1037	sx	425	0.1361	2.1339
1037	óv	425	0.1361	2.1339
1038	ún	419	0.1342	2.1278
1039	^ν	418	0.1339	2.1268
1040	óm	417	0.1335	2.1255
1041	^ï	415	0.1329	2.1235
1042	vá	411	0.1316	2.1193
1043	ná	410	0.1313	2.1183
1043	àt	410	0.1313	2.1183
1044	mq	408	0.1307	2.1163
1045	hü	405	0.1297	2.1129
1046	^ç	398	0.1275	2.1055
1046	ók	398	0.1275	2.1055
1047	ïg	393	0.1259	2.1
1048	'y	387	0.1239	2.0931
1048	bö	387	0.1239	2.0931
1049	éh	386	0.1236	2.092
1050	èd	384	0.123	2.0899
1051	uè	381	0.122	2.0864
1052	^ú	380	0.1217	2.0853
1053	çu	377	0.1207	2.0817
1054	gq	376	0.1204	2.0806
1055	dq	370	0.1185	2.0737
1056	ós	369	0.1182	2.0726
1057	vè	366	0.1172	2.0689
1058	lö	364	0.1166	2.0667
1059	dó	362	0.1159	2.0641
1060	eó	361	0.1156	2.063
1061	üg	359	0.115	2.0607
1062	rç	358	0.1146	2.0592
1063	ì$	354	0.1134	2.0546
1063	óc	354	0.1134	2.0546
1064	eî	353	0.113	2.0531
1065	oî	351	0.1124	2.0508
1066	îe	349	0.1118	2.0484
1067	µ$	345	0.1105	2.0434
1068	öz	343	0.1098	2.0406
1069	mè	340	0.1089	2.037
1070	^µ	339	0.1086	2.0358
1070	óp	339	0.1086	2.0358
1071	fï	338	0.1082	2.0342
1072	uá	335	0.1073	2.0306
1073	qw	333	0.1066	2.0278
1073	à-	333	0.1066	2.0278
1074	uí	332	0.1063	2.0265
1075	ít	331	0.106	2.0253
1076	gè	328	0.105	2.0212
1077	â$	327	0.1047	2.0199
1078	öc	324	0.1038	2.0162
1079	iá	320	0.1025	2.0107
1080	bü	318	0.1018	2.0077
1081	ïv	314	0.1006	2.0026
1082	ús	313	0.1002	2.0009
1083	mĳ	308	0.0986	1.9939
1083	wí	308	0.0986	1.9939
1084	fè	305	0.0977	1.9899
1084	jó	305	0.0977	1.9899
1084	q'	305	0.0977	1.9899
1085	dö	304	0.0974	1.9886
1085	vb	304	0.0974	1.9886
1086	zq	301	0.0964	1.9841
1086	ág	301	0.0964	1.9841
1087	cí	297	0.0951	1.9782
1087	wĳ	297	0.0951	1.9782
1088	éi	291	0.0932	1.9694
1089	dà	289	0.0925	1.9661
1090	ãr	286	0.0916	1.9619
1091	kž	285	0.0913	1.9605
1092	xg	284	0.0909	1.9586
1093	äl	282	0.0903	1.9557
1093	üt	282	0.0903	1.9557
1094	aü	281	0.09	1.9542
1095	sø	280	0.0897	1.9528
1096	ám	278	0.089	1.9494
1097	gä	277	0.0887	1.9479
1097	י$	277	0.0887	1.9479
1098	kü	274	0.0877	1.943
1099	aí	273	0.0874	1.9415
1099	êp	273	0.0874	1.9415
1100	yq	272	0.0871	1.94
1101	gû	271	0.0868	1.9385
1101	ká	271	0.0868	1.9385
1102	dû	269	0.0861	1.935
1103	ôn	268	0.0858	1.9335
1104	xj	267	0.0855	1.932
1105	bĳ	265	0.0849	1.9289
1105	jĳ	265	0.0849	1.9289
1106	zí	264	0.0845	1.9269
1107	hô	263	0.0842	1.9253
1108	zx	260	0.0833	1.9206
1108	óu	260	0.0833	1.9206
1109	qh	257	0.0823	1.9154
1110	bx	256	0.082	1.9138
1110	nã	256	0.082	1.9138
1111	^ì	255	0.0817	1.9122
1111	cô	255	0.0817	1.9122
1112	gó	254	0.0813	1.9101
1113	qt	252	0.0807	1.9069
1114	cx	249	0.0797	1.9015
1114	hë	249	0.0797	1.9015
1115	kä	248	0.0794	1.8998
1115	în	248	0.0794	1.8998
1116	üe	246	0.0788	1.8965
1117	'q	244	0.0781	1.8927
1118	rû	243	0.0778	1.891
1119	jü	242	0.0775	1.8893
1119	zá	242	0.0775	1.8893
1119	éw	242	0.0775	1.8893
1119	üc	242	0.0775	1.8893
1120	hí	241	0.0772	1.8876
1121	lx	240	0.0769	1.8859
1122	ûr	238	0.0762	1.882
1122	νe	238	0.0762	1.882
1123	º$	237	0.0759	1.8802
1124	cá	236	0.0756	1.8785
1125	oã	235	0.0753	1.8768
1126	öb	234	0.0749	1.8745
1127	vä	232	0.0743	1.871
1128	-à	231	0.074	1.8692
1128	^å	231	0.074	1.8692
1129	lë	230	0.0737	1.8675
1129	sü	230	0.0737	1.8675
1130	sã	229	0.0733	1.8651
1130	ë'	229	0.0733	1.8651
1130	ói	229	0.0733	1.8651
1131	øg	228	0.073	1.8633
1132	tò	227	0.0727	1.8615
1132	îk	227	0.0727	1.8615
1133	^º	226	0.0724	1.8597
1134	ír	225	0.0721	1.8579
1135	íg	222	0.0711	1.8519
1136	î$	219	0.0701	1.8457
1137	ád	218	0.0698	1.8439
1138	kí	217	0.0695	1.842
1139	äs	214	0.0685	1.8357
1140	ím	213	0.0682	1.8338
1141	hø	211	0.0676	1.8299
1141	wq	211	0.0676	1.8299
1141	ío	211	0.0676	1.8299
1142	èg	210	0.0672	1.8274
1143	sú	206	0.066	1.8195
1144	tê	205	0.0656	1.8169
1145	qs	203	0.065	1.8129
1145	tü	203	0.065	1.8129
1146	åk	202	0.0647	1.8109
1147	rø	201	0.0644	1.8089
1147	år	201	0.0644	1.8089
1148	ôl	200	0.064	1.8062
1149	fx	198	0.0634	1.8021
1150	ót	197	0.0631	1.8
1151	îi	196	0.0628	1.798
1152	íc	195	0.0624	1.7952
1153	já	194	0.0621	1.7931
1154	יn	192	0.0615	1.7889
1155	áp	191	0.0612	1.7868
1156	hó	188	0.0602	1.7796
1157	iê	187	0.0599	1.7774
1157	ë-	187	0.0599	1.7774
1157	š$	187	0.0599	1.7774
1158	òr	185	0.0592	1.7723
1159	cú	180	0.0576	1.7604
1160	mô	179	0.0573	1.7582
1160	nü	179	0.0573	1.7582
1161	ví	177	0.0567	1.7536
1162	kי	176	0.0564	1.7513
1162	pq	176	0.0564	1.7513
1162	òò	176	0.0564	1.7513
1163	xq	175	0.056	1.7482
1164	ìk	171	0.0548	1.7388
1165	ög	170	0.0544	1.7356
1166	úl	169	0.0541	1.7332
1167	lä	168	0.0538	1.7308
1167	mì	168	0.0538	1.7308
1167	vò	168	0.0538	1.7308
1168	ác	166	0.0532	1.7259
1169	äp	165	0.0528	1.7226
1170	ïj	164	0.0525	1.7202
1171	qy	163	0.0522	1.7177
1171	ä$	163	0.0522	1.7177
1172	fí	162	0.0519	1.7152
1172	tú	162	0.0519	1.7152
1172	äk	162	0.0519	1.7152
1172	øl	162	0.0519	1.7152
1173	ïo	161	0.0516	1.7126
1174	lô	160	0.0512	1.7093
1174	äm	160	0.0512	1.7093
1174	ûm	160	0.0512	1.7093
1175	èh	158	0.0506	1.7042
1176	sû	155	0.0496	1.6955
1176	êr	155	0.0496	1.6955
1176	øn	155	0.0496	1.6955
1177	^æ	154	0.0493	1.6928
1178	יי	153	0.049	1.6902
1179	tà	152	0.0487	1.6875
1180	^י	151	0.0484	1.6848
1180	éu	151	0.0484	1.6848
1181	gx	150	0.048	1.6812
1181	sä	150	0.048	1.6812
1182	êm	149	0.0477	1.6785
1183	bä	148	0.0474	1.6758
1183	gá	148	0.0474	1.6758
1184	hš	147	0.0471	1.673
1184	pá	147	0.0471	1.673
1184	ý$	147	0.0471	1.673
1184	ĳs	147	0.0471	1.673
1185	ån	144	0.0461	1.6637
1185	ù$	144	0.0461	1.6637
1186	^ø	143	0.0458	1.6609
1186	lï	143	0.0458	1.6609
1187	hž	142	0.0455	1.658
1188	aé	141	0.0452	1.6551
1188	oí	141	0.0452	1.6551
1188	ße	141	0.0452	1.6551
1189	eä	140	0.0448	1.6513
1190	mø	139	0.0445	1.6484
1190	ân	139	0.0445	1.6484
1190	ü$	139	0.0445	1.6484
1190	ĳf	139	0.0445	1.6484
1191	^τ	138	0.0442	1.6454
1191	dú	138	0.0442	1.6454
1191	kó	138	0.0442	1.6454
1191	må	138	0.0442	1.6454
1191	àn	138	0.0442	1.6454
1192	áz	136	0.0436	1.6395
1192	îs	136	0.0436	1.6395
1193	oğ	134	0.0429	1.6325
1194	êv	133	0.0426	1.6294
1194	íd	133	0.0426	1.6294
1195	dï	132	0.0423	1.6263
1195	ås	132	0.0423	1.6263
1196	dî	131	0.042	1.6232
1196	hå	131	0.042	1.6232
1196	νa	131	0.042	1.6232
1197	kĳ	130	0.0416	1.6191
1197	qv	130	0.0416	1.6191
1197	rã	130	0.0416	1.6191
1197	îa	130	0.0416	1.6191
1198	äh	129	0.0413	1.616
1199	ái	128	0.041	1.6128
1200	uë	127	0.0407	1.6096
1201	gå	126	0.0403	1.6053
1201	ôg	126	0.0403	1.6053
1202	gà	125	0.04	1.6021
1202	nî	125	0.04	1.6021
1202	è-	125	0.04	1.6021
1202	ø$	125	0.04	1.6021
1203	mä	122	0.0391	1.5922
1203	wö	122	0.0391	1.5922
1203	áb	122	0.0391	1.5922
1203	äc	122	0.0391	1.5922
1204	ãl	121	0.0387	1.5877
1205	râ	120	0.0384	1.5843
1206	tä	118	0.0378	1.5775
1207	dä	116	0.0371	1.5694
1208	^ê	114	0.0365	1.5623
1208	wà	114	0.0365	1.5623
1208	äf	114	0.0365	1.5623
1209	qn	113	0.0362	1.5587
1209	â'	113	0.0362	1.5587
1209	νo	113	0.0362	1.5587
1210	'é	112	0.0359	1.5551
1210	^ë	112	0.0359	1.5551
1210	^ò	112	0.0359	1.5551
1210	bá	112	0.0359	1.5551
1210	sá	112	0.0359	1.5551
1210	vz	112	0.0359	1.5551
1210	ät	112	0.0359	1.5551
1210	üd	112	0.0359	1.5551
1211	äd	111	0.0355	1.5502
1211	éx	111	0.0355	1.5502
1212	pó	110	0.0352	1.5465
1212	rå	110	0.0352	1.5465
1213	nï	109	0.0349	1.5428
1214	të	108	0.0346	1.5391
1214	tö	108	0.0346	1.5391
1214	ç$	108	0.0346	1.5391
1215	tq	107	0.0343	1.5353
1215	ĳe	107	0.0343	1.5353
1216	^μ	106	0.0339	1.5302
1216	yû	106	0.0339	1.5302
1216	íp	106	0.0339	1.5302
1217	ák	104	0.0333	1.5224
1218	øy	103	0.033	1.5185
1219	^ž	102	0.0327	1.5145
1219	ĳg	102	0.0327	1.5145
1220	rú	100	0.032	1.5051
1221	''	99	0.0317	1.5011
1221	pâ	99	0.0317	1.5011
1221	èo	99	0.0317	1.5011
1221	îî	99	0.0317	1.5011
1222	dã	98	0.0314	1.4969
1222	fá	98	0.0314	1.4969
1222	rý	98	0.0314	1.4969
1222	wü	98	0.0314	1.4969
1223	âc	97	0.0311	1.4928
1224	nò	96	0.0307	1.4871
1224	qm	96	0.0307	1.4871
1224	ãe	96	0.0307	1.4871
1225	sô	95	0.0304	1.4829
1225	äa	95	0.0304	1.4829
1225	å$	95	0.0304	1.4829
1226	yé	94	0.0301	1.4786
1226	êl	94	0.0301	1.4786
1227	^ä	93	0.0298	1.4742
1227	iî	93	0.0298	1.4742
1227	kq	93	0.0298	1.4742
1228	lò	92	0.0295	1.4698
1228	èe	92	0.0295	1.4698
1228	ìn	92	0.0295	1.4698
1228	ök	92	0.0295	1.4698
1229	aß	91	0.0291	1.4639
1229	lú	91	0.0291	1.4639
1229	rò	91	0.0291	1.4639
1229	ýz	91	0.0291	1.4639
1229	þi	91	0.0291	1.4639
1230	cê	90	0.0288	1.4594
1230	ôr	90	0.0288	1.4594
1230	üz	90	0.0288	1.4594
1231	wx	89	0.0285	1.4548
1231	ûz	89	0.0285	1.4548
1232	kô	88	0.0282	1.4502
1233	nä	87	0.0279	1.4456
1233	xz	87	0.0279	1.4456
1234	eν	86	0.0275	1.4393
1234	hú	86	0.0275	1.4393
1234	ql	86	0.0275	1.4393
1234	æo	86	0.0275	1.4393
1234	ëë	86	0.0275	1.4393
1235	bî	85	0.0272	1.4346
1235	öf	85	0.0272	1.4346
1236	pä	84	0.0269	1.4298
1236	qc	84	0.0269	1.4298
1236	rî	84	0.0269	1.4298
1236	ãs	84	0.0269	1.4298
1236	ål	84	0.0269	1.4298
1236	ï-	84	0.0269	1.4298
1237	îj	83	0.0266	1.4249
1237	îm	83	0.0266	1.4249
1237	úm	83	0.0266	1.4249
1238	aú	82	0.0263	1.42
1238	hי	82	0.0263	1.42
1238	çe	82	0.0263	1.42
1238	þe	82	0.0263	1.42
1239	zô	81	0.0259	1.4133
1239	ğu	81	0.0259	1.4133
1239	žn	81	0.0259	1.4133
1240	tô	80	0.0256	1.4082
1240	îo	80	0.0256	1.4082
1241	òf	79	0.0253	1.4031
1242	uã	78	0.025	1.3979
1242	ĳt	78	0.025	1.3979
1243	eá	77	0.0247	1.3927
1243	eí	77	0.0247	1.3927
1243	rï	77	0.0247	1.3927
1243	àr	77	0.0247	1.3927
1243	ól	77	0.0247	1.3927
1244	ût	76	0.0243	1.3856
1245	tã	75	0.024	1.3802
1245	yè	75	0.024	1.3802
1245	úr	75	0.024	1.3802
1246	eê	74	0.0237	1.3747
1246	kë	74	0.0237	1.3747
1246	qd	74	0.0237	1.3747
1246	sà	74	0.0237	1.3747
1247	dô	73	0.0234	1.3692
1247	mù	73	0.0234	1.3692
1247	pí	73	0.0234	1.3692
1247	só	73	0.0234	1.3692
1247	wï	73	0.0234	1.3692
1247	âs	73	0.0234	1.3692
1247	øm	73	0.0234	1.3692
1248	wó	72	0.0231	1.3636
1248	àl	72	0.0231	1.3636
1248	âo	72	0.0231	1.3636
1248	ãd	72	0.0231	1.3636
1248	éy	72	0.0231	1.3636
1249	^ĳ	71	0.0227	1.356
1249	fq	71	0.0227	1.356
1249	è'	71	0.0227	1.356
1249	ôc	71	0.0227	1.356
1250	nô	70	0.0224	1.3502
1250	îc	70	0.0224	1.3502
1250	öy	70	0.0224	1.3502
1250	ùi	70	0.0224	1.3502
1251	tï	69	0.0221	1.3444
1251	èp	69	0.0221	1.3444
1251	ëp	69	0.0221	1.3444
1251	öv	69	0.0221	1.3444
1252	iç	68	0.0218	1.3385
1253	uî	67	0.0215	1.3324
1253	às	67	0.0215	1.3324
1253	àà	67	0.0215	1.3324
1253	óé	67	0.0215	1.3324
1254	öj	66	0.0211	1.3243
1254	öö	66	0.0211	1.3243
1254	ød	66	0.0211	1.3243
1254	žž	66	0.0211	1.3243
1255	^η	65	0.0208	1.3181
1255	bø	65	0.0208	1.3181
1255	µµ	65	0.0208	1.3181
1255	èq	65	0.0208	1.3181
1255	öw	65	0.0208	1.3181
1255	øe	65	0.0208	1.3181
1255	ĳv	65	0.0208	1.3181
1256	ãt	64	0.0205	1.3118
1257	vã	63	0.0202	1.3054
1257	wä	63	0.0202	1.3054
1257	îd	63	0.0202	1.3054
1257	úw	63	0.0202	1.3054
1258	aã	62	0.0199	1.2989
1258	pĳ	62	0.0199	1.2989
1258	vô	62	0.0199	1.2989
1258	ãm	62	0.0199	1.2989
1258	ük	62	0.0199	1.2989
1259	nº	61	0.0195	1.29
1259	oþ	61	0.0195	1.29
1259	zú	61	0.0195	1.29
1259	øs	61	0.0195	1.29
1259	е$	61	0.0195	1.29
1260	^ª	60	0.0192	1.2833
1260	vĳ	60	0.0192	1.2833
1260	ôô	60	0.0192	1.2833
1261	eö	59	0.0189	1.2765
1261	iß	59	0.0189	1.2765
1261	mã	59	0.0189	1.2765
1261	áv	59	0.0189	1.2765
1261	ìs	59	0.0189	1.2765
1261	òn	59	0.0189	1.2765
1261	ôz	59	0.0189	1.2765
1261	þm	59	0.0189	1.2765
1262	nù	58	0.0186	1.2695
1262	rì	58	0.0186	1.2695
1262	vö	58	0.0186	1.2695
1263	hì	57	0.0183	1.2625
1263	úc	57	0.0183	1.2625
1263	úi	57	0.0183	1.2625
1263	ĳp	57	0.0183	1.2625
1264	^þ	56	0.0179	1.2529
1264	eå	56	0.0179	1.2529
1264	kú	56	0.0179	1.2529
1264	lê	56	0.0179	1.2529
1264	tø	56	0.0179	1.2529
1264	îl	56	0.0179	1.2529
1264	ïz	56	0.0179	1.2529
1265	ów	55	0.0176	1.2455
1265	üi	55	0.0176	1.2455
1266	fê	54	0.0173	1.238
1266	sì	54	0.0173	1.238
1266	vý	54	0.0173	1.238
1266	á-	54	0.0173	1.238
1266	ãi	54	0.0173	1.238
1266	ëj	54	0.0173	1.238
1267	iþ	53	0.017	1.2304
1267	kå	53	0.017	1.2304
1267	lî	53	0.017	1.2304
1267	mâ	53	0.017	1.2304
1267	τo	53	0.017	1.2304
1268	'í	52	0.0167	1.2227
1268	cò	52	0.0167	1.2227
1268	cü	52	0.0167	1.2227
1268	në	52	0.0167	1.2227
1268	oû	52	0.0167	1.2227
1268	qp	52	0.0167	1.2227
1268	áx	52	0.0167	1.2227
1268	çk	52	0.0167	1.2227
1268	œu	52	0.0167	1.2227
1269	'â	51	0.0163	1.2122
1269	nâ	51	0.0163	1.2122
1269	zò	51	0.0163	1.2122
1269	æg	51	0.0163	1.2122
1269	úa	51	0.0163	1.2122
1270	iכ	50	0.016	1.2041
1270	oð	50	0.016	1.2041
1270	uà	50	0.016	1.2041
1270	ñi	50	0.016	1.2041
1270	üa	50	0.016	1.2041
1270	ğa	50	0.016	1.2041
1271	bó	49	0.0157	1.1959
1271	gë	49	0.0157	1.1959
1271	mà	49	0.0157	1.1959
1271	rë	49	0.0157	1.1959
1271	ï'	49	0.0157	1.1959
1272	sæ	48	0.0154	1.1875
1272	zè	48	0.0154	1.1875
1272	åh	48	0.0154	1.1875
1272	ëg	48	0.0154	1.1875
1272	ív	48	0.0154	1.1875
1272	ðl	48	0.0154	1.1875
1273	cã	47	0.0151	1.179
1273	qf	47	0.0151	1.179
1273	rà	47	0.0151	1.179
1273	tâ	47	0.0151	1.179
1273	ß$	47	0.0151	1.179
1273	íb	47	0.0151	1.179
1274	^ﬂ	46	0.0147	1.1673
1274	lù	46	0.0147	1.1673
1275	fú	45	0.0144	1.1584
1275	gã	45	0.0144	1.1584
1275	æt	45	0.0144	1.1584
1275	ïk	45	0.0144	1.1584
1275	ûn	45	0.0144	1.1584
1275	ﬂe	45	0.0144	1.1584
1276	cï	44	0.0141	1.1492
1276	fø	44	0.0141	1.1492
1276	lû	44	0.0141	1.1492
1277	hï	43	0.0138	1.1399
1277	jú	43	0.0138	1.1399
1277	kø	43	0.0138	1.1399
1277	lã	43	0.0138	1.1399
1277	lì	43	0.0138	1.1399
1277	ãƒ	43	0.0138	1.1399
1277	èa	43	0.0138	1.1399
1277	ëu	43	0.0138	1.1399
1277	ìj	43	0.0138	1.1399
1277	νr	43	0.0138	1.1399
1278	^ε	42	0.0134	1.1271
1278	bâ	42	0.0134	1.1271
1278	iú	42	0.0134	1.1271
1278	öx	42	0.0134	1.1271
1278	νi	42	0.0134	1.1271
1279	dò	41	0.0131	1.1173
1279	nû	41	0.0131	1.1173
1279	vå	41	0.0131	1.1173
1279	ëb	41	0.0131	1.1173
1279	כn	41	0.0131	1.1173
1280	^ý	40	0.0128	1.1072
1280	^α	40	0.0128	1.1072
1280	jq	40	0.0128	1.1072
1280	ký	40	0.0128	1.1072
1280	nø	40	0.0128	1.1072
1280	qz	40	0.0128	1.1072
1280	tî	40	0.0128	1.1072
1280	zà	40	0.0128	1.1072
1280	éè	40	0.0128	1.1072
1281	hà	39	0.0125	1.0969
1281	kê	39	0.0125	1.0969
1281	yô	39	0.0125	1.0969
1281	zï	39	0.0125	1.0969
1281	ìo	39	0.0125	1.0969
1281	ód	39	0.0125	1.0969
1281	ýr	39	0.0125	1.0969
1281	ĳz	39	0.0125	1.0969
1282	eי	38	0.0122	1.0864
1282	fĳ	38	0.0122	1.0864
1282	oν	38	0.0122	1.0864
1282	pì	38	0.0122	1.0864
1282	èb	38	0.0122	1.0864
1282	èf	38	0.0122	1.0864
1282	èi	38	0.0122	1.0864
1282	íf	38	0.0122	1.0864
1282	ôs	38	0.0122	1.0864
1283	jx	37	0.0118	1.0719
1283	nì	37	0.0118	1.0719
1283	åt	37	0.0118	1.0719
1283	çã	37	0.0118	1.0719
1283	óh	37	0.0118	1.0719
1283	ôp	37	0.0118	1.0719
1283	ƒâ	37	0.0118	1.0719
1284	aâ	36	0.0115	1.0607
1284	eכ	36	0.0115	1.0607
1284	sî	36	0.0115	1.0607
1284	çi	36	0.0115	1.0607
1284	èé	36	0.0115	1.0607
1284	êc	36	0.0115	1.0607
1284	ìì	36	0.0115	1.0607
1284	ö-	36	0.0115	1.0607
1284	ùk	36	0.0115	1.0607
1284	ın	36	0.0115	1.0607
1284	ĳl	36	0.0115	1.0607
1285	aþ	35	0.0112	1.0492
1285	aš	35	0.0112	1.0492
1285	bê	35	0.0112	1.0492
1285	ºc	35	0.0112	1.0492
1285	èj	35	0.0112	1.0492
1285	öa	35	0.0112	1.0492
1286	^ô	34	0.0109	1.0374
1286	aﬂ	34	0.0109	1.0374
1286	eĳ	34	0.0109	1.0374
1286	eš	34	0.0109	1.0374
1286	nê	34	0.0109	1.0374
1286	oâ	34	0.0109	1.0374
1286	sâ	34	0.0109	1.0374
1286	ää	34	0.0109	1.0374
1286	êê	34	0.0109	1.0374
1286	ó'	34	0.0109	1.0374
1287	mê	33	0.0106	1.0253
1287	uç	33	0.0106	1.0253
1287	âm	33	0.0106	1.0253
1287	ãª	33	0.0106	1.0253
1287	øb	33	0.0106	1.0253
1287	ηa	33	0.0106	1.0253
1287	μa	33	0.0106	1.0253
1288	aı	32	0.0102	1.0086
1288	bã	32	0.0102	1.0086
1288	gí	32	0.0102	1.0086
1288	ył	32	0.0102	1.0086
1288	zä	32	0.0102	1.0086
1288	àg	32	0.0102	1.0086
1288	ââ	32	0.0102	1.0086
1288	û$	32	0.0102	1.0086
1288	ła	32	0.0102	1.0086
1289	'x	31	0.0099	0.9956
1289	cο	31	0.0099	0.9956
1289	pî	31	0.0099	0.9956
1289	ëo	31	0.0099	0.9956
1289	č$	31	0.0099	0.9956
1289	αl	31	0.0099	0.9956
1289	νl	31	0.0099	0.9956
1289	ןn	31	0.0099	0.9956
1290	^ñ	30	0.0096	0.9823
1290	^š	30	0.0096	0.9823
1290	^т	30	0.0096	0.9823
1290	dì	30	0.0096	0.9823
1290	eן	30	0.0096	0.9823
1290	hč	30	0.0096	0.9823
1290	iš	30	0.0096	0.9823
1290	vq	30	0.0096	0.9823
1290	vê	30	0.0096	0.9823
1290	wì	30	0.0096	0.9823
1290	yü	30	0.0096	0.9823
1290	yþ	30	0.0096	0.9823
1290	áh	30	0.0096	0.9823
1290	ãc	30	0.0096	0.9823
1290	äv	30	0.0096	0.9823
1290	ìa	30	0.0096	0.9823
1290	îu	30	0.0096	0.9823
1290	ﬂa	30	0.0096	0.9823
1291	më	29	0.0093	0.9685
1291	nà	29	0.0093	0.9685
1291	pê	29	0.0093	0.9685
1291	uß	29	0.0093	0.9685
1291	zã	29	0.0093	0.9685
1291	âl	29	0.0093	0.9685
1291	äi	29	0.0093	0.9685
1291	ñu	29	0.0093	0.9685
1291	üj	29	0.0093	0.9685
1291	τe	29	0.0093	0.9685
1292	-å	28	0.009	0.9542
1292	^ż	28	0.009	0.9542
1292	eì	28	0.009	0.9542
1292	kà	28	0.009	0.9542
1292	oè	28	0.009	0.9542
1292	yê	28	0.009	0.9542
1292	ªâ	28	0.009	0.9542
1292	ài	28	0.009	0.9542
1292	ær	28	0.009	0.9542
1292	æs	28	0.009	0.9542
1292	ëc	28	0.009	0.9542
1292	лn	28	0.009	0.9542
1293	eﬂ	27	0.0086	0.9345
1293	iæ	27	0.0086	0.9345
1293	nö	27	0.0086	0.9345
1293	pà	27	0.0086	0.9345
1293	íé	27	0.0086	0.9345
1293	ži	27	0.0086	0.9345
1293	ме	27	0.0086	0.9345
1293	ﬂi	27	0.0086	0.9345
1294	bí	26	0.0083	0.9191
1294	eâ	26	0.0083	0.9191
1294	fâ	26	0.0083	0.9191
1294	mò	26	0.0083	0.9191
1294	pã	26	0.0083	0.9191
1294	pö	26	0.0083	0.9191
1294	vî	26	0.0083	0.9191
1294	zâ	26	0.0083	0.9191
1294	zî	26	0.0083	0.9191
1294	ªn	26	0.0083	0.9191
1294	ãv	26	0.0083	0.9191
1294	ãâ	26	0.0083	0.9191
1294	åb	26	0.0083	0.9191
1294	åg	26	0.0083	0.9191
1294	ìe	26	0.0083	0.9191
1294	íí	26	0.0083	0.9191
1295	-è	25	0.008	0.9031
1295	eş	25	0.008	0.9031
1295	hט	25	0.008	0.9031
1295	lø	25	0.008	0.9031
1295	næ	25	0.008	0.9031
1295	où	25	0.008	0.9031
1295	qj	25	0.008	0.9031
1295	yá	25	0.008	0.9031
1295	éâ	25	0.008	0.9031
1295	тo	25	0.008	0.9031
1295	ט$	25	0.008	0.9031
1296	'ê	24	0.0077	0.8865
1296	fó	24	0.0077	0.8865
1296	gô	24	0.0077	0.8865
1296	tå	24	0.0077	0.8865
1296	uâ	24	0.0077	0.8865
1296	ês	24	0.0077	0.8865
1296	ëa	24	0.0077	0.8865
1296	ìt	24	0.0077	0.8865
1296	ôh	24	0.0077	0.8865
1296	þa	24	0.0077	0.8865
1296	й$	24	0.0077	0.8865
1297	eл	23	0.0074	0.8692
1297	fã	23	0.0074	0.8692
1297	gø	23	0.0074	0.8692
1297	gč	23	0.0074	0.8692
1297	pú	23	0.0074	0.8692
1297	và	23	0.0074	0.8692
1297	áf	23	0.0074	0.8692
1297	éq	23	0.0074	0.8692
1297	îv	23	0.0074	0.8692
1298	eþ	22	0.007	0.8451
1298	hû	22	0.007	0.8451
1298	iä	22	0.007	0.8451
1298	oü	22	0.007	0.8451
1298	vë	22	0.007	0.8451
1298	vе	22	0.007	0.8451
1298	áe	22	0.007	0.8451
1298	äe	22	0.007	0.8451
1298	øj	22	0.007	0.8451
1298	úv	22	0.007	0.8451
1298	čl	22	0.007	0.8451
1298	ĳa	22	0.007	0.8451
1298	ša	22	0.007	0.8451
1298	šk	22	0.007	0.8451
1298	ża	22	0.007	0.8451
1298	г$	22	0.007	0.8451
1298	тa	22	0.007	0.8451
1298	ﬂ$	22	0.007	0.8451
1299	bú	21	0.0067	0.8261
1299	cœ	21	0.0067	0.8261
1299	fä	21	0.0067	0.8261
1299	hç	21	0.0067	0.8261
1299	iò	21	0.0067	0.8261
1299	jæ	21	0.0067	0.8261
1299	oô	21	0.0067	0.8261
1299	oú	21	0.0067	0.8261
1299	wî	21	0.0067	0.8261
1299	ºº	21	0.0067	0.8261
1299	áa	21	0.0067	0.8261
1299	âr	21	0.0067	0.8261
1299	ãg	21	0.0067	0.8261
1299	æ$	21	0.0067	0.8261
1299	èk	21	0.0067	0.8261
1299	ïh	21	0.0067	0.8261
1299	ûs	21	0.0067	0.8261
1300	'ï	20	0.0064	0.8062
1300	^ﬁ	20	0.0064	0.8062
1300	fò	20	0.0064	0.8062
1300	hî	20	0.0064	0.8062
1300	jô	20	0.0064	0.8062
1300	nĳ	20	0.0064	0.8062
1300	oó	20	0.0064	0.8062
1300	zö	20	0.0064	0.8062
1300	èz	20	0.0064	0.8062
1300	êq	20	0.0064	0.8062
1300	óo	20	0.0064	0.8062
1300	óx	20	0.0064	0.8062
1300	þ$	20	0.0064	0.8062
1300	ĳh	20	0.0064	0.8062
1300	μo	20	0.0064	0.8062
1300	טr	20	0.0064	0.8062
1301	^ù	19	0.0061	0.7853
1301	aô	19	0.0061	0.7853
1301	bå	19	0.0061	0.7853
1301	bò	19	0.0061	0.7853
1301	câ	19	0.0061	0.7853
1301	iл	19	0.0061	0.7853
1301	iט	19	0.0061	0.7853
1301	jã	19	0.0061	0.7853
1301	mú	19	0.0061	0.7853
1301	oß	19	0.0061	0.7853
1301	qg	19	0.0061	0.7853
1301	rй	19	0.0061	0.7853
1301	så	19	0.0061	0.7853
1301	së	19	0.0061	0.7853
1301	âd	19	0.0061	0.7853
1301	æã	19	0.0061	0.7853
1301	îr	19	0.0061	0.7853
1301	òg	19	0.0061	0.7853
1301	óż	19	0.0061	0.7853
1301	ùn	19	0.0061	0.7853
1301	úp	19	0.0061	0.7853
1301	út	19	0.0061	0.7853
1301	šo	19	0.0061	0.7853
1302	bë	18	0.0058	0.7634
1302	dâ	18	0.0058	0.7634
1302	kî	18	0.0058	0.7634
1302	mî	18	0.0058	0.7634
1302	oà	18	0.0058	0.7634
1302	på	18	0.0058	0.7634
1302	qx	18	0.0058	0.7634
1302	vï	18	0.0058	0.7634
1302	zì	18	0.0058	0.7634
1302	âã	18	0.0058	0.7634
1302	âœ	18	0.0058	0.7634
1302	ãa	18	0.0058	0.7634
1302	îf	18	0.0058	0.7634
1302	ób	18	0.0058	0.7634
1302	õr	18	0.0058	0.7634
1302	гn	18	0.0058	0.7634
1303	^в	17	0.0054	0.7324
1303	að	17	0.0054	0.7324
1303	bï	17	0.0054	0.7324
1303	bœ	17	0.0054	0.7324
1303	dù	17	0.0054	0.7324
1303	ež	17	0.0054	0.7324
1303	kг	17	0.0054	0.7324
1303	ræ	17	0.0054	0.7324
1303	uş	17	0.0054	0.7324
1303	çï	17	0.0054	0.7324
1303	ìg	17	0.0054	0.7324
1303	í'	17	0.0054	0.7324
1303	ïç	17	0.0054	0.7324
1303	üf	17	0.0054	0.7324
1303	še	17	0.0054	0.7324
1303	μe	17	0.0054	0.7324
1303	οο	17	0.0054	0.7324
1303	йn	17	0.0054	0.7324
1303	тh	17	0.0054	0.7324
1303	ﬂu	17	0.0054	0.7324
1304	aò	16	0.0051	0.7076
1304	aν	16	0.0051	0.7076
1304	iö	16	0.0051	0.7076
1304	mï	16	0.0051	0.7076
1304	rе	16	0.0051	0.7076
1304	tì	16	0.0051	0.7076
1304	ãx	16	0.0051	0.7076
1304	ãä	16	0.0051	0.7076
1304	æe	16	0.0051	0.7076
1304	ìc	16	0.0051	0.7076
1304	íi	16	0.0051	0.7076
1304	îg	16	0.0051	0.7076
1304	óú	16	0.0051	0.7076
1304	úú	16	0.0051	0.7076
1304	ûh	16	0.0051	0.7076
1304	ûi	16	0.0051	0.7076
1304	şa	16	0.0051	0.7076
1304	ве	16	0.0051	0.7076
1305	^ð	15	0.0048	0.6812
1305	^й	15	0.0048	0.6812
1305	bæ	15	0.0048	0.6812
1305	eý	15	0.0048	0.6812
1305	hο	15	0.0048	0.6812
1305	ià	15	0.0048	0.6812
1305	iì	15	0.0048	0.6812
1305	iĳ	15	0.0048	0.6812
1305	iи	15	0.0048	0.6812
1305	jì	15	0.0048	0.6812
1305	kе	15	0.0048	0.6812
1305	oš	15	0.0048	0.6812
1305	sï	15	0.0048	0.6812
1305	sý	15	0.0048	0.6812
1305	uт	15	0.0048	0.6812
1305	íq	15	0.0048	0.6812
1305	îh	15	0.0048	0.6812
1305	ùm	15	0.0048	0.6812
1305	ûk	15	0.0048	0.6812
1305	üy	15	0.0048	0.6812
1305	þã	15	0.0048	0.6812
1305	ăo	15	0.0048	0.6812
1305	ďn	15	0.0048	0.6812
1305	ηe	15	0.0048	0.6812
1305	τu	15	0.0048	0.6812
1305	иr	15	0.0048	0.6812
1305	йй	15	0.0048	0.6812
1306	aè	14	0.0045	0.6532
1306	aì	14	0.0045	0.6532
1306	bô	14	0.0045	0.6532
1306	eô	14	0.0045	0.6532
1306	fà	14	0.0045	0.6532
1306	iâ	14	0.0045	0.6532
1306	iù	14	0.0045	0.6532
1306	nﬂ	14	0.0045	0.6532
1306	pü	14	0.0045	0.6532
1306	qk	14	0.0045	0.6532
1306	uì	14	0.0045	0.6532
1306	uô	14	0.0045	0.6532
1306	àc	14	0.0045	0.6532
1306	äx	14	0.0045	0.6532
1306	æk	14	0.0045	0.6532
1306	òd	14	0.0045	0.6532
1306	õe	14	0.0045	0.6532
1306	úñ	14	0.0045	0.6532
1306	ûí	14	0.0045	0.6532
1306	şi	14	0.0045	0.6532
1306	şr	14	0.0045	0.6532
1306	εν	14	0.0045	0.6532
1306	οr	14	0.0045	0.6532
1306	еs	14	0.0045	0.6532
1306	ем	14	0.0045	0.6532
1307	-á	13	0.0042	0.6232
1307	bì	13	0.0042	0.6232
1307	cì	13	0.0042	0.6232
1307	hе	13	0.0042	0.6232
1307	jë	13	0.0042	0.6232
1307	kï	13	0.0042	0.6232
1307	kò	13	0.0042	0.6232
1307	kā	13	0.0042	0.6232
1307	mο	13	0.0042	0.6232
1307	ný	13	0.0042	0.6232
1307	nν	13	0.0042	0.6232
1307	oă	13	0.0042	0.6232
1307	pï	13	0.0042	0.6232
1307	á'	13	0.0042	0.6232
1307	ãb	13	0.0042	0.6232
1307	ãå	13	0.0042	0.6232
1307	åe	13	0.0042	0.6232
1307	ì'	13	0.0042	0.6232
1307	íï	13	0.0042	0.6232
1307	îz	13	0.0042	0.6232
1307	ða	13	0.0042	0.6232
1307	ôj	13	0.0042	0.6232
1307	üv	13	0.0042	0.6232
1307	ā$	13	0.0042	0.6232
1307	μ'	13	0.0042	0.6232
1307	οn	13	0.0042	0.6232
1307	οo	13	0.0042	0.6232
1307	ет	13	0.0042	0.6232
1307	䈠敩	13	0.0042	0.6232
1307	挮浯	13	0.0042	0.6232
1307	摡瘠	13	0.0042	0.6232
1307	摲灯	13	0.0042	0.6232
1307	敩摲	13	0.0042	0.6232
1307	敪挮	13	0.0042	0.6232
1307	浯$	13	0.0042	0.6232
1307	湡䈠	13	0.0042	0.6232
1307	湷潬	13	0.0042	0.6232
1307	潤湷	13	0.0042	0.6232
1307	潬摡	13	0.0042	0.6232
1307	灯敪	13	0.0042	0.6232
1307	瘠湡	13	0.0042	0.6232
1307	ﬁl	13	0.0042	0.6232
1308	^û	12	0.0038	0.5798
1308	^ş	12	0.0038	0.5798
1308	^武	12	0.0038	0.5798
1308	bµ	12	0.0038	0.5798
1308	dë	12	0.0038	0.5798
1308	fî	12	0.0038	0.5798
1308	gì	12	0.0038	0.5798
1308	gú	12	0.0038	0.5798
1308	kу	12	0.0038	0.5798
1308	lâ	12	0.0038	0.5798
1308	oﬂ	12	0.0038	0.5798
1308	vי	12	0.0038	0.5798
1308	yý	12	0.0038	0.5798
1308	ªo	12	0.0038	0.5798
1308	µ-	12	0.0038	0.5798
1308	àm	12	0.0038	0.5798
1308	àä	12	0.0038	0.5798
1308	ã'	12	0.0038	0.5798
1308	ãk	12	0.0038	0.5798
1308	ãé	12	0.0038	0.5798
1308	åo	12	0.0038	0.5798
1308	åã	12	0.0038	0.5798
1308	æl	12	0.0038	0.5798
1308	éà	12	0.0038	0.5798
1308	éï	12	0.0038	0.5798
1308	êa	12	0.0038	0.5798
1308	ė$	12	0.0038	0.5798
1308	šr	12	0.0038	0.5798
1308	εn	12	0.0038	0.5798
1308	μi	12	0.0038	0.5798
1308	οl	12	0.0038	0.5798
1308	οw	12	0.0038	0.5798
1308	еr	12	0.0038	0.5798
1308	уt	12	0.0038	0.5798
1308	כ$	12	0.0038	0.5798
1308	さら	12	0.0038	0.5798
1308	ば$	12	0.0038	0.5798
1308	よさ	12	0.0038	0.5798
1308	らば	12	0.0038	0.5798
1308	器よ	12	0.0038	0.5798
1308	敇潤	12	0.0038	0.5798
1308	武器	12	0.0038	0.5798
1309	'è	11	0.0035	0.5441
1309	-ê	11	0.0035	0.5441
1309	cט	11	0.0035	0.5441
1309	dý	11	0.0035	0.5441
1309	dο	11	0.0035	0.5441
1309	eг	11	0.0035	0.5441
1309	oç	11	0.0035	0.5441
1309	sù	11	0.0035	0.5441
1309	sе	11	0.0035	0.5441
1309	uþ	11	0.0035	0.5441
1309	µã	11	0.0035	0.5441
1309	àk	11	0.0035	0.5441
1309	áj	11	0.0035	0.5441
1309	ã-	11	0.0035	0.5441
1309	ãh	11	0.0035	0.5441
1309	æa	11	0.0035	0.5441
1309	éã	11	0.0035	0.5441
1309	ëk	11	0.0035	0.5441
1309	ëé	11	0.0035	0.5441
1309	ìd	11	0.0035	0.5441
1309	ïë	11	0.0035	0.5441
1309	ôf	11	0.0035	0.5441
1309	ôi	11	0.0035	0.5441
1309	õs	11	0.0035	0.5441
1309	øv	11	0.0035	0.5441
1309	úg	11	0.0035	0.5441
1309	üü	11	0.0035	0.5441
1309	ýs	11	0.0035	0.5441
1309	čr	11	0.0035	0.5441
1309	טn	11	0.0035	0.5441
1309	ﬂo	11	0.0035	0.5441
1310	^м	10	0.0032	0.5051
1310	cë	10	0.0032	0.5051
1310	cö	10	0.0032	0.5051
1310	dø	10	0.0032	0.5051
1310	gâ	10	0.0032	0.5051
1310	hù	10	0.0032	0.5051
1310	hв	10	0.0032	0.5051
1310	ií	10	0.0032	0.5051
1310	iν	10	0.0032	0.5051
1310	jï	10	0.0032	0.5051
1310	mº	10	0.0032	0.5051
1310	nþ	10	0.0032	0.5051
1310	qí	10	0.0032	0.5051
1310	rο	10	0.0032	0.5051
1310	tû	10	0.0032	0.5051
1310	vž	10	0.0032	0.5051
1310	yâ	10	0.0032	0.5051
1310	yó	10	0.0032	0.5051
1310	ºs	10	0.0032	0.5051
1310	âh	10	0.0032	0.5051
1310	ãp	10	0.0032	0.5051
1310	äo	10	0.0032	0.5051
1310	åd	10	0.0032	0.5051
1310	êe	10	0.0032	0.5051
1310	êi	10	0.0032	0.5051
1310	ði	10	0.0032	0.5051
1310	ñ$	10	0.0032	0.5051
1310	ôk	10	0.0032	0.5051
1310	öo	10	0.0032	0.5051
1310	øk	10	0.0032	0.5051
1310	ýn	10	0.0032	0.5051
1310	ĳm	10	0.0032	0.5051
1310	ĳw	10	0.0032	0.5051
1310	żl	10	0.0032	0.5051
1310	ˆ$	10	0.0032	0.5051
1310	οu	10	0.0032	0.5051
1310	вt	10	0.0032	0.5051
1310	כe	10	0.0032	0.5051
1310	כr	10	0.0032	0.5051
1310	ﬁe	10	0.0032	0.5051
1311	^č	9	0.0029	0.4624
1311	^β	9	0.0029	0.4624
1311	^г	9	0.0029	0.4624
1311	^一	9	0.0029	0.4624
1311	ať	9	0.0029	0.4624
1311	bý	9	0.0029	0.4624
1311	dê	9	0.0029	0.4624
1311	eæ	9	0.0029	0.4624
1311	eð	9	0.0029	0.4624
1311	eď	9	0.0029	0.4624
1311	hė	9	0.0029	0.4624
1311	ið	9	0.0029	0.4624
1311	iû	9	0.0029	0.4624
1311	ič	9	0.0029	0.4624
1311	jè	9	0.0029	0.4624
1311	jõ	9	0.0029	0.4624
1311	nµ	9	0.0029	0.4624
1311	nõ	9	0.0029	0.4624
1311	âe	9	0.0029	0.4624
1311	ãz	9	0.0029	0.4624
1311	ææ	9	0.0029	0.4624
1311	ìr	9	0.0029	0.4624
1311	îï	9	0.0029	0.4624
1311	ïx	9	0.0029	0.4624
1311	ïí	9	0.0029	0.4624
1311	ïî	9	0.0029	0.4624
1311	ñá	9	0.0029	0.4624
1311	ò'	9	0.0029	0.4624
1311	òk	9	0.0029	0.4624
1311	òp	9	0.0029	0.4624
1311	òw	9	0.0029	0.4624
1311	õ$	9	0.0029	0.4624
1311	õg	9	0.0029	0.4624
1311	ýa	9	0.0029	0.4624
1311	ÿ$	9	0.0029	0.4624
1311	ču	9	0.0029	0.4624
1311	čí	9	0.0029	0.4624
1311	ťa	9	0.0029	0.4624
1311	žu	9	0.0029	0.4624
1311	ηo	9	0.0029	0.4624
1311	νu	9	0.0029	0.4624
1311	τi	9	0.0029	0.4624
1311	гг	9	0.0029	0.4624
1311	一g	9	0.0029	0.4624
1312	-ë	8	0.0026	0.415
1312	aà	8	0.0026	0.415
1312	aá	8	0.0026	0.415
1312	aď	8	0.0026	0.415
1312	cµ	8	0.0026	0.415
1312	cà	8	0.0026	0.415
1312	få	8	0.0026	0.415
1312	fë	8	0.0026	0.415
1312	gæ	8	0.0026	0.415
1312	gò	8	0.0026	0.415
1312	jå	8	0.0026	0.415
1312	jò	8	0.0026	0.415
1312	lå	8	0.0026	0.415
1312	lв	8	0.0026	0.415
1312	oê	8	0.0026	0.415
1312	oן	8	0.0026	0.415
1312	pò	8	0.0026	0.415
1312	pô	8	0.0026	0.415
1312	tм	8	0.0026	0.415
1312	vì	8	0.0026	0.415
1312	xí	8	0.0026	0.415
1312	yï	8	0.0026	0.415
1312	µe	8	0.0026	0.415
1312	ºa	8	0.0026	0.415
1312	ßk	8	0.0026	0.415
1312	âb	8	0.0026	0.415
1312	ây	8	0.0026	0.415
1312	åé	8	0.0026	0.415
1312	æn	8	0.0026	0.415
1312	èã	8	0.0026	0.415
1312	éë	8	0.0026	0.415
1312	ìl	8	0.0026	0.415
1312	ìí	8	0.0026	0.415
1312	ðô	8	0.0026	0.415
1312	òu	8	0.0026	0.415
1312	óñ	8	0.0026	0.415
1312	õn	8	0.0026	0.415
1312	úd	8	0.0026	0.415
1312	ýk	8	0.0026	0.415
1312	ýo	8	0.0026	0.415
1312	ă$	8	0.0026	0.415
1312	ğl	8	0.0026	0.415
1312	œ$	8	0.0026	0.415
1312	ře	8	0.0026	0.415
1312	τh	8	0.0026	0.415
1312	τr	8	0.0026	0.415
1312	τw	8	0.0026	0.415
1312	כl	8	0.0026	0.415
1313	'т	7	0.0022	0.3424
1313	^ι	7	0.0022	0.3424
1313	^敇	7	0.0022	0.3424
1313	aæ	7	0.0022	0.3424
1313	aö	7	0.0022	0.3424
1313	bà	7	0.0022	0.3424
1313	cý	7	0.0022	0.3424
1313	då	7	0.0022	0.3424
1313	dĳ	7	0.0022	0.3424
1313	dř	7	0.0022	0.3424
1313	gî	7	0.0022	0.3424
1313	gĳ	7	0.0022	0.3424
1313	jν	7	0.0022	0.3424
1313	kâ	7	0.0022	0.3424
1313	mý	7	0.0022	0.3424
1313	oá	7	0.0022	0.3424
1313	rﬂ	7	0.0022	0.3424
1313	væ	7	0.0022	0.3424
1313	yë	7	0.0022	0.3424
1313	yö	7	0.0022	0.3424
1313	yú	7	0.0022	0.3424
1313	ào	7	0.0022	0.3424
1313	àz	7	0.0022	0.3424
1313	áo	7	0.0022	0.3424
1313	áu	7	0.0022	0.3424
1313	âå	7	0.0022	0.3424
1313	çh	7	0.0022	0.3424
1313	çn	7	0.0022	0.3424
1313	çõ	7	0.0022	0.3424
1313	èw	7	0.0022	0.3424
1313	éˆ	7	0.0022	0.3424
1313	ëh	7	0.0022	0.3424
1313	ìv	7	0.0022	0.3424
1313	îp	7	0.0022	0.3424
1313	ñn	7	0.0022	0.3424
1313	öi	7	0.0022	0.3424
1313	ú'	7	0.0022	0.3424
1313	ýi	7	0.0022	0.3424
1313	ńo	7	0.0022	0.3424
1313	ři	7	0.0022	0.3424
1313	šv	7	0.0022	0.3424
1313	že	7	0.0022	0.3424
1313	ιn	7	0.0022	0.3424
1313	ιι	7	0.0022	0.3424
1313	ο$	7	0.0022	0.3424
1313	οd	7	0.0022	0.3424
1313	еi	7	0.0022	0.3424
1313	ее	7	0.0022	0.3424
1313	лl	7	0.0022	0.3424
1314	ağ	6	0.0019	0.2788
1314	dе	6	0.0019	0.2788
1314	eń	6	0.0019	0.2788
1314	fµ	6	0.0019	0.2788
1314	fì	6	0.0019	0.2788
1314	fי	6	0.0019	0.2788
1314	gï	6	0.0019	0.2788
1314	gñ	6	0.0019	0.2788
1314	gе	6	0.0019	0.2788
1314	gי	6	0.0019	0.2788
1314	hý	6	0.0019	0.2788
1314	iõ	6	0.0019	0.2788
1314	iﬁ	6	0.0019	0.2788
1314	jù	6	0.0019	0.2788
1314	kµ	6	0.0019	0.2788
1314	læ	6	0.0019	0.2788
1314	lç	6	0.0019	0.2788
1314	lč	6	0.0019	0.2788
1314	mõ	6	0.0019	0.2788
1314	mû	6	0.0019	0.2788
1314	nœ	6	0.0019	0.2788
1314	oď	6	0.0019	0.2788
1314	oِ	6	0.0019	0.2788
1314	põ	6	0.0019	0.2788
1314	pø	6	0.0019	0.2788
1314	tř	6	0.0019	0.2788
1314	wã	6	0.0019	0.2788
1314	ªi	6	0.0019	0.2788
1314	µf	6	0.0019	0.2788
1314	ºi	6	0.0019	0.2788
1314	àp	6	0.0019	0.2788
1314	âk	6	0.0019	0.2788
1314	ãæ	6	0.0019	0.2788
1314	ãç	6	0.0019	0.2788
1314	ãþ	6	0.0019	0.2788
1314	äj	6	0.0019	0.2788
1314	äy	6	0.0019	0.2788
1314	åm	6	0.0019	0.2788
1314	æu	6	0.0019	0.2788
1314	èy	6	0.0019	0.2788
1314	êo	6	0.0019	0.2788
1314	ìm	6	0.0019	0.2788
1314	ìq	6	0.0019	0.2788
1314	í-	6	0.0019	0.2788
1314	íz	6	0.0019	0.2788
1314	íž	6	0.0019	0.2788
1314	îx	6	0.0019	0.2788
1314	ïf	6	0.0019	0.2788
1314	ïp	6	0.0019	0.2788
1314	ðý	6	0.0019	0.2788
1314	òm	6	0.0019	0.2788
1314	òv	6	0.0019	0.2788
1314	óa	6	0.0019	0.2788
1314	ôb	6	0.0019	0.2788
1314	øh	6	0.0019	0.2788
1314	úb	6	0.0019	0.2788
1314	üç	6	0.0019	0.2788
1314	þn	6	0.0019	0.2788
1314	ďe	6	0.0019	0.2788
1314	ş$	6	0.0019	0.2788
1314	şe	6	0.0019	0.2788
1314	šn	6	0.0019	0.2788
1314	št	6	0.0019	0.2788
1314	żp	6	0.0019	0.2788
1314	žh	6	0.0019	0.2788
1314	εa	6	0.0019	0.2788
1314	ηi	6	0.0019	0.2788
1314	οc	6	0.0019	0.2788
1314	οm	6	0.0019	0.2788
1314	вo	6	0.0019	0.2788
1314	еa	6	0.0019	0.2788
1314	еg	6	0.0019	0.2788
1314	у$	6	0.0019	0.2788
1314	ןs	6	0.0019	0.2788
1314	ِr	6	0.0019	0.2788
1314	ﬁc	6	0.0019	0.2788
1314	ﬁn	6	0.0019	0.2788
1315	'á	5	0.0016	0.2041
1315	'œ	5	0.0016	0.2041
1315	'в	5	0.0016	0.2041
1315	aõ	5	0.0016	0.2041
1315	ač	5	0.0016	0.2041
1315	cä	5	0.0016	0.2041
1315	cî	5	0.0016	0.2041
1315	cĳ	5	0.0016	0.2041
1315	dµ	5	0.0016	0.2041
1315	eú	5	0.0016	0.2041
1315	eœ	5	0.0016	0.2041
1315	fæ	5	0.0016	0.2041
1315	gο	5	0.0016	0.2041
1315	hг	5	0.0016	0.2041
1315	iü	5	0.0016	0.2041
1315	iş	5	0.0016	0.2041
1315	nå	5	0.0016	0.2041
1315	oì	5	0.0016	0.2041
1315	oφ	5	0.0016	0.2041
1315	pý	5	0.0016	0.2041
1315	pο	5	0.0016	0.2041
1315	rþ	5	0.0016	0.2041
1315	sõ	5	0.0016	0.2041
1315	tç	5	0.0016	0.2041
1315	tο	5	0.0016	0.2041
1315	tי	5	0.0016	0.2041
1315	uä	5	0.0016	0.2041
1315	uď	5	0.0016	0.2041
1315	uš	5	0.0016	0.2041
1315	vâ	5	0.0016	0.2041
1315	ªh	5	0.0016	0.2041
1315	ªã	5	0.0016	0.2041
1315	µd	5	0.0016	0.2041
1315	µh	5	0.0016	0.2041
1315	ºb	5	0.0016	0.2041
1315	à'	5	0.0016	0.2041
1315	àh	5	0.0016	0.2041
1315	àj	5	0.0016	0.2041
1315	âž	5	0.0016	0.2041
1315	ãf	5	0.0016	0.2041
1315	ãj	5	0.0016	0.2041
1315	ä'	5	0.0016	0.2041
1315	äã	5	0.0016	0.2041
1315	æv	5	0.0016	0.2041
1315	çá	5	0.0016	0.2041
1315	çü	5	0.0016	0.2041
1315	éü	5	0.0016	0.2041
1315	ê-	5	0.0016	0.2041
1315	ìi	5	0.0016	0.2041
1315	ìy	5	0.0016	0.2041
1315	ïì	5	0.0016	0.2041
1315	òc	5	0.0016	0.2041
1315	òe	5	0.0016	0.2041
1315	òo	5	0.0016	0.2041
1315	ó-	5	0.0016	0.2041
1315	óz	5	0.0016	0.2041
1315	ôd	5	0.0016	0.2041
1315	õl	5	0.0016	0.2041
1315	ö'	5	0.0016	0.2041
1315	øt	5	0.0016	0.2041
1315	øí	5	0.0016	0.2041
1315	ùl	5	0.0016	0.2041
1315	ú-	5	0.0016	0.2041
1315	ûb	5	0.0016	0.2041
1315	ü-	5	0.0016	0.2041
1315	üo	5	0.0016	0.2041
1315	ý'	5	0.0016	0.2041
1315	þý	5	0.0016	0.2041
1315	ča	5	0.0016	0.2041
1315	ďs	5	0.0016	0.2041
1315	ĳi	5	0.0016	0.2041
1315	œe	5	0.0016	0.2041
1315	œi	5	0.0016	0.2041
1315	žj	5	0.0016	0.2041
1315	žk	5	0.0016	0.2041
1315	ƒå	5	0.0016	0.2041
1315	ˆn	5	0.0016	0.2041
1315	βe	5	0.0016	0.2041
1315	μc	5	0.0016	0.2041
1315	τa	5	0.0016	0.2041
1315	φr	5	0.0016	0.2041
1315	еn	5	0.0016	0.2041
1315	лr	5	0.0016	0.2041
1315	י-	5	0.0016	0.2041
1315	ﬁj	5	0.0016	0.2041
1315	ﬂy	5	0.0016	0.2041
1316	-ã	4	0.0013	0.1139
1316	-ü	4	0.0013	0.1139
1316	^œ	4	0.0013	0.1139
1316	^ο	4	0.0013	0.1139
1316	aş	4	0.0013	0.1139
1316	až	4	0.0013	0.1139
1316	bο	4	0.0013	0.1139
1316	cù	4	0.0013	0.1139
1316	că	4	0.0013	0.1139
1316	eà	4	0.0013	0.1139
1316	eﬁ	4	0.0013	0.1139
1316	iô	4	0.0013	0.1139
1316	ić	4	0.0013	0.1139
1316	iﬂ	4	0.0013	0.1139
1316	jû	4	0.0013	0.1139
1316	kç	4	0.0013	0.1139
1316	kй	4	0.0013	0.1139
1316	lý	4	0.0013	0.1139
1316	lþ	4	0.0013	0.1139
1316	mﬂ	4	0.0013	0.1139
1316	nе	4	0.0013	0.1139
1316	oõ	4	0.0013	0.1139
1316	ož	4	0.0013	0.1139
1316	oﬁ	4	0.0013	0.1139
1316	pç	4	0.0013	0.1139
1316	qû	4	0.0013	0.1139
1316	rð	4	0.0013	0.1139
1316	rš	4	0.0013	0.1139
1316	sν	4	0.0013	0.1139
1316	sο	4	0.0013	0.1139
1316	sу	4	0.0013	0.1139
1316	tµ	4	0.0013	0.1139
1316	uð	4	0.0013	0.1139
1316	uû	4	0.0013	0.1139
1316	už	4	0.0013	0.1139
1316	võ	4	0.0013	0.1139
1316	vø	4	0.0013	0.1139
1316	wë	4	0.0013	0.1139
1316	xá	4	0.0013	0.1139
1316	xé	4	0.0013	0.1139
1316	yí	4	0.0013	0.1139
1316	ªb	4	0.0013	0.1139
1316	ªt	4	0.0013	0.1139
1316	µa	4	0.0013	0.1139
1316	µo	4	0.0013	0.1139
1316	ºf	4	0.0013	0.1139
1316	àb	4	0.0013	0.1139
1316	âg	4	0.0013	0.1139
1316	âz	4	0.0013	0.1139
1316	ãu	4	0.0013	0.1139
1316	äœ	4	0.0013	0.1139
1316	åp	4	0.0013	0.1139
1316	æµ	4	0.0013	0.1139
1316	çr	4	0.0013	0.1139
1316	çæ	4	0.0013	0.1139
1316	êh	4	0.0013	0.1139
1316	êx	4	0.0013	0.1139
1316	ëw	4	0.0013	0.1139
1316	íx	4	0.0013	0.1139
1316	íy	4	0.0013	0.1139
1316	ð$	4	0.0013	0.1139
1316	ðe	4	0.0013	0.1139
1316	ðk	4	0.0013	0.1139
1316	ðà	4	0.0013	0.1139
1316	ôe	4	0.0013	0.1139
1316	õõ	4	0.0013	0.1139
1316	üw	4	0.0013	0.1139
1316	üß	4	0.0013	0.1139
1316	ýl	4	0.0013	0.1139
1316	ým	4	0.0013	0.1139
1316	ýþ	4	0.0013	0.1139
1316	þu	4	0.0013	0.1139
1316	ć$	4	0.0013	0.1139
1316	ĳä	4	0.0013	0.1139
1316	ōs	4	0.0013	0.1139
1316	şt	4	0.0013	0.1139
1316	šb	4	0.0013	0.1139
1316	ţa	4	0.0013	0.1139
1316	ž-	4	0.0013	0.1139
1316	ža	4	0.0013	0.1139
1316	žw	4	0.0013	0.1139
1316	ν$	4	0.0013	0.1139
1316	οb	4	0.0013	0.1139
1316	οg	4	0.0013	0.1139
1316	вu	4	0.0013	0.1139
1316	гё	4	0.0013	0.1139
1316	еy	4	0.0013	0.1139
1316	мa	4	0.0013	0.1139
1316	ё$	4	0.0013	0.1139
1316	כi	4	0.0013	0.1139
1316	ןd	4	0.0013	0.1139
1317	'î	3	0.001	0.0
1317	-ä	3	0.001	0.0
1317	-ï	3	0.001	0.0
1317	^õ	3	0.001	0.0
1317	^ƒ	3	0.001	0.0
1317	^κ	3	0.001	0.0
1317	^о	3	0.001	0.0
1317	^ֹ	3	0.001	0.0
1317	^彼	3	0.001	0.0
1317	aå	3	0.001	0.0
1317	aĉ	3	0.001	0.0
1317	ań	3	0.001	0.0
1317	aן	3	0.001	0.0
1317	aﬁ	3	0.001	0.0
1317	bč	3	0.001	0.0
1317	bе	3	0.001	0.0
1317	eß	3	0.001	0.0
1317	eù	3	0.001	0.0
1317	eû	3	0.001	0.0
1317	eÿ	3	0.001	0.0
1317	eп	3	0.001	0.0
1317	fﬁ	3	0.001	0.0
1317	fﬂ	3	0.001	0.0
1317	gù	3	0.001	0.0
1317	gε	3	0.001	0.0
1317	gт	3	0.001	0.0
1317	hō	3	0.001	0.0
1317	hū	3	0.001	0.0
1317	hצ	3	0.001	0.0
1317	iå	3	0.001	0.0
1317	iÿ	3	0.001	0.0
1317	iс	3	0.001	0.0
1317	jâ	3	0.001	0.0
1317	jê	3	0.001	0.0
1317	kì	3	0.001	0.0
1317	kù	3	0.001	0.0
1317	kė	3	0.001	0.0
1317	lă	3	0.001	0.0
1317	lν	3	0.001	0.0
1317	lе	3	0.001	0.0
1317	mþ	3	0.001	0.0
1317	ně	3	0.001	0.0
1317	nﬁ	3	0.001	0.0
1317	oò	3	0.001	0.0
1317	oצ	3	0.001	0.0
1317	pµ	3	0.001	0.0
1317	pë	3	0.001	0.0
1317	pù	3	0.001	0.0
1317	pþ	3	0.001	0.0
1317	pﬂ	3	0.001	0.0
1317	rõ	3	0.001	0.0
1317	ră	3	0.001	0.0
1317	rﬁ	3	0.001	0.0
1317	sµ	3	0.001	0.0
1317	tõ	3	0.001	0.0
1317	tý	3	0.001	0.0
1317	tν	3	0.001	0.0
1317	uò	3	0.001	0.0
1317	uű	3	0.001	0.0
1317	uе	3	0.001	0.0
1317	vο	3	0.001	0.0
1317	vٍ	3	0.001	0.0
1317	vَ	3	0.001	0.0
1317	wâ	3	0.001	0.0
1317	wе	3	0.001	0.0
1317	yª	3	0.001	0.0
1317	zõ	3	0.001	0.0
1317	zû	3	0.001	0.0
1317	zý	3	0.001	0.0
1317	ªa	3	0.001	0.0
1317	ªl	3	0.001	0.0
1317	ªs	3	0.001	0.0
1317	ªw	3	0.001	0.0
1317	µi	3	0.001	0.0
1317	ºã	3	0.001	0.0
1317	ßn	3	0.001	0.0
1317	ßt	3	0.001	0.0
1317	ßv	3	0.001	0.0
1317	ßæ	3	0.001	0.0
1317	àv	3	0.001	0.0
1317	âf	3	0.001	0.0
1317	âi	3	0.001	0.0
1317	âj	3	0.001	0.0
1317	âp	3	0.001	0.0
1317	âw	3	0.001	0.0
1317	âµ	3	0.001	0.0
1317	âš	3	0.001	0.0
1317	ãµ	3	0.001	0.0
1317	ãº	3	0.001	0.0
1317	ãš	3	0.001	0.0
1317	äb	3	0.001	0.0
1317	äæ	3	0.001	0.0
1317	äý	3	0.001	0.0
1317	åñ	3	0.001	0.0
1317	æi	3	0.001	0.0
1317	æù	3	0.001	0.0
1317	çþ	3	0.001	0.0
1317	éñ	3	0.001	0.0
1317	éò	3	0.001	0.0
1317	êk	3	0.001	0.0
1317	êu	3	0.001	0.0
1317	ìß	3	0.001	0.0
1317	ìð	3	0.001	0.0
1317	íì	3	0.001	0.0
1317	ïy	3	0.001	0.0
1317	ðå	3	0.001	0.0
1317	ðù	3	0.001	0.0
1317	ñj	3	0.001	0.0
1317	ñt	3	0.001	0.0
1317	ñä	3	0.001	0.0
1317	ñó	3	0.001	0.0
1317	òb	3	0.001	0.0
1317	òt	3	0.001	0.0
1317	ôo	3	0.001	0.0
1317	ôá	3	0.001	0.0
1317	õd	3	0.001	0.0
1317	õt	3	0.001	0.0
1317	öþ	3	0.001	0.0
1317	øå	3	0.001	0.0
1317	ùc	3	0.001	0.0
1317	ùe	3	0.001	0.0
1317	ùh	3	0.001	0.0
1317	ùò	3	0.001	0.0
1317	úe	3	0.001	0.0
1317	úz	3	0.001	0.0
1317	ýø	3	0.001	0.0
1317	ýÿ	3	0.001	0.0
1317	þk	3	0.001	0.0
1317	ÿi	3	0.001	0.0
1317	ĉa	3	0.001	0.0
1317	ěk	3	0.001	0.0
1317	ĳb	3	0.001	0.0
1317	œh	3	0.001	0.0
1317	œn	3	0.001	0.0
1317	şo	3	0.001	0.0
1317	šš	3	0.001	0.0
1317	űm	3	0.001	0.0
1317	żn	3	0.001	0.0
1317	žs	3	0.001	0.0
1317	ƒ$	3	0.001	0.0
1317	αn	3	0.001	0.0
1317	εc	3	0.001	0.0
1317	εu	3	0.001	0.0
1317	ηé	3	0.001	0.0
1317	οe	3	0.001	0.0
1317	οp	3	0.001	0.0
1317	вa	3	0.001	0.0
1317	еf	3	0.001	0.0
1317	еl	3	0.001	0.0
1317	мo	3	0.001	0.0
1317	му	3	0.001	0.0
1317	пn	3	0.001	0.0
1317	рl	3	0.001	0.0
1317	тr	3	0.001	0.0
1317	тw	3	0.001	0.0
1317	тy	3	0.001	0.0
1317	יg	3	0.001	0.0
1317	יl	3	0.001	0.0
1317	צn	3	0.001	0.0
1317	צr	3	0.001	0.0
1317	ٍr	3	0.001	0.0
1317	ٍٍ	3	0.001	0.0
1317	َr	3	0.001	0.0
1317	ََ	3	0.001	0.0
1317	して	3	0.001	0.0
1317	一$	3	0.001	0.0
1317	ﬀe	3	0.001	0.0
1317	ﬁ$	3	0.001	0.0
1317	ﬁi	3	0.001	0.0
1317	ﬁt	3	0.001	0.0
1318	'ó	2	0.0006	-0.2218
1318	-ñ	2	0.0006	-0.2218
1318	-ο	2	0.0006	-0.2218
1318	-м	2	0.0006	-0.2218
1318	-ﬂ	2	0.0006	-0.2218
1318	^ß	2	0.0006	-0.2218
1318	^ÿ	2	0.0006	-0.2218
1318	^ρ	2	0.0006	-0.2218
1318	^υ	2	0.0006	-0.2218
1318	^ִ	2	0.0006	-0.2218
1318	^ף	2	0.0006	-0.2218
1318	^そ	2	0.0006	-0.2218
1318	^ア	2	0.0006	-0.2218
1318	^賈	2	0.0006	-0.2218
1318	aº	2	0.0006	-0.2218
1318	aó	2	0.0006	-0.2218
1318	aû	2	0.0006	-0.2218
1318	aĳ	2	0.0006	-0.2218
1318	aм	2	0.0006	-0.2218
1318	aу	2	0.0006	-0.2218
1318	bõ	2	0.0006	-0.2218
1318	bÿ	2	0.0006	-0.2218
1318	bř	2	0.0006	-0.2218
1318	cç	2	0.0006	-0.2218
1318	cη	2	0.0006	-0.2218
1318	dõ	2	0.0006	-0.2218
1318	dł	2	0.0006	-0.2218
1318	dν	2	0.0006	-0.2218
1318	dב	2	0.0006	-0.2218
1318	eò	2	0.0006	-0.2218
1318	eı	2	0.0006	-0.2218
1318	eș	2	0.0006	-0.2218
1318	eκ	2	0.0006	-0.2218
1318	eй	2	0.0006	-0.2218
1318	eֿ	2	0.0006	-0.2218
1318	eﬀ	2	0.0006	-0.2218
1318	fг	2	0.0006	-0.2218
1318	fе	2	0.0006	-0.2218
1318	gă	2	0.0006	-0.2218
1318	gˆ	2	0.0006	-0.2218
1318	gν	2	0.0006	-0.2218
1318	gо	2	0.0006	-0.2218
1318	gך	2	0.0006	-0.2218
1318	g敇	2	0.0006	-0.2218
1318	hõ	2	0.0006	-0.2218
1318	hÿ	2	0.0006	-0.2218
1318	hτ	2	0.0006	-0.2218
1318	iţ	2	0.0006	-0.2218
1318	iε	2	0.0006	-0.2218
1318	iο	2	0.0006	-0.2218
1318	iе	2	0.0006	-0.2218
1318	iт	2	0.0006	-0.2218
1318	jµ	2	0.0006	-0.2218
1318	kæ	2	0.0006	-0.2218
1318	lı	2	0.0006	-0.2218
1318	lˆ	2	0.0006	-0.2218
1318	lο	2	0.0006	-0.2218
1318	mæ	2	0.0006	-0.2218
1318	mń	2	0.0006	-0.2218
1318	mе	2	0.0006	-0.2218
1318	mр	2	0.0006	-0.2218
1318	mґ	2	0.0006	-0.2218
1318	nš	2	0.0006	-0.2218
1318	nˆ	2	0.0006	-0.2218
1318	nε	2	0.0006	-0.2218
1318	nο	2	0.0006	-0.2218
1318	nי	2	0.0006	-0.2218
1318	oæ	2	0.0006	-0.2218
1318	oı	2	0.0006	-0.2218
1318	oˆ	2	0.0006	-0.2218
1318	oе	2	0.0006	-0.2218
1318	oр	2	0.0006	-0.2218
1318	oﬀ	2	0.0006	-0.2218
1318	pט	2	0.0006	-0.2218
1318	qç	2	0.0006	-0.2218
1318	qó	2	0.0006	-0.2218
1318	qú	2	0.0006	-0.2218
1318	qü	2	0.0006	-0.2218
1318	rɩ	2	0.0006	-0.2218
1318	rт	2	0.0006	-0.2218
1318	r一	2	0.0006	-0.2218
1318	sœ	2	0.0006	-0.2218
1318	sτ	2	0.0006	-0.2218
1318	sм	2	0.0006	-0.2218
1318	sт	2	0.0006	-0.2218
1318	sﬁ	2	0.0006	-0.2218
1318	sﬂ	2	0.0006	-0.2218
1318	tе	2	0.0006	-0.2218
1318	tﬂ	2	0.0006	-0.2218
1318	uµ	2	0.0006	-0.2218
1318	uĳ	2	0.0006	-0.2218
1318	uţ	2	0.0006	-0.2218
1318	uș	2	0.0006	-0.2218
1318	uп	2	0.0006	-0.2218
1318	uן	2	0.0006	-0.2218
1318	vû	2	0.0006	-0.2218
1318	vš	2	0.0006	-0.2218
1318	vﬂ	2	0.0006	-0.2218
1318	wª	2	0.0006	-0.2218
1318	xã	2	0.0006	-0.2218
1318	yà	2	0.0006	-0.2218
1318	yå	2	0.0006	-0.2218
1318	yō	2	0.0006	-0.2218
1318	yο	2	0.0006	-0.2218
1318	yﬂ	2	0.0006	-0.2218
1318	zê	2	0.0006	-0.2218
1318	ªr	2	0.0006	-0.2218
1318	ªç	2	0.0006	-0.2218
1318	µg	2	0.0006	-0.2218
1318	µß	2	0.0006	-0.2218
1318	µú	2	0.0006	-0.2218
1318	ºö	2	0.0006	-0.2218
1318	ßs	2	0.0006	-0.2218
1318	àd	2	0.0006	-0.2218
1318	àe	2	0.0006	-0.2218
1318	àf	2	0.0006	-0.2218
1318	áç	2	0.0006	-0.2218
1318	áñ	2	0.0006	-0.2218
1318	â-	2	0.0006	-0.2218
1318	âq	2	0.0006	-0.2218
1318	âu	2	0.0006	-0.2218
1318	âv	2	0.0006	-0.2218
1318	âx	2	0.0006	-0.2218
1318	âó	2	0.0006	-0.2218
1318	âþ	2	0.0006	-0.2218
1318	ãü	2	0.0006	-0.2218
1318	äç	2	0.0006	-0.2218
1318	å'	2	0.0006	-0.2218
1318	åv	2	0.0006	-0.2218
1318	åº	2	0.0006	-0.2218
1318	åå	2	0.0006	-0.2218
1318	åø	2	0.0006	-0.2218
1318	æd	2	0.0006	-0.2218
1318	æp	2	0.0006	-0.2218
1318	æè	2	0.0006	-0.2218
1318	çµ	2	0.0006	-0.2218
1318	èu	2	0.0006	-0.2218
1318	èx	2	0.0006	-0.2218
1318	èç	2	0.0006	-0.2218
1318	èë	2	0.0006	-0.2218
1318	éº	2	0.0006	-0.2218
1318	éž	2	0.0006	-0.2218
1318	êd	2	0.0006	-0.2218
1318	êg	2	0.0006	-0.2218
1318	êw	2	0.0006	-0.2218
1318	êz	2	0.0006	-0.2218
1318	êí	2	0.0006	-0.2218
1318	êú	2	0.0006	-0.2218
1318	ëq	2	0.0006	-0.2218
1318	ëy	2	0.0006	-0.2218
1318	ìp	2	0.0006	-0.2218
1318	ìz	2	0.0006	-0.2218
1318	ìá	2	0.0006	-0.2218
1318	ìî	2	0.0006	-0.2218
1318	íu	2	0.0006	-0.2218
1318	íë	2	0.0006	-0.2218
1318	íñ	2	0.0006	-0.2218
1318	íþ	2	0.0006	-0.2218
1318	îb	2	0.0006	-0.2218
1318	îê	2	0.0006	-0.2218
1318	îì	2	0.0006	-0.2218
1318	ïé	2	0.0006	-0.2218
1318	ïý	2	0.0006	-0.2218
1318	ðd	2	0.0006	-0.2218
1318	ðm	2	0.0006	-0.2218
1318	ðç	2	0.0006	-0.2218
1318	ñì	2	0.0006	-0.2218
1318	ñö	2	0.0006	-0.2218
1318	ñý	2	0.0006	-0.2218
1318	òs	2	0.0006	-0.2218
1318	ój	2	0.0006	-0.2218
1318	ô-	2	0.0006	-0.2218
1318	ôa	2	0.0006	-0.2218
1318	õa	2	0.0006	-0.2218
1318	öq	2	0.0006	-0.2218
1318	öá	2	0.0006	-0.2218
1318	öè	2	0.0006	-0.2218
1318	øá	2	0.0006	-0.2218
1318	úh	2	0.0006	-0.2218
1318	új	2	0.0006	-0.2218
1318	úk	2	0.0006	-0.2218
1318	û-	2	0.0006	-0.2218
1318	ûd	2	0.0006	-0.2218
1318	ûô	2	0.0006	-0.2218
1318	üu	2	0.0006	-0.2218
1318	ýï	2	0.0006	-0.2218
1318	þí	2	0.0006	-0.2218
1318	ÿn	2	0.0006	-0.2218
1318	ăt	2	0.0006	-0.2218
1318	ăł	2	0.0006	-0.2218
1318	ďd	2	0.0006	-0.2218
1318	ėn	2	0.0006	-0.2218
1318	ı$	2	0.0006	-0.2218
1318	ĳc	2	0.0006	-0.2218
1318	łs	2	0.0006	-0.2218
1318	łó	2	0.0006	-0.2218
1318	ń$	2	0.0006	-0.2218
1318	ńs	2	0.0006	-0.2218
1318	œd	2	0.0006	-0.2218
1318	şü	2	0.0006	-0.2218
1318	ši	2	0.0006	-0.2218
1318	šq	2	0.0006	-0.2218
1318	šu	2	0.0006	-0.2218
1318	šè	2	0.0006	-0.2218
1318	ū-	2	0.0006	-0.2218
1318	żd	2	0.0006	-0.2218
1318	że	2	0.0006	-0.2218
1318	ƒž	2	0.0006	-0.2218
1318	șe	2	0.0006	-0.2218
1318	șt	2	0.0006	-0.2218
1318	ɩe	2	0.0006	-0.2218
1318	ˆr	2	0.0006	-0.2218
1318	αa	2	0.0006	-0.2218
1318	β$	2	0.0006	-0.2218
1318	ε$	2	0.0006	-0.2218
1318	ε'	2	0.0006	-0.2218
1318	ε-	2	0.0006	-0.2218
1318	εe	2	0.0006	-0.2218
1318	εl	2	0.0006	-0.2218
1318	ηt	2	0.0006	-0.2218
1318	ι$	2	0.0006	-0.2218
1318	κe	2	0.0006	-0.2218
1318	λn	2	0.0006	-0.2218
1318	μr	2	0.0006	-0.2218
1318	με	2	0.0006	-0.2218
1318	νg	2	0.0006	-0.2218
1318	νt	2	0.0006	-0.2218
1318	οa	2	0.0006	-0.2218
1318	οf	2	0.0006	-0.2218
1318	οk	2	0.0006	-0.2218
1318	οs	2	0.0006	-0.2218
1318	οy	2	0.0006	-0.2218
1318	ρ$	2	0.0006	-0.2218
1318	τ$	2	0.0006	-0.2218
1318	τl	2	0.0006	-0.2218
1318	τy	2	0.0006	-0.2218
1318	το	2	0.0006	-0.2218
1318	υo	2	0.0006	-0.2218
1318	ву	2	0.0006	-0.2218
1318	еc	2	0.0006	-0.2218
1318	еd	2	0.0006	-0.2218
1318	еt	2	0.0006	-0.2218
1318	ео	2	0.0006	-0.2218
1318	лi	2	0.0006	-0.2218
1318	оe	2	0.0006	-0.2218
1318	оf	2	0.0006	-0.2218
1318	оh	2	0.0006	-0.2218
1318	оn	2	0.0006	-0.2218
1318	ре	2	0.0006	-0.2218
1318	сa	2	0.0006	-0.2218
1318	т$	2	0.0006	-0.2218
1318	уd	2	0.0006	-0.2218
1318	уh	2	0.0006	-0.2218
1318	ґn	2	0.0006	-0.2218
1318	ִ$	2	0.0006	-0.2218
1318	ֹי	2	0.0006	-0.2218
1318	ֿd	2	0.0006	-0.2218
1318	יr	2	0.0006	-0.2218
1318	ךn	2	0.0006	-0.2218
1318	ףf	2	0.0006	-0.2218
1318	い$	2	0.0006	-0.2218
1318	それ	2	0.0006	-0.2218
1318	てい	2	0.0006	-0.2218
1318	どの	2	0.0006	-0.2218
1318	のx	2	0.0006	-0.2218
1318	のよ	2	0.0006	-0.2218
1318	よう	2	0.0006	-0.2218
1318	アカ	2	0.0006	-0.2218
1318	カメ	2	0.0006	-0.2218
1318	メの	2	0.0006	-0.2218
1318	子$	2	0.0006	-0.2218
1318	孫子	2	0.0006	-0.2218
1318	寶玉	2	0.0006	-0.2218
1318	彼女	2	0.0006	-0.2218
1318	我龜	2	0.0006	-0.2218
1318	是我	2	0.0006	-0.2218
1318	玉是	2	0.0006	-0.2218
1318	賈寶	2	0.0006	-0.2218
1318	龜孫	2	0.0006	-0.2218
1318	ﬀi	2	0.0006	-0.2218
1318	ﬁo	2	0.0006	-0.2218
1318	ﬂn	2	0.0006	-0.2218
1318	ﬂs	2	0.0006	-0.2218
1318	ﬂv	2	0.0006	-0.2218
1319	'ã	1	0.0003	-0.5229
1319	'ë	1	0.0003	-0.5229
1319	'ü	1	0.0003	-0.5229
1319	'ž	1	0.0003	-0.5229
1319	-º	1	0.0003	-0.5229
1319	-æ	1	0.0003	-0.5229
1319	-ì	1	0.0003	-0.5229
1319	-ý	1	0.0003	-0.5229
1319	-α	1	0.0003	-0.5229
1319	-ε	1	0.0003	-0.5229
1319	-μ	1	0.0003	-0.5229
1319	-ν	1	0.0003	-0.5229
1319	-τ	1	0.0003	-0.5229
1319	-χ	1	0.0003	-0.5229
1319	-в	1	0.0003	-0.5229
1319	-י	1	0.0003	-0.5229
1319	^ć	1	0.0003	-0.5229
1319	^ė	1	0.0003	-0.5229
1319	^ł	1	0.0003	-0.5229
1319	^ō	1	0.0003	-0.5229
1319	^ǹ	1	0.0003	-0.5229
1319	^ȧ	1	0.0003	-0.5229
1319	^ˆ	1	0.0003	-0.5229
1319	^δ	1	0.0003	-0.5229
1319	^ة	1	0.0003	-0.5229
1319	^ආ	1	0.0003	-0.5229
1319	^ღ	1	0.0003	-0.5229
1319	^九	1	0.0003	-0.5229
1319	^火	1	0.0003	-0.5229
1319	^硅	1	0.0003	-0.5229
1319	^誰	1	0.0003	-0.5229
1319	aù	1	0.0003	-0.5229
1319	ađ	1	0.0003	-0.5229
1319	aл	1	0.0003	-0.5229
1319	a敇	1	0.0003	-0.5229
1319	bð	1	0.0003	-0.5229
1319	bù	1	0.0003	-0.5229
1319	bþ	1	0.0003	-0.5229
1319	bă	1	0.0003	-0.5229
1319	bε	1	0.0003	-0.5229
1319	bй	1	0.0003	-0.5229
1319	bי	1	0.0003	-0.5229
1319	cº	1	0.0003	-0.5229
1319	cþ	1	0.0003	-0.5229
1319	cş	1	0.0003	-0.5229
1319	cα	1	0.0003	-0.5229
1319	cﬁ	1	0.0003	-0.5229
1319	cﬂ	1	0.0003	-0.5229
1319	dă	1	0.0003	-0.5229
1319	dź	1	0.0003	-0.5229
1319	dž	1	0.0003	-0.5229
1319	dй	1	0.0003	-0.5229
1319	dо	1	0.0003	-0.5229
1319	dт	1	0.0003	-0.5229
1319	dי	1	0.0003	-0.5229
1319	dם	1	0.0003	-0.5229
1319	dﾒ	1	0.0003	-0.5229
1319	eª	1	0.0003	-0.5229
1319	eµ	1	0.0003	-0.5229
1319	eõ	1	0.0003	-0.5229
1319	eč	1	0.0003	-0.5229
1319	eė	1	0.0003	-0.5229
1319	eł	1	0.0003	-0.5229
1319	eλ	1	0.0003	-0.5229
1319	eο	1	0.0003	-0.5229
1319	eф	1	0.0003	-0.5229
1319	eх	1	0.0003	-0.5229
1319	eס	1	0.0003	-0.5229
1319	fß	1	0.0003	-0.5229
1319	fý	1	0.0003	-0.5229
1319	fă	1	0.0003	-0.5229
1319	f͘	1	0.0003	-0.5229
1319	gę	1	0.0003	-0.5229
1319	gš	1	0.0003	-0.5229
1319	gʼ	1	0.0003	-0.5229
1319	gμ	1	0.0003	-0.5229
1319	hƒ	1	0.0003	-0.5229
1319	hι	1	0.0003	-0.5229
1319	hﬁ	1	0.0003	-0.5229
1319	hﬂ	1	0.0003	-0.5229
1319	iª	1	0.0003	-0.5229
1319	iă	1	0.0003	-0.5229
1319	iğ	1	0.0003	-0.5229
1319	iœ	1	0.0003	-0.5229
1319	iž	1	0.0003	-0.5229
1319	iȷ	1	0.0003	-0.5229
1319	iλ	1	0.0003	-0.5229
1319	iг	1	0.0003	-0.5229
1319	iҫ	1	0.0003	-0.5229
1319	iֻ	1	0.0003	-0.5229
1319	iￋ	1	0.0003	-0.5229
1319	jî	1	0.0003	-0.5229
1319	jñ	1	0.0003	-0.5229
1319	jο	1	0.0003	-0.5229
1319	kō	1	0.0003	-0.5229
1319	kι	1	0.0003	-0.5229
1319	lõ	1	0.0003	-0.5229
1319	lŕ	1	0.0003	-0.5229
1319	lž	1	0.0003	-0.5229
1319	lа	1	0.0003	-0.5229
1319	lт	1	0.0003	-0.5229
1319	lу	1	0.0003	-0.5229
1319	lא	1	0.0003	-0.5229
1319	lי	1	0.0003	-0.5229
1319	lﬂ	1	0.0003	-0.5229
1319	mă	1	0.0003	-0.5229
1319	mż	1	0.0003	-0.5229
1319	mτ	1	0.0003	-0.5229
1319	mό	1	0.0003	-0.5229
1319	mﬁ	1	0.0003	-0.5229
1319	nÿ	1	0.0003	-0.5229
1319	nκ	1	0.0003	-0.5229
1319	nτ	1	0.0003	-0.5229
1319	nз	1	0.0003	-0.5229
1319	nף	1	0.0003	-0.5229
1319	oä	1	0.0003	-0.5229
1319	oå	1	0.0003	-0.5229
1319	oø	1	0.0003	-0.5229
1319	oý	1	0.0003	-0.5229
1319	oč	1	0.0003	-0.5229
1319	oĳ	1	0.0003	-0.5229
1319	oş	1	0.0003	-0.5229
1319	oˇ	1	0.0003	-0.5229
1319	oכ	1	0.0003	-0.5229
1319	pû	1	0.0003	-0.5229
1319	pÿ	1	0.0003	-0.5229
1319	pė	1	0.0003	-0.5229
1319	pг	1	0.0003	-0.5229
1319	pי	1	0.0003	-0.5229
1319	qé	1	0.0003	-0.5229
1319	qì	1	0.0003	-0.5229
1319	qƒ	1	0.0003	-0.5229
1319	rµ	1	0.0003	-0.5229
1319	rā	1	0.0003	-0.5229
1319	rč	1	0.0003	-0.5229
1319	rž	1	0.0003	-0.5229
1319	rˆ	1	0.0003	-0.5229
1319	rη	1	0.0003	-0.5229
1319	rי	1	0.0003	-0.5229
1319	r敇	1	0.0003	-0.5229
1319	sê	1	0.0003	-0.5229
1319	sò	1	0.0003	-0.5229
1319	să	1	0.0003	-0.5229
1319	sĳ	1	0.0003	-0.5229
1319	sű	1	0.0003	-0.5229
1319	sр	1	0.0003	-0.5229
1319	sֹ	1	0.0003	-0.5229
1319	sי	1	0.0003	-0.5229
1319	s一	1	0.0003	-0.5229
1319	tª	1	0.0003	-0.5229
1319	tù	1	0.0003	-0.5229
1319	tÿ	1	0.0003	-0.5229
1319	tă	1	0.0003	-0.5229
1319	tč	1	0.0003	-0.5229
1319	tō	1	0.0003	-0.5229
1319	tũ	1	0.0003	-0.5229
1319	tτ	1	0.0003	-0.5229
1319	t敇	1	0.0003	-0.5229
1319	tﬁ	1	0.0003	-0.5229
1319	uå	1	0.0003	-0.5229
1319	uæ	1	0.0003	-0.5229
1319	uø	1	0.0003	-0.5229
1319	uÿ	1	0.0003	-0.5229
1319	uā	1	0.0003	-0.5229
1319	uđ	1	0.0003	-0.5229
1319	uğ	1	0.0003	-0.5229
1319	uı	1	0.0003	-0.5229
1319	uˆ	1	0.0003	-0.5229
1319	uν	1	0.0003	-0.5229
1319	uο	1	0.0003	-0.5229
1319	uט	1	0.0003	-0.5229
1319	uﬀ	1	0.0003	-0.5229
1319	vù	1	0.0003	-0.5229
1319	vú	1	0.0003	-0.5229
1319	vü	1	0.0003	-0.5229
1319	vė	1	0.0003	-0.5229
1319	vף	1	0.0003	-0.5229
1319	wê	1	0.0003	-0.5229
1319	wò	1	0.0003	-0.5229
1319	wõ	1	0.0003	-0.5229
1319	wο	1	0.0003	-0.5229
1319	xó	1	0.0003	-0.5229
1319	yñ	1	0.0003	-0.5229
1319	yõ	1	0.0003	-0.5229
1319	yﬁ	1	0.0003	-0.5229
1319	zë	1	0.0003	-0.5229
1319	ză	1	0.0003	-0.5229
1319	zу	1	0.0003	-0.5229
1319	zב	1	0.0003	-0.5229
1319	zף	1	0.0003	-0.5229
1319	ªp	1	0.0003	-0.5229
1319	ªy	1	0.0003	-0.5229
1319	µk	1	0.0003	-0.5229
1319	µl	1	0.0003	-0.5229
1319	µm	1	0.0003	-0.5229
1319	µw	1	0.0003	-0.5229
1319	µz	1	0.0003	-0.5229
1319	º'	1	0.0003	-0.5229
1319	ºâ	1	0.0003	-0.5229
1319	ß-	1	0.0003	-0.5229
1319	ßf	1	0.0003	-0.5229
1319	ßg	1	0.0003	-0.5229
1319	ßä	1	0.0003	-0.5229
1319	àu	1	0.0003	-0.5229
1319	àã	1	0.0003	-0.5229
1319	àì	1	0.0003	-0.5229
1319	àû	1	0.0003	-0.5229
1319	áq	1	0.0003	-0.5229
1319	áº	1	0.0003	-0.5229
1319	áß	1	0.0003	-0.5229
1319	áã	1	0.0003	-0.5229
1319	áä	1	0.0003	-0.5229
1319	áå	1	0.0003	-0.5229
1319	áì	1	0.0003	-0.5229
1319	áõ	1	0.0003	-0.5229
1319	áû	1	0.0003	-0.5229
1319	áþ	1	0.0003	-0.5229
1319	ãq	1	0.0003	-0.5229
1319	ãw	1	0.0003	-0.5229
1319	ãá	1	0.0003	-0.5229
1319	ãè	1	0.0003	-0.5229
1319	ãë	1	0.0003	-0.5229
1319	ãð	1	0.0003	-0.5229
1319	ãõ	1	0.0003	-0.5229
1319	ãú	1	0.0003	-0.5229
1319	ãû	1	0.0003	-0.5229
1319	ãý	1	0.0003	-0.5229
1319	ãˆ	1	0.0003	-0.5229
1319	äz	1	0.0003	-0.5229
1319	äº	1	0.0003	-0.5229
1319	äé	1	0.0003	-0.5229
1319	äö	1	0.0003	-0.5229
1319	åi	1	0.0003	-0.5229
1319	åª	1	0.0003	-0.5229
1319	åï	1	0.0003	-0.5229
1319	åð	1	0.0003	-0.5229
1319	æà	1	0.0003	-0.5229
1319	æä	1	0.0003	-0.5229
1319	æå	1	0.0003	-0.5229
1319	æþ	1	0.0003	-0.5229
1319	ç'	1	0.0003	-0.5229
1319	ç-	1	0.0003	-0.5229
1319	çm	1	0.0003	-0.5229
1319	çt	1	0.0003	-0.5229
1319	çy	1	0.0003	-0.5229
1319	çª	1	0.0003	-0.5229
1319	çà	1	0.0003	-0.5229
1319	çä	1	0.0003	-0.5229
1319	çç	1	0.0003	-0.5229
1319	çè	1	0.0003	-0.5229
1319	çê	1	0.0003	-0.5229
1319	çñ	1	0.0003	-0.5229
1319	çó	1	0.0003	-0.5229
1319	èª	1	0.0003	-0.5229
1319	èæ	1	0.0003	-0.5229
1319	èî	1	0.0003	-0.5229
1319	èø	1	0.0003	-0.5229
1319	éå	1	0.0003	-0.5229
1319	éæ	1	0.0003	-0.5229
1319	éí	1	0.0003	-0.5229
1319	êj	1	0.0003	-0.5229
1319	êà	1	0.0003	-0.5229
1319	êã	1	0.0003	-0.5229
1319	êä	1	0.0003	-0.5229
1319	êç	1	0.0003	-0.5229
1319	êé	1	0.0003	-0.5229
1319	êë	1	0.0003	-0.5229
1319	êø	1	0.0003	-0.5229
1319	êû	1	0.0003	-0.5229
1319	êý	1	0.0003	-0.5229
1319	ëº	1	0.0003	-0.5229
1319	ëá	1	0.0003	-0.5229
1319	ì-	1	0.0003	-0.5229
1319	ìh	1	0.0003	-0.5229
1319	ìu	1	0.0003	-0.5229
1319	íh	1	0.0003	-0.5229
1319	íá	1	0.0003	-0.5229
1319	íæ	1	0.0003	-0.5229
1319	íè	1	0.0003	-0.5229
1319	íê	1	0.0003	-0.5229
1319	íó	1	0.0003	-0.5229
1319	íô	1	0.0003	-0.5229
1319	íú	1	0.0003	-0.5229
1319	íü	1	0.0003	-0.5229
1319	íš	1	0.0003	-0.5229
1319	îq	1	0.0003	-0.5229
1319	îw	1	0.0003	-0.5229
1319	îá	1	0.0003	-0.5229
1319	îõ	1	0.0003	-0.5229
1319	îš	1	0.0003	-0.5229
1319	ïq	1	0.0003	-0.5229
1319	ïu	1	0.0003	-0.5229
1319	ïã	1	0.0003	-0.5229
1319	ïù	1	0.0003	-0.5229
1319	ïü	1	0.0003	-0.5229
1319	ïĳ	1	0.0003	-0.5229
1319	ðb	1	0.0003	-0.5229
1319	ðü	1	0.0003	-0.5229
1319	ñ-	1	0.0003	-0.5229
1319	ñl	1	0.0003	-0.5229
1319	ñs	1	0.0003	-0.5229
1319	ñæ	1	0.0003	-0.5229
1319	ñõ	1	0.0003	-0.5229
1319	òa	1	0.0003	-0.5229
1319	òë	1	0.0003	-0.5229
1319	óy	1	0.0003	-0.5229
1319	óâ	1	0.0003	-0.5229
1319	óè	1	0.0003	-0.5229
1319	óê	1	0.0003	-0.5229
1319	óï	1	0.0003	-0.5229
1319	ôº	1	0.0003	-0.5229
1319	ôê	1	0.0003	-0.5229
1319	ôî	1	0.0003	-0.5229
1319	õi	1	0.0003	-0.5229
1319	õj	1	0.0003	-0.5229
1319	õæ	1	0.0003	-0.5229
1319	õç	1	0.0003	-0.5229
1319	õê	1	0.0003	-0.5229
1319	öä	1	0.0003	-0.5229
1319	öï	1	0.0003	-0.5229
1319	øa	1	0.0003	-0.5229
1319	øi	1	0.0003	-0.5229
1319	øp	1	0.0003	-0.5229
1319	øu	1	0.0003	-0.5229
1319	ùd	1	0.0003	-0.5229
1319	ùj	1	0.0003	-0.5229
1319	ùr	1	0.0003	-0.5229
1319	ùs	1	0.0003	-0.5229
1319	ùï	1	0.0003	-0.5229
1319	ùù	1	0.0003	-0.5229
1319	úf	1	0.0003	-0.5229
1319	úµ	1	0.0003	-0.5229
1319	úá	1	0.0003	-0.5229
1319	úí	1	0.0003	-0.5229
1319	úû	1	0.0003	-0.5229
1319	ûo	1	0.0003	-0.5229
1319	ûu	1	0.0003	-0.5229
1319	ûç	1	0.0003	-0.5229
1319	ûû	1	0.0003	-0.5229
1319	üä	1	0.0003	-0.5229
1319	üè	1	0.0003	-0.5229
1319	üö	1	0.0003	-0.5229
1319	üþ	1	0.0003	-0.5229
1319	üş	1	0.0003	-0.5229
1319	ý-	1	0.0003	-0.5229
1319	ýb	1	0.0003	-0.5229
1319	ýc	1	0.0003	-0.5229
1319	ýh	1	0.0003	-0.5229
1319	ýj	1	0.0003	-0.5229
1319	ýt	1	0.0003	-0.5229
1319	ýy	1	0.0003	-0.5229
1319	ýí	1	0.0003	-0.5229
1319	ýð	1	0.0003	-0.5229
1319	ýö	1	0.0003	-0.5229
1319	þh	1	0.0003	-0.5229
1319	þo	1	0.0003	-0.5229
1319	þs	1	0.0003	-0.5229
1319	þt	1	0.0003	-0.5229
1319	þå	1	0.0003	-0.5229
1319	þï	1	0.0003	-0.5229
1319	þø	1	0.0003	-0.5229
1319	ÿb	1	0.0003	-0.5229
1319	ÿd	1	0.0003	-0.5229
1319	ÿe	1	0.0003	-0.5229
1319	ÿg	1	0.0003	-0.5229
1319	ÿs	1	0.0003	-0.5229
1319	ÿÿ	1	0.0003	-0.5229
1319	āj	1	0.0003	-0.5229
1319	āp	1	0.0003	-0.5229
1319	ăc	1	0.0003	-0.5229
1319	ăd	1	0.0003	-0.5229
1319	ăi	1	0.0003	-0.5229
1319	ăn	1	0.0003	-0.5229
1319	ăr	1	0.0003	-0.5229
1319	ău	1	0.0003	-0.5229
1319	ći	1	0.0003	-0.5229
1319	čm	1	0.0003	-0.5229
1319	čn	1	0.0003	-0.5229
1319	đe	1	0.0003	-0.5229
1319	đm	1	0.0003	-0.5229
1319	ė-	1	0.0003	-0.5229
1319	ėr	1	0.0003	-0.5229
1319	ėė	1	0.0003	-0.5229
1319	ęn	1	0.0003	-0.5229
1319	ğ$	1	0.0003	-0.5229
1319	ği	1	0.0003	-0.5229
1319	ğr	1	0.0003	-0.5229
1319	ıd	1	0.0003	-0.5229
1319	ıg	1	0.0003	-0.5229
1319	ĳo	1	0.0003	-0.5229
1319	ĳr	1	0.0003	-0.5229
1319	ĳu	1	0.0003	-0.5229
1319	ĳï	1	0.0003	-0.5229
1319	łl	1	0.0003	-0.5229
1319	ło	1	0.0003	-0.5229
1319	ō$	1	0.0003	-0.5229
1319	ōg	1	0.0003	-0.5229
1319	ōj	1	0.0003	-0.5229
1319	ōt	1	0.0003	-0.5229
1319	œa	1	0.0003	-0.5229
1319	œl	1	0.0003	-0.5229
1319	œr	1	0.0003	-0.5229
1319	œt	1	0.0003	-0.5229
1319	œw	1	0.0003	-0.5229
1319	ŕ$	1	0.0003	-0.5229
1319	şl	1	0.0003	-0.5229
1319	šj	1	0.0003	-0.5229
1319	šl	1	0.0003	-0.5229
1319	šs	1	0.0003	-0.5229
1319	ũb	1	0.0003	-0.5229
1319	ū$	1	0.0003	-0.5229
1319	űr	1	0.0003	-0.5229
1319	ź$	1	0.0003	-0.5229
1319	żf	1	0.0003	-0.5229
1319	żm	1	0.0003	-0.5229
1319	żt	1	0.0003	-0.5229
1319	žb	1	0.0003	-0.5229
1319	žd	1	0.0003	-0.5229
1319	ƒú	1	0.0003	-0.5229
1319	ǹe	1	0.0003	-0.5229
1319	ȧ$	1	0.0003	-0.5229
1319	ȷe	1	0.0003	-0.5229
1319	ʼ$	1	0.0003	-0.5229
1319	ˆt	1	0.0003	-0.5229
1319	ˆw	1	0.0003	-0.5229
1319	ˇe	1	0.0003	-0.5229
1319	͘ı	1	0.0003	-0.5229
1319	α-	1	0.0003	-0.5229
1319	αb	1	0.0003	-0.5229
1319	αf	1	0.0003	-0.5229
1319	αk	1	0.0003	-0.5229
1319	αr	1	0.0003	-0.5229
1319	αu	1	0.0003	-0.5229
1319	βi	1	0.0003	-0.5229
1319	βl	1	0.0003	-0.5229
1319	βr	1	0.0003	-0.5229
1319	δ$	1	0.0003	-0.5229
1319	εd	1	0.0003	-0.5229
1319	εr	1	0.0003	-0.5229
1319	εt	1	0.0003	-0.5229
1319	εx	1	0.0003	-0.5229
1319	εé	1	0.0003	-0.5229
1319	εκ	1	0.0003	-0.5229
1319	κ$	1	0.0003	-0.5229
1319	κa	1	0.0003	-0.5229
1319	κo	1	0.0003	-0.5229
1319	κs	1	0.0003	-0.5229
1319	κε	1	0.0003	-0.5229
1319	μ$	1	0.0003	-0.5229
1319	μ-	1	0.0003	-0.5229
1319	μp	1	0.0003	-0.5229
1319	μβ	1	0.0003	-0.5229
1319	νh	1	0.0003	-0.5229
1319	νy	1	0.0003	-0.5229
1319	νó	1	0.0003	-0.5229
1319	οt	1	0.0003	-0.5229
1319	οv	1	0.0003	-0.5229
1319	τ-	1	0.0003	-0.5229
1319	τj	1	0.0003	-0.5229
1319	τv	1	0.0003	-0.5229
1319	χ$	1	0.0003	-0.5229
1319	όe	1	0.0003	-0.5229
1319	а$	1	0.0003	-0.5229
1319	вr	1	0.0003	-0.5229
1319	гi	1	0.0003	-0.5229
1319	гї	1	0.0003	-0.5229
1319	еe	1	0.0003	-0.5229
1319	еh	1	0.0003	-0.5229
1319	еk	1	0.0003	-0.5229
1319	еw	1	0.0003	-0.5229
1319	ев	1	0.0003	-0.5229
1319	зo	1	0.0003	-0.5229
1319	йr	1	0.0003	-0.5229
1319	л$	1	0.0003	-0.5229
1319	мi	1	0.0003	-0.5229
1319	мu	1	0.0003	-0.5229
1319	пd	1	0.0003	-0.5229
1319	пt	1	0.0003	-0.5229
1319	рi	1	0.0003	-0.5229
1319	се	1	0.0003	-0.5229
1319	тi	1	0.0003	-0.5229
1319	уi	1	0.0003	-0.5229
1319	уl	1	0.0003	-0.5229
1319	ум	1	0.0003	-0.5229
1319	фs	1	0.0003	-0.5229
1319	хр	1	0.0003	-0.5229
1319	їn	1	0.0003	-0.5229
1319	ҫo	1	0.0003	-0.5229
1319	ֹc	1	0.0003	-0.5229
1319	ֹl	1	0.0003	-0.5229
1319	ֻr	1	0.0003	-0.5229
1319	א$	1	0.0003	-0.5229
1319	בl	1	0.0003	-0.5229
1319	בr	1	0.0003	-0.5229
1319	בt	1	0.0003	-0.5229
1319	בב	1	0.0003	-0.5229
1319	טd	1	0.0003	-0.5229
1319	טl	1	0.0003	-0.5229
1319	יc	1	0.0003	-0.5229
1319	יd	1	0.0003	-0.5229
1319	יe	1	0.0003	-0.5229
1319	יo	1	0.0003	-0.5229
1319	יs	1	0.0003	-0.5229
1319	כt	1	0.0003	-0.5229
1319	כv	1	0.0003	-0.5229
1319	םt	1	0.0003	-0.5229
1319	ן$	1	0.0003	-0.5229
1319	ןl	1	0.0003	-0.5229
1319	סo	1	0.0003	-0.5229
1319	ף$	1	0.0003	-0.5229
1319	ףg	1	0.0003	-0.5229
1319	ףr	1	0.0003	-0.5229
1319	ףף	1	0.0003	-0.5229
1319	ةé	1	0.0003	-0.5229
1319	ආය	1	0.0003	-0.5229
1319	න්	1	0.0003	-0.5229
1319	බෝ	1	0.0003	-0.5229
1319	යු	1	0.0003	-0.5229
1319	වන	1	0.0003	-0.5229
1319	්$	1	0.0003	-0.5229
1319	ුබ	1	0.0003	-0.5229
1319	ෝව	1	0.0003	-0.5229
1319	ღ$	1	0.0003	-0.5229
1319	ある	1	0.0003	-0.5229
1319	いま	1	0.0003	-0.5229
1319	いる	1	0.0003	-0.5229
1319	うな	1	0.0003	-0.5229
1319	うに	1	0.0003	-0.5229
1319	おか	1	0.0003	-0.5229
1319	かし	1	0.0003	-0.5229
1319	がこ	1	0.0003	-0.5229
1319	くだ	1	0.0003	-0.5229
1319	この	1	0.0003	-0.5229
1319	さい	1	0.0003	-0.5229
1319	しい	1	0.0003	-0.5229
1319	する	1	0.0003	-0.5229
1319	せん	1	0.0003	-0.5229
1319	ださ	1	0.0003	-0.5229
1319	ちを	1	0.0003	-0.5229
1319	てく	1	0.0003	-0.5229
1319	であ	1	0.0003	-0.5229
1319	なら	1	0.0003	-0.5229
1319	な場	1	0.0003	-0.5229
1319	にお	1	0.0003	-0.5229
1319	に対	1	0.0003	-0.5229
1319	に男	1	0.0003	-0.5229
1319	の$	1	0.0003	-0.5229
1319	の節	1	0.0003	-0.5229
1319	の耳	1	0.0003	-0.5229
1319	はど	1	0.0003	-0.5229
1319	は何	1	0.0003	-0.5229
1319	ませ	1	0.0003	-0.5229
1319	もが	1	0.0003	-0.5229
1319	ら$	1	0.0003	-0.5229
1319	らは	1	0.0003	-0.5229
1319	る$	1	0.0003	-0.5229
1319	るな	1	0.0003	-0.5229
1319	る平	1	0.0003	-0.5229
1319	れは	1	0.0003	-0.5229
1319	れを	1	0.0003	-0.5229
1319	を修	1	0.0003	-0.5229
1319	を取	1	0.0003	-0.5229
1319	を期	1	0.0003	-0.5229
1319	を理	1	0.0003	-0.5229
1319	んど	1	0.0003	-0.5229
1319	九$	1	0.0003	-0.5229
1319	九十	1	0.0003	-0.5229
1319	何を	1	0.0003	-0.5229
1319	修正	1	0.0003	-0.5229
1319	十九	1	0.0003	-0.5229
1319	取得	1	0.0003	-0.5229
1319	合で	1	0.0003	-0.5229
1319	場合	1	0.0003	-0.5229
1319	女の	1	0.0003	-0.5229
1319	女隣	1	0.0003	-0.5229
1319	対す	1	0.0003	-0.5229
1319	平手	1	0.0003	-0.5229
1319	彼ら	1	0.0003	-0.5229
1319	待し	1	0.0003	-0.5229
1319	得$	1	0.0003	-0.5229
1319	手打	1	0.0003	-0.5229
1319	打ち	1	0.0003	-0.5229
1319	敧潤	1	0.0003	-0.5229
1319	敩敧	1	0.0003	-0.5229
1319	期待	1	0.0003	-0.5229
1319	正し	1	0.0003	-0.5229
1319	汣獵	1	0.0003	-0.5229
1319	火要	1	0.0003	-0.5229
1319	獵敩	1	0.0003	-0.5229
1319	理解	1	0.0003	-0.5229
1319	男の	1	0.0003	-0.5229
1319	硅汣	1	0.0003	-0.5229
1319	節を	1	0.0003	-0.5229
1319	耳に	1	0.0003	-0.5229
1319	要鎮	1	0.0003	-0.5229
1319	解し	1	0.0003	-0.5229
1319	誰も	1	0.0003	-0.5229
1319	鎮$	1	0.0003	-0.5229
1319	隣に	1	0.0003	-0.5229
1319	ﬁ-	1	0.0003	-0.5229
1319	ﬁa	1	0.0003	-0.5229
1319	ﬁs	1	0.0003	-0.5229
1319	ﬂc	1	0.0003	-0.5229
1319	ﬂk	1	0.0003	-0.5229
1319	ﬂw	1	0.0003	-0.5229
1319	ﬂﬁ	1	0.0003	-0.5229
1319	ﾒs	1	0.0003	-0.5229
1319	ￋ$	1	0.0003	-0.5229
