Rank	Bigram	Frequency	Frequency per million	Zipf value
1	n$	55453972	39378.5479	7.5953
2	a$	39024859	27712.0326	7.4427
3	ä$	28844924	20483.1355	7.3114
4	in	26897270	19100.0824	7.281
5	i$	24220952	17199.5961	7.2355
6	ta	22742272	16149.5672	7.2082
7	en	21801661	15481.6278	7.1898
8	^t	21694841	15405.7736	7.1877
9	si	20917176	14853.5441	7.1718
10	^s	20393879	14481.9444	7.1608
11	tä	20200242	14344.4404	7.1567
12	^o	19623676	13935.0138	7.1441
13	^k	19544820	13879.0172	7.1424
14	^m	19268676	13682.924	7.1362
15	e$	17942171	12740.9564	7.1052
16	it	17391680	12350.046	7.0917
17	an	17267699	12262.0056	7.0886
18	t$	15898129	11289.457	7.0527
19	is	15472179	10986.9847	7.0409
20	^h	15102562	10724.5151	7.0304
21	tt	14864224	10555.2684	7.0235
22	aa	14386872	10216.2949	7.0093
23	ll	14254854	10122.5472	7.0053
24	^e	13703432	9730.9757	6.9882
25	mi	13538645	9613.9584	6.9829
26	st	13402471	9517.2596	6.9785
27	ka	13381740	9502.5383	6.9778
28	le	12924203	9177.6356	6.9627
29	^p	12261487	8707.0328	6.9399
30	än	12234839	8688.1097	6.9389
31	et	12119303	8606.0662	6.9348
32	on	12014422	8531.5889	6.931
33	^v	11792812	8374.2209	6.9229
34	ol	11761370	8351.8936	6.9218
35	te	11759887	8350.8405	6.9217
36	ai	11733144	8331.8499	6.9207
37	se	11654294	8275.8576	6.9178
38	va	10671199	7577.7497	6.8795
39	^j	10362112	7358.2632	6.8668
40	ei	9812967	6968.3086	6.8431
41	oi	9468707	6723.8454	6.8276
42	el	9403831	6677.7761	6.8246
43	ti	9248999	6567.828	6.8174
44	sa	9148150	6496.2139	6.8127
45	ne	8988104	6382.5633	6.805
46	la	8947404	6353.6617	6.803
47	li	8758593	6219.5847	6.7938
48	ää	8718121	6190.845	6.7917
49	ko	8572517	6087.4498	6.7844
50	ut	8358321	5935.3466	6.7734
51	tu	8193923	5818.6056	6.7648
52	al	8037275	5707.3679	6.7564
53	me	7933718	5633.8308	6.7508
54	ik	7906136	5614.2445	6.7493
55	^a	7721512	5483.1407	6.739
56	ku	7612208	5405.5226	6.7328
57	ii	7552269	5362.9592	6.7294
58	as	7549423	5360.9382	6.7292
59	at	7493339	5321.1122	6.726
60	^n	7335830	5209.2632	6.7168
61	ni	7147785	5075.7301	6.7055
62	ki	7038940	4998.4379	6.6988
63	ja	6888958	4891.9339	6.6895
64	^l	6793506	4824.1522	6.6834
65	nu	6607939	4692.3788	6.6714
66	ma	6504206	4618.7167	6.6645
67	o$	6328817	4494.1708	6.6526
68	il	6307583	4479.0923	6.6512
69	un	6140577	4360.4993	6.6395
70	ke	6077045	4315.3844	6.635
71	ss	6068545	4309.3485	6.6344
72	to	6044546	4292.3065	6.6327
73	ul	5923857	4206.6038	6.6239
74	hä	5920073	4203.9167	6.6237
75	ie	5767764	4095.7602	6.6123
76	nn	5675705	4030.388	6.6053
77	lä	5638345	4003.8582	6.6025
78	pa	5491543	3899.6123	6.591
79	s$	5436498	3860.5241	6.5866
80	nä	5417728	3847.1953	6.5851
81	ar	5406032	3838.8899	6.5842
82	os	5376590	3817.9827	6.5818
83	uu	5362218	3807.777	6.5807
84	jo	5330295	3785.1081	6.5781
85	ee	5326621	3782.4991	6.5778
86	ks	5176369	3675.8033	6.5654
87	er	5145686	3654.015	6.5628
88	lu	5070697	3600.7643	6.5564
89	es	5025300	3568.5274	6.5525
90	he	5010868	3558.279	6.5512
91	ha	4899626	3479.2847	6.5415
92	ri	4861722	3452.3686	6.5381
93	ot	4811151	3416.4575	6.5336
94	uo	4775310	3391.0064	6.5303
95	mm	4657468	3307.3253	6.5195
96	vi	4578267	3251.0837	6.512
97	yt	4376150	3107.558	6.4924
98	vä	4314368	3063.6858	6.4862
99	nt	4295129	3050.024	6.4843
100	us	4143431	2942.3013	6.4687
101	na	4109470	2918.1852	6.4651
102	ra	4092039	2905.8073	6.4633
103	kä	4040979	2869.5489	6.4578
104	ia	3978801	2825.3956	6.4511
105	ak	3875443	2751.9998	6.4396
106	mu	3832557	2721.5459	6.4348
107	kk	3634428	2580.852	6.4118
108	pi	3623165	2572.8541	6.4104
109	sä	3467171	2462.0808	6.3913
110	ua	3457064	2454.9037	6.39
111	ät	3388607	2406.2915	6.3813
112	nk	3378837	2399.3537	6.3801
113	^r	3345997	2376.0336	6.3759
114	mä	3305804	2347.4921	6.3706
115	no	3301987	2344.7816	6.3701
116	uk	3282986	2331.2888	6.3676
117	^i	3272107	2323.5634	6.3662
118	au	3209307	2278.9684	6.3577
119	im	3204422	2275.4995	6.3571
120	dä	3196487	2269.8648	6.356
121	em	3191478	2266.3078	6.3553
122	tk	3155345	2240.6493	6.3504
123	ty	3093113	2196.4576	6.3417
124	am	3058375	2171.7897	6.3368
125	vo	3036020	2155.9152	6.3336
126	de	2952378	2096.52	6.3215
127	äl	2929639	2080.3727	6.3181
128	lo	2847861	2022.3011	6.3058
129	sk	2844366	2019.8193	6.3053
130	iv	2810601	1995.8424	6.3001
131	^y	2771070	1967.7709	6.294
132	ek	2739205	1945.1432	6.289
133	ui	2684525	1906.3142	6.2802
134	äs	2674954	1899.5178	6.2786
135	pu	2670034	1896.024	6.2778
136	av	2593542	1841.7061	6.2652
137	äi	2583060	1834.2627	6.2635
138	lt	2535312	1800.3563	6.2554
139	ht	2514274	1785.4169	6.2517
140	su	2505073	1778.8832	6.2501
141	ok	2488120	1766.8446	6.2472
142	pe	2454991	1743.3193	6.2414
143	ns	2448905	1738.9976	6.2403
144	u$	2418738	1717.5756	6.2349
145	äm	2391232	1698.0433	6.2299
146	id	2367089	1680.899	6.2255
147	ap	2359965	1675.8402	6.2242
148	ts	2322790	1649.4418	6.2173
149	pä	2245937	1594.8675	6.2027
150	ah	2171269	1541.8448	6.188
151	eh	2069558	1469.6186	6.1672
152	ny	2028799	1440.6751	6.1586
153	ur	2006289	1424.6905	6.1537
154	hd	2002156	1421.7556	6.1528
155	ve	2002133	1421.7393	6.1528
156	ys	1998079	1418.8605	6.1519
157	om	1966596	1396.504	6.145
158	so	1966181	1396.2093	6.145
159	hu	1952024	1386.1563	6.1418
160	y$	1923411	1365.8378	6.1354
161	ih	1883988	1337.8431	6.1264
162	po	1882409	1336.7218	6.126
163	äh	1866565	1325.4708	6.1224
164	or	1859459	1320.4247	6.1207
165	ro	1856823	1318.5529	6.1201
166	hi	1804312	1281.2642	6.1076
167	re	1782880	1266.045	6.1024
168	äy	1740729	1236.1131	6.0921
169	ed	1722702	1223.3119	6.0875
170	^u	1689192	1199.516	6.079
171	hy	1667092	1183.8225	6.0733
172	ö$	1662947	1180.8791	6.0722
173	jä	1651062	1172.4394	6.0691
174	uh	1647702	1170.0535	6.0682
175	ir	1607660	1141.6192	6.0575
176	lk	1596081	1133.3968	6.0544
177	lm	1592808	1131.0726	6.0535
178	kö	1562134	1109.2906	6.045
179	ky	1536399	1091.0158	6.0378
180	yv	1536027	1090.7517	6.0377
181	aj	1524640	1082.6656	6.0345
182	rt	1514646	1075.5688	6.0316
183	sy	1494032	1060.9305	6.0257
184	yy	1473789	1046.5557	6.0198
185	yl	1416177	1005.6447	6.0024
186	ho	1407194	999.2658	5.9997
187	oa	1400998	994.8659	5.9978
188	rk	1391074	987.8188	5.9947
189	ju	1390525	987.4289	5.9945
190	äk	1385304	983.7214	5.9929
191	är	1355487	962.548	5.9834
192	rr	1352020	960.086	5.9823
193	op	1334065	947.336	5.9765
194	oh	1321898	938.696	5.9725
195	yö	1297288	921.2202	5.9644
196	ov	1249851	887.5346	5.9482
197	do	1247495	885.8616	5.9474
198	ea	1238819	879.7006	5.9443
199	äv	1236797	878.2648	5.9436
200	pp	1228647	872.4774	5.9408
201	um	1226268	870.788	5.9399
202	^ä	1191084	845.8034	5.9273
203	iä	1168989	830.1135	5.9191
204	rv	1162798	825.7172	5.9168
205	mo	1156396	821.171	5.9144
206	di	1155859	820.7897	5.9142
207	od	1141686	810.7253	5.9089
208	oo	1135624	806.4206	5.9066
209	io	1102667	783.0174	5.8938
210	ou	1078884	766.1288	5.8843
211	da	1068953	759.0767	5.8803
212	yk	1033151	733.6532	5.8655
213	je	1030271	731.6081	5.8643
214	^b	1006784	714.9297	5.8543
215	mp	1004955	713.6309	5.8535
216	yh	1002284	711.7342	5.8523
217	ev	991432	704.0281	5.8476
218	oj	985138	699.5586	5.8448
219	yn	980044	695.9413	5.8426
220	lv	908231	644.946	5.8095
221	lj	903436	641.541	5.8072
222	py	885490	628.7973	5.7985
223	vu	883163	627.1449	5.7974
224	ru	871842	619.1057	5.7918
225	uv	861166	611.5246	5.7864
226	tö	860451	611.0168	5.7861
227	rj	853873	606.3457	5.7827
228	ud	851825	604.8914	5.7817
229	^c	835419	593.2413	5.7732
230	rm	829768	589.2285	5.7703
231	rä	810676	575.671	5.7602
232	ng	810271	575.3834	5.76
233	^d	790364	561.2472	5.7492
234	eu	749323	532.1035	5.726
235	ym	745200	529.1757	5.7236
236	my	736829	523.2313	5.7187
237	ip	704095	499.9865	5.699
238	r$	649696	461.3571	5.664
239	lö	625663	444.291	5.6477
240	yd	612116	434.6711	5.6382
241	up	608468	432.0806	5.6356
242	ij	586806	416.6982	5.6198
243	hk	585591	415.8354	5.6189
244	hm	577708	410.2376	5.613
245	yr	572369	406.4463	5.609
246	ad	562450	399.4027	5.6014
247	rh	553987	393.393	5.5948
248	öy	533395	378.7704	5.5784
249	ge	525094	372.8757	5.5716
250	ly	518704	368.3381	5.5662
251	^f	514234	365.1639	5.5625
252	eä	513457	364.6121	5.5618
253	ös	499255	354.5271	5.5496
254	rs	499144	354.4483	5.5496
255	ch	493471	350.4198	5.5446
256	^g	486107	345.1906	5.5381
257	ön	479255	340.3249	5.5319
258	ep	440304	312.6653	5.4951
259	gi	431233	306.2239	5.486
260	ry	419919	298.1896	5.4745
261	nh	419159	297.65	5.4737
262	yi	414717	294.4956	5.4691
263	l$	406681	288.7892	5.4606
264	tr	391968	278.3413	5.4446
265	nd	383935	272.637	5.4356
266	th	368511	261.6842	5.4178
267	ey	367061	260.6545	5.4161
268	du	365329	259.4246	5.414
269	ic	361335	256.5884	5.4092
270	hn	352778	250.512	5.3988
271	öi	341463	242.4771	5.3847
272	be	339823	241.3125	5.3826
273	ps	339461	241.0554	5.3821
274	ga	337215	239.4605	5.3792
275	ca	335071	237.938	5.3765
276	np	330817	234.9172	5.3709
277	öt	326181	231.6251	5.3648
278	^w	321640	228.4005	5.3587
279	d$	321440	228.2585	5.3584
280	dy	318196	225.9549	5.354
281	yä	315423	223.9858	5.3502
282	sh	314447	223.2927	5.3489
283	ck	314073	223.0271	5.3484
284	k$	312112	221.6346	5.3456
285	uj	301986	214.444	5.3313
286	hj	298480	211.9543	5.3262
287	ue	297552	211.2953	5.3249
288	ba	293830	208.6523	5.3194
289	bi	292261	207.5381	5.3171
290	co	287523	204.1736	5.31
291	ej	284347	201.9183	5.3052
292	äp	264030	187.491	5.273
293	ac	259783	184.4751	5.2659
294	pr	254704	180.8684	5.2574
295	ji	253429	179.9631	5.2552
296	lp	253204	179.8033	5.2548
297	bo	248579	176.519	5.2468
298	yp	246235	174.8545	5.2427
299	fi	245732	174.4973	5.2418
300	h$	233788	166.0157	5.2201
301	sv	229874	163.2364	5.2128
302	ae	228818	162.4865	5.2108
303	äe	227883	161.8225	5.209
304	ag	224171	159.1866	5.2019
305	ök	222150	157.7514	5.198
306	m$	215948	153.3473	5.1857
307	go	214008	151.9697	5.1818
308	sp	212728	151.0608	5.1792
309	iu	211560	150.2314	5.1768
310	rp	210520	149.4928	5.1746
311	br	210428	149.4275	5.1744
312	rd	207659	147.4612	5.1687
313	eo	198075	140.6555	5.1482
314	öh	196017	139.1941	5.1436
315	ay	192229	136.5042	5.1351
316	oe	190281	135.1209	5.1307
317	rl	185799	131.9382	5.1204
318	rn	185058	131.412	5.1186
319	rg	180166	127.9381	5.107
320	äj	179741	127.6363	5.106
321	nl	178283	126.601	5.1024
322	wa	177047	125.7233	5.0994
323	kr	169660	120.4777	5.0809
324	fr	167271	118.7812	5.0747
325	ce	166243	118.0512	5.0721
326	ob	159859	113.5178	5.0551
327	bu	159755	113.444	5.0548
328	ab	159330	113.1422	5.0536
329	iö	157553	111.8803	5.0488
330	vy	157427	111.7909	5.0484
331	hr	156456	111.1013	5.0457
332	sm	147893	105.0206	5.0213
333	öl	145626	103.4108	5.0146
334	g$	144405	102.5438	5.0109
335	ff	143115	101.6277	5.007
336	gr	142977	101.5297	5.0066
337	hl	142102	100.9084	5.0039
338	ls	141074	100.1784	5.0008
339	hv	139464	99.0351	4.9958
340	ör	138207	98.1425	4.9919
341	ig	137383	97.5574	4.9893
342	fa	135437	96.1755	4.9831
343	nj	135043	95.8957	4.9818
344	wi	133754	94.9804	4.9776
345	öm	132228	93.8967	4.9727
346	äd	132226	93.8953	4.9726
347	sl	131644	93.482	4.9707
348	pö	126980	90.1701	4.9551
349	eg	125829	89.3527	4.9511
350	nc	124996	88.7612	4.9482
351	ow	122746	87.1634	4.9403
352	dr	122290	86.8396	4.9387
353	ci	121838	86.5187	4.9371
354	a-	120180	85.3413	4.9312
355	fe	118310	84.0134	4.9243
356	pt	115604	82.0918	4.9143
357	nv	114794	81.5166	4.9112
358	ld	114145	81.0558	4.9088
359	og	112570	79.9373	4.9027
360	kl	110200	78.2544	4.8935
361	kt	108349	76.94	4.8862
362	pl	104103	73.9248	4.8688
363	we	102700	72.9285	4.8629
364	sc	102245	72.6054	4.861
365	ew	99638	70.7542	4.8498
366	fo	99242	70.473	4.848
367	ph	97629	69.3276	4.8409
368	öp	95740	67.9862	4.8324
369	-a	94230	66.9139	4.8255
370	uc	93338	66.2805	4.8214
371	nr	91580	65.0321	4.8131
372	ya	90870	64.5279	4.8097
373	lh	90551	64.3014	4.8082
374	cl	90162	64.0251	4.8064
375	bl	87482	62.122	4.7932
376	w$	87331	62.0148	4.7925
377	nö	86879	61.6938	4.7902
378	of	85974	61.0512	4.7857
379	ub	85341	60.6017	4.7825
380	if	83843	59.5379	4.7748
381	ef	82428	58.5331	4.7674
382	oc	82242	58.4011	4.7664
383	mb	81950	58.1937	4.7649
384	gl	80951	57.4843	4.7595
385	x$	79336	56.3375	4.7508
386	nm	78559	55.7857	4.7465
387	ex	77967	55.3653	4.7432
388	i-	77360	54.9343	4.7398
389	öö	75518	53.6263	4.7294
390	^z	74962	53.2314	4.7262
391	p$	74853	53.154	4.7255
392	öä	73280	52.037	4.7163
393	gu	73138	51.9362	4.7155
394	ec	72797	51.694	4.7134
395	dd	72468	51.4604	4.7115
396	sö	71004	50.4208	4.7026
397	bb	70773	50.2568	4.7012
398	by	70080	49.7647	4.6969
399	eb	70079	49.764	4.6969
400	tl	69501	49.3535	4.6933
401	c$	69408	49.2875	4.6927
402	ao	67773	48.1264	4.6824
403	yo	67504	47.9354	4.6807
404	cr	67428	47.8815	4.6802
405	oy	66782	47.4227	4.676
406	za	66094	46.9342	4.6715
407	ib	65642	46.6132	4.6685
408	yj	65273	46.3512	4.6661
409	öd	64920	46.1005	4.6637
410	rc	64229	45.6098	4.6591
411	öj	62675	44.5063	4.6484
412	b$	62054	44.0653	4.6441
413	hö	61089	43.3801	4.6373
414	af	60798	43.1734	4.6352
415	sn	59311	42.1175	4.6245
416	ye	59222	42.0543	4.6238
417	wo	58906	41.8299	4.6215
418	gh	58903	41.8277	4.6215
419	fl	58810	41.7617	4.6208
420	ug	55152	39.1641	4.5929
421	cu	52600	37.3519	4.5723
422	qu	52563	37.3256	4.572
423	gn	52421	37.2248	4.5708
424	z$	51872	36.8349	4.5663
425	zi	50923	36.161	4.5582
426	f$	50617	35.9438	4.5556
427	aw	49178	34.9219	4.5431
428	gg	48795	34.6499	4.5397
429	rb	48395	34.3659	4.5361
430	-k	46808	33.2389	4.5216
431	-s	45223	32.1134	4.5067
432	iz	44506	31.6043	4.4997
433	xi	44411	31.5368	4.4988
434	o-	44067	31.2925	4.4954
435	iy	43868	31.1512	4.4935
436	-t	43272	30.728	4.4875
437	kn	43242	30.7067	4.4872
438	mö	43075	30.5881	4.4856
439	jy	42890	30.4567	4.4837
440	mc	42830	30.4141	4.4831
441	cy	42750	30.3573	4.4823
442	ax	42676	30.3048	4.4815
443	zo	42504	30.1826	4.4798
444	az	42395	30.1052	4.4786
445	e-	41143	29.2162	4.4656
446	äo	41133	29.209	4.4655
447	sr	40103	28.4776	4.4545
448	ct	38753	27.519	4.4396
449	lf	38545	27.3713	4.4373
450	-i	38189	27.1185	4.4333
451	sj	38062	27.0283	4.4318
452	rö	37813	26.8515	4.429
453	tc	37428	26.5781	4.4245
454	dn	37348	26.5213	4.4236
455	gy	37282	26.4744	4.4228
456	ds	37261	26.4595	4.4226
457	tn	37227	26.4354	4.4222
458	-p	35689	25.3432	4.4039
459	n-	35125	24.9427	4.3969
460	ze	34874	24.7645	4.3938
461	s-	34616	24.5812	4.3906
462	^ö	34055	24.1829	4.3835
463	mr	33799	24.0011	4.3802
464	zz	33790	23.9947	4.3801
465	ms	33552	23.8257	4.377
466	cc	32617	23.1617	4.3648
467	v$	32398	23.0062	4.3618
468	lb	31712	22.5191	4.3526
469	fb	31363	22.2713	4.3477
470	-o	31319	22.24	4.3471
471	ez	30948	21.9766	4.342
472	^q	29991	21.297	4.3283
473	öv	29568	20.9966	4.3221
474	gs	29284	20.7949	4.318
475	-m	28952	20.5592	4.313
476	fu	28619	20.3227	4.308
477	wn	28402	20.1686	4.3047
478	uf	28118	19.9669	4.3003
479	tv	27028	19.1929	4.2831
480	ix	26087	18.5247	4.2678
481	rf	25489	18.1001	4.2577
482	nf	25471	18.0873	4.2574
483	sb	25457	18.0773	4.2571
484	tz	25443	18.0674	4.2569
485	dg	25424	18.0539	4.2566
486	wh	25246	17.9275	4.2535
487	tp	25047	17.7862	4.2501
488	-l	24581	17.4553	4.2419
489	fy	24263	17.2295	4.2363
490	bs	24081	17.1002	4.233
491	tm	24034	17.0668	4.2322
492	gt	24000	17.0427	4.2315
493	jö	23131	16.4256	4.2155
494	tj	22348	15.8696	4.2006
495	's	22312	15.844	4.1999
496	ox	21716	15.4208	4.1881
497	-j	21522	15.283	4.1842
498	dw	21335	15.1502	4.1804
499	dö	21256	15.0941	4.1788
500	nz	21169	15.0324	4.177
501	ln	21151	15.0196	4.1767
502	-h	21146	15.016	4.1766
503	dl	20699	14.6986	4.1673
504	t-	20619	14.6418	4.1656
505	y-	20596	14.6255	4.1651
506	-v	20174	14.3258	4.1561
507	sw	20105	14.2768	4.1546
508	äa	19908	14.1369	4.1504
509	kh	19545	13.8791	4.1424
510	-e	19443	13.8067	4.1401
511	r-	18744	13.3103	4.1242
512	^x	18537	13.1634	4.1194
513	l-	18518	13.1499	4.1189
514	j$	18510	13.1442	4.1187
515	ä-	18397	13.0639	4.1161
516	-r	17588	12.4895	4.0965
517	ws	17420	12.3702	4.0924
518	-n	17256	12.2537	4.0883
519	lc	17139	12.1706	4.0853
520	'n	17101	12.1436	4.0843
521	bä	16829	11.9505	4.0774
522	nb	16703	11.861	4.0741
523	u-	16612	11.7964	4.0717
524	xa	16292	11.5691	4.0633
525	oz	16147	11.4662	4.0594
526	km	16093	11.4278	4.058
527	uz	16004	11.3646	4.0556
528	oä	15811	11.2276	4.0503
529	gä	15682	11.136	4.0467
530	lg	15407	10.9407	4.039
531	tw	15336	10.8903	4.037
532	o'	15298	10.8633	4.036
533	x-	13842	9.8294	3.9925
534	ft	13575	9.6398	3.9841
535	w'	12905	9.164	3.9621
536	yu	12352	8.7713	3.9431
537	wr	12338	8.7614	3.9426
538	yb	12215	8.674	3.9382
539	d-	12044	8.5526	3.9321
540	xt	11984	8.51	3.9299
541	dm	11947	8.4837	3.9286
542	uy	11695	8.3048	3.9193
543	k-	11683	8.2962	3.9189
544	öa	11648	8.2714	3.9176
545	-b	11286	8.0143	3.9039
546	wl	11250	7.9888	3.9025
547	v-	10829	7.6898	3.8859
548	wy	10823	7.6855	3.8857
549	cg	10533	7.4796	3.8739
550	yw	10459	7.4271	3.8708
551	a'	10421	7.4001	3.8692
552	kv	10321	7.3291	3.8651
553	yc	10124	7.1892	3.8567
554	-y	9894	7.0259	3.8467
555	zu	9652	6.854	3.8359
556	dj	9601	6.8178	3.8336
557	m-	9538	6.7731	3.8308
558	rw	9511	6.7539	3.8296
559	-d	9498	6.7446	3.829
560	dt	9316	6.6154	3.8206
561	dh	9262	6.5771	3.818
562	g-	9234	6.5572	3.8167
563	ml	8873	6.3008	3.7994
564	sd	8694	6.1737	3.7905
565	lr	8572	6.0871	3.7844
566	sf	8563	6.0807	3.784
567	bh	8483	6.0239	3.7799
568	ux	8482	6.0232	3.7798
569	p-	8171	5.8023	3.7636
570	mn	8123	5.7682	3.761
571	zy	8104	5.7548	3.76
572	vs	7935	5.6347	3.7509
573	'a	7800	5.5389	3.7434
574	xe	7745	5.4998	3.7403
575	-c	7564	5.3713	3.7301
576	dc	7307	5.1888	3.7151
577	'$	7243	5.1433	3.7112
578	cs	7233	5.1362	3.7106
579	cn	7199	5.1121	3.7086
580	wt	7180	5.0986	3.7075
581	h-	7122	5.0574	3.7039
582	rz	7078	5.0262	3.7012
583	gw	7068	5.0191	3.7006
584	l'	7015	4.9814	3.6974
585	n'	6974	4.9523	3.6948
586	cd	6935	4.9246	3.6924
587	bf	6927	4.9189	3.6919
588	-f	6917	4.9118	3.6912
589	nw	6831	4.8508	3.6858
589	xo	6831	4.8508	3.6858
590	d'	6798	4.8273	3.6837
591	äu	6764	4.8032	3.6815
592	't	6581	4.6732	3.6696
593	-u	6567	4.6633	3.6687
594	c-	6547	4.6491	3.6674
595	wb	6473	4.5966	3.6624
596	é$	6452	4.5816	3.661
597	vl	6430	4.566	3.6595
598	vn	6382	4.5319	3.6563
599	gm	6307	4.4787	3.6512
600	hw	6302	4.4751	3.6508
601	gd	6195	4.3991	3.6434
602	kw	6098	4.3303	3.6365
603	t'	6051	4.2969	3.6332
604	sg	6015	4.2713	3.6306
605	hs	5969	4.2387	3.6272
606	aq	5937	4.2159	3.6249
607	tg	5874	4.1712	3.6203
608	wk	5781	4.1052	3.6133
609	vö	5750	4.0831	3.611
610	b-	5617	3.9887	3.6008
611	zh	5557	3.9461	3.5962
612	sq	5494	3.9014	3.5912
613	pn	5435	3.8595	3.5865
614	yg	5257	3.7331	3.5721
615	'c	5224	3.7096	3.5693
616	'u	5188	3.6841	3.5663
616	cm	5188	3.6841	3.5663
617	fg	5167	3.6692	3.5646
618	dk	5162	3.6656	3.5641
619	db	5130	3.6429	3.5614
620	tf	5060	3.5932	3.5555
621	iq	5042	3.5804	3.5539
622	mf	5006	3.5548	3.5508
623	dv	4998	3.5491	3.5501
624	gb	4892	3.4739	3.5408
625	'l	4822	3.4242	3.5346
626	gf	4769	3.3865	3.5298
627	bj	4687	3.3283	3.5222
628	xx	4614	3.2765	3.5154
629	lw	4576	3.2495	3.5118
630	yf	4559	3.2374	3.5102
631	-g	4510	3.2026	3.5055
632	s'	4375	3.1067	3.4923
633	'r	4367	3.1011	3.4915
634	df	4358	3.0947	3.4906
635	cq	4325	3.0712	3.4873
636	fk	4267	3.03	3.4814
637	mh	4070	2.8902	3.4609
638	tb	4065	2.8866	3.4604
639	vr	4011	2.8483	3.4546
640	eq	4008	2.8461	3.4543
641	hh	3966	2.8163	3.4497
642	fm	3961	2.8128	3.4491
643	wu	3956	2.8092	3.4486
644	zk	3929	2.79	3.4456
645	aä	3841	2.7275	3.4358
646	q$	3834	2.7226	3.435
647	hb	3799	2.6977	3.431
648	bt	3776	2.6814	3.4284
649	cb	3721	2.6423	3.422
650	i'	3715	2.6381	3.4213
651	e'	3706	2.6317	3.4202
651	lz	3706	2.6317	3.4202
652	pk	3703	2.6295	3.4199
653	tš	3655	2.5955	3.4142
654	vt	3619	2.5699	3.4099
655	k'	3587	2.5472	3.4061
656	-w	3479	2.4705	3.3928
657	pc	3464	2.4598	3.3909
658	^'	3448	2.4485	3.3889
659	gp	3444	2.4456	3.3884
660	'h	3443	2.4449	3.3883
661	mt	3428	2.4343	3.3864
662	gk	3410	2.4215	3.3841
663	gv	3390	2.4073	3.3815
664	fü	3361	2.3867	3.3778
665	f-	3346	2.376	3.3758
666	kg	3339	2.3711	3.3749
667	pb	3328	2.3633	3.3735
668	üh	3310	2.3505	3.3712
669	jr	3273	2.3242	3.3663
670	äö	3259	2.3143	3.3644
671	še	3256	2.3121	3.364
672	zl	3242	2.3022	3.3621
673	ño	3217	2.2844	3.3588
674	dz	3207	2.2773	3.3574
675	qa	3193	2.2674	3.3555
676	pm	3192	2.2667	3.3554
677	h'	3152	2.2383	3.3499
678	mw	3150	2.2369	3.3496
679	bn	3072	2.1815	3.3388
680	rq	3060	2.1729	3.337
681	wm	3040	2.1587	3.3342
682	iw	3037	2.1566	3.3338
683	pd	3013	2.1396	3.3303
684	fs	2997	2.1282	3.328
685	bc	2942	2.0892	3.32
686	y'	2914	2.0693	3.3158
687	'b	2904	2.0622	3.3143
688	mk	2887	2.0501	3.3118
689	sz	2880	2.0451	3.3107
690	eñ	2838	2.0153	3.3043
691	xy	2742	1.9471	3.2894
692	äb	2741	1.9464	3.2892
693	kb	2695	1.9138	3.2819
694	wd	2684	1.9059	3.2801
695	kj	2675	1.8996	3.2787
696	ré	2645	1.8782	3.2737
697	nx	2644	1.8775	3.2736
698	xu	2636	1.8719	3.2723
699	vd	2634	1.8704	3.2719
700	bd	2622	1.8619	3.27
701	wc	2594	1.842	3.2653
702	én	2567	1.8229	3.2608
703	öo	2544	1.8065	3.2568
704	jn	2527	1.7945	3.2539
705	r'	2474	1.7568	3.2447
706	wf	2435	1.7291	3.2378
707	'i	2423	1.7206	3.2357
708	bm	2393	1.6993	3.2303
708	xä	2393	1.6993	3.2303
709	cp	2351	1.6695	3.2226
710	-ä	2339	1.661	3.2204
711	u'	2334	1.6574	3.2194
712	zn	2327	1.6524	3.2181
713	xp	2313	1.6425	3.2155
714	z-	2286	1.6233	3.2104
715	'm	2268	1.6105	3.207
716	hc	2255	1.6013	3.2045
717	md	2226	1.5807	3.1988
718	qi	2217	1.5743	3.1971
719	zm	2212	1.5708	3.1961
720	xl	2150	1.5267	3.1838
721	gö	2101	1.4919	3.1737
722	kf	2072	1.4714	3.1677
723	xf	2039	1.4479	3.1607
724	pf	2026	1.4387	3.158
725	ün	2023	1.4366	3.1573
726	jj	1943	1.3797	3.1398
727	mé	1931	1.3712	3.1371
728	mg	1906	1.3535	3.1315
729	^š	1897	1.3471	3.1294
730	lé	1896	1.3464	3.1292
731	né	1859	1.3201	3.1206
732	'd	1856	1.318	3.1199
733	hf	1855	1.3173	3.1197
734	fn	1833	1.3016	3.1145
735	sé	1785	1.2676	3.103
736	éa	1751	1.2434	3.0946
737	cz	1750	1.2427	3.0944
738	zs	1746	1.2399	3.0934
739	ã$	1736	1.2328	3.0909
740	'e	1728	1.2271	3.0889
741	zr	1722	1.2228	3.0874
742	öe	1703	1.2093	3.0825
743	uw	1672	1.1873	3.0746
744	-q	1664	1.1816	3.0725
745	hé	1614	1.1461	3.0592
745	mü	1614	1.1461	3.0592
746	ée	1612	1.1447	3.0587
747	'k	1590	1.1291	3.0527
748	j-	1580	1.122	3.05
749	él	1562	1.1092	3.045
750	w-	1537	1.0914	3.038
751	ía	1525	1.0829	3.0346
752	dé	1524	1.0822	3.0343
753	td	1495	1.0616	3.026
754	án	1493	1.0602	3.0254
755	yz	1480	1.051	3.0216
755	ón	1480	1.051	3.0216
756	jt	1469	1.0432	3.0184
757	té	1401	0.9949	2.9978
758	xc	1399	0.9934	2.9971
759	ša	1381	0.9807	2.9915
760	és	1370	0.9729	2.9881
761	ür	1357	0.9636	2.9839
762	öu	1344	0.9544	2.9797
763	x'	1343	0.9537	2.9794
764	nq	1340	0.9516	2.9785
765	zg	1335	0.948	2.9768
766	zb	1323	0.9395	2.9729
767	à$	1319	0.9366	2.9716
768	rx	1308	0.9288	2.9679
769	fä	1299	0.9224	2.9649
770	-z	1283	0.9111	2.9596
771	äf	1271	0.9026	2.9555
772	ér	1247	0.8855	2.9472
773	ö-	1229	0.8727	2.9409
774	cf	1227	0.8713	2.9402
775	xb	1219	0.8656	2.9373
776	år	1215	0.8628	2.9359
777	uq	1209	0.8585	2.9337
778	tã	1192	0.8465	2.9276
779	pj	1148	0.8152	2.9113
780	jd	1146	0.8138	2.9105
781	äg	1139	0.8088	2.9078
782	uä	1134	0.8053	2.906
783	^å	1126	0.7996	2.9029
784	ín	1120	0.7953	2.9005
785	wp	1112	0.7896	2.8974
786	mj	1095	0.7776	2.8908
787	xn	1091	0.7747	2.8891
788	ña	1077	0.7648	2.8835
789	g'	1056	0.7499	2.875
790	'o	1045	0.7421	2.8705
791	wg	1041	0.7392	2.8688
792	kp	1036	0.7357	2.8667
793	cé	1033	0.7335	2.8654
794	fö	1011	0.7179	2.8561
795	kd	1005	0.7137	2.8535
796	oq	998	0.7087	2.8505
797	jp	997	0.708	2.85
797	xw	997	0.708	2.85
798	fc	991	0.7037	2.8474
799	cí	986	0.7002	2.8452
800	vk	975	0.6924	2.8404
801	zp	971	0.6895	2.8385
802	zt	952	0.676	2.8299
803	hp	949	0.6739	2.8286
804	jf	913	0.6483	2.8118
805	aö	909	0.6455	2.8099
806	bw	907	0.6441	2.809
807	js	905	0.6427	2.808
807	mv	905	0.6427	2.808
808	éo	903	0.6412	2.807
809	ó$	895	0.6356	2.8032
810	'p	886	0.6292	2.7988
811	ét	884	0.6277	2.7978
812	m'	883	0.627	2.7973
813	vh	882	0.6263	2.7968
814	mz	876	0.6221	2.7939
815	èr	873	0.6199	2.7923
816	jk	865	0.6142	2.7883
817	cv	853	0.6057	2.7823
818	^é	840	0.5965	2.7756
818	^ø	840	0.5965	2.7756
819	ãn	839	0.5958	2.7751
820	dp	835	0.5929	2.773
821	bk	822	0.5837	2.7662
822	ør	809	0.5745	2.7593
823	gc	803	0.5702	2.756
824	öb	797	0.566	2.7528
825	ši	793	0.5631	2.7506
826	^ó	784	0.5567	2.7456
826	gå	784	0.5567	2.7456
827	ès	771	0.5475	2.7384
828	iñ	769	0.5461	2.7373
828	má	769	0.5461	2.7373
828	xs	769	0.5461	2.7373
829	kc	763	0.5418	2.7338
830	vv	761	0.5404	2.7327
831	fé	758	0.5383	2.731
832	oé	756	0.5368	2.7298
833	fd	751	0.5333	2.727
834	ém	744	0.5283	2.7229
835	zw	726	0.5155	2.7122
836	ás	717	0.5092	2.7069
837	^á	714	0.507	2.705
838	jø	713	0.5063	2.7044
839	cj	707	0.502	2.7007
840	zc	703	0.4992	2.6983
841	hg	702	0.4985	2.6977
842	fp	694	0.4928	2.6927
843	fj	688	0.4886	2.689
844	pé	684	0.4857	2.6864
845	iè	679	0.4822	2.6832
846	'v	676	0.48	2.6812
847	pg	668	0.4744	2.6761
848	â$	656	0.4658	2.6682
849	bö	650	0.4616	2.6643
850	xv	648	0.4602	2.6629
851	øn	646	0.4587	2.6615
852	gz	642	0.4559	2.6589
853	rè	628	0.446	2.6493
854	á$	626	0.4445	2.6479
855	úl	624	0.4431	2.6465
856	xh	623	0.4424	2.6458
857	c'	622	0.4417	2.6451
857	zv	622	0.4417	2.6451
858	rü	618	0.4388	2.6423
859	nç	612	0.4346	2.6381
860	aú	608	0.4317	2.6352
861	-x	606	0.4303	2.6338
862	jb	605	0.4296	2.6331
863	tí	601	0.4268	2.6302
864	ço	598	0.4246	2.628
865	éj	593	0.4211	2.6244
866	vp	592	0.4204	2.6237
867	åk	589	0.4183	2.6215
868	là	581	0.4126	2.6155
869	aš	568	0.4033	2.6056
870	eö	555	0.3941	2.5956
871	zü	552	0.392	2.5933
872	šo	551	0.3913	2.5925
873	í$	550	0.3906	2.5917
874	mó	549	0.3899	2.591
875	ué	547	0.3884	2.5893
875	ög	547	0.3884	2.5893
876	ål	545	0.387	2.5877
877	ãã	526	0.3735	2.5723
878	tá	523	0.3714	2.5698
879	jc	521	0.37	2.5682
880	éé	517	0.3671	2.5648
881	ié	507	0.36	2.5563
882	fh	505	0.3586	2.5546
883	pw	499	0.3543	2.5494
884	lá	493	0.3501	2.5442
885	rí	486	0.3451	2.5379
886	zd	485	0.3444	2.5371
887	ww	483	0.343	2.5353
888	j'	481	0.3416	2.5335
889	qe	479	0.3401	2.5316
890	pv	478	0.3394	2.5307
891	'g	473	0.3359	2.5262
892	sí	467	0.3316	2.5206
892	ár	467	0.3316	2.5206
893	bé	466	0.3309	2.5197
894	må	465	0.3302	2.5188
895	añ	464	0.3295	2.5179
896	kx	462	0.3281	2.516
897	hã	458	0.3252	2.5122
898	hå	457	0.3245	2.5112
899	gü	452	0.321	2.5065
900	ån	449	0.3188	2.5035
901	øl	446	0.3167	2.5006
902	ås	444	0.3153	2.4987
903	tx	441	0.3132	2.4958
904	lí	438	0.311	2.4928
905	jm	430	0.3053	2.4847
905	xm	430	0.3053	2.4847
906	jà	418	0.2968	2.4725
906	yx	418	0.2968	2.4725
907	ât	417	0.2961	2.4714
908	aé	415	0.2947	2.4694
909	bp	412	0.2926	2.4663
909	lq	412	0.2926	2.4663
909	öf	412	0.2926	2.4663
910	'ä	410	0.2911	2.464
910	hâ	410	0.2911	2.464
910	š$	410	0.2911	2.464
911	ós	407	0.289	2.4609
912	sø	403	0.2862	2.4567
913	vá	402	0.2855	2.4556
914	q-	395	0.2805	2.4479
915	px	394	0.2798	2.4468
916	cw	393	0.2791	2.4458
917	éc	386	0.2741	2.4379
918	ió	382	0.2713	2.4334
919	jh	381	0.2706	2.4323
920	b'	377	0.2677	2.4276
920	tâ	377	0.2677	2.4276
921	nã	374	0.2656	2.4242
922	lã	373	0.2649	2.4231
923	dž	371	0.2635	2.4208
923	z'	371	0.2635	2.4208
924	ál	370	0.2627	2.4195
925	ül	366	0.2599	2.4148
926	mx	365	0.2592	2.4136
927	uš	360	0.2556	2.4076
928	nü	356	0.2528	2.4028
928	vm	356	0.2528	2.4028
929	ró	353	0.2507	2.3992
930	ò$	352	0.25	2.3979
931	vg	351	0.2492	2.3965
932	gj	350	0.2485	2.3953
932	pz	350	0.2485	2.3953
933	sã	348	0.2471	2.3929
934	øi	347	0.2464	2.3916
935	lè	344	0.2443	2.3879
935	oñ	344	0.2443	2.3879
936	cä	342	0.2429	2.3854
936	å$	342	0.2429	2.3854
937	vc	341	0.2421	2.384
938	jl	333	0.2365	2.3738
938	oö	333	0.2365	2.3738
939	^à	332	0.2358	2.3725
939	gé	332	0.2358	2.3725
940	v'	330	0.2343	2.3698
941	èn	328	0.2329	2.3672
941	ñe	328	0.2329	2.3672
942	hz	327	0.2322	2.3659
943	äc	323	0.2294	2.3606
943	ép	323	0.2294	2.3606
944	eé	322	0.2287	2.3593
945	kã	321	0.2279	2.3577
946	rø	316	0.2244	2.351
946	ão	316	0.2244	2.351
946	ça	316	0.2244	2.351
947	p'	309	0.2194	2.3412
947	šk	309	0.2194	2.3412
948	ún	307	0.218	2.3385
949	ãl	304	0.2159	2.3343
950	'j	303	0.2152	2.3328
951	zé	300	0.213	2.3284
952	øs	299	0.2123	2.3269
953	vj	297	0.2109	2.3241
954	št	296	0.2102	2.3226
955	lx	293	0.2081	2.3183
955	uñ	293	0.2081	2.3183
955	vé	293	0.2081	2.3183
956	kø	290	0.2059	2.3137
957	uö	286	0.2031	2.3077
958	qn	283	0.201	2.3032
958	zf	283	0.201	2.3032
958	ä'	283	0.201	2.3032
959	xk	282	0.2003	2.3017
960	ža	280	0.1988	2.2984
961	^â	278	0.1974	2.2953
961	fx	278	0.1974	2.2953
961	iš	278	0.1974	2.2953
962	éd	273	0.1939	2.2876
963	ké	272	0.1932	2.286
963	qq	272	0.1932	2.286
964	éi	271	0.1924	2.2842
965	dü	262	0.186	2.2695
965	qo	262	0.186	2.2695
966	rå	261	0.1853	2.2679
966	ãt	261	0.1853	2.2679
967	fv	260	0.1846	2.2662
968	^ì	259	0.1839	2.2646
969	kå	254	0.1804	2.2562
970	'f	253	0.1797	2.2545
971	eó	251	0.1782	2.2509
972	ê$	249	0.1768	2.2475
973	vx	247	0.1754	2.244
973	ø$	247	0.1754	2.244
974	jw	242	0.1718	2.235
974	mí	242	0.1718	2.235
975	bg	241	0.1711	2.2333
975	ân	241	0.1711	2.2333
976	rá	239	0.1697	2.2297
977	cá	237	0.1683	2.2261
977	oë	237	0.1683	2.2261
978	tå	236	0.1676	2.2243
979	nø	235	0.1669	2.2225
980	vã	232	0.1647	2.2167
981	év	231	0.164	2.2148
982	lü	228	0.1619	2.2092
983	qr	227	0.1612	2.2074
984	-ö	225	0.1598	2.2036
985	éu	224	0.1591	2.2017
985	üs	224	0.1591	2.2017
986	tè	223	0.1584	2.1998
987	ló	222	0.1576	2.1976
988	ór	221	0.1569	2.1956
989	dã	220	0.1562	2.1937
989	iá	220	0.1562	2.1937
990	dí	219	0.1555	2.1917
991	dè	217	0.1541	2.1878
991	tò	217	0.1541	2.1878
991	èv	217	0.1541	2.1878
992	èl	215	0.1527	2.1838
993	xr	214	0.152	2.1818
994	jü	213	0.1513	2.1798
995	qb	212	0.1505	2.1775
996	bz	211	0.1498	2.1755
997	hø	210	0.1491	2.1735
998	^ã	206	0.1463	2.1652
998	ég	206	0.1463	2.1652
999	ãi	203	0.1442	2.159
1000	'y	202	0.1434	2.1565
1001	có	200	0.142	2.1523
1001	dq	200	0.142	2.1523
1002	ús	199	0.1413	2.1501
1003	ŋk	198	0.1406	2.148
1004	bv	197	0.1399	2.1458
1004	uá	197	0.1399	2.1458
1004	øt	197	0.1399	2.1458
1005	rú	196	0.1392	2.1436
1006	rç	194	0.1378	2.1392
1007	jó	192	0.1363	2.1345
1007	üb	192	0.1363	2.1345
1008	dx	190	0.1349	2.13
1009	jv	189	0.1342	2.1278
1010	ãs	188	0.1335	2.1255
1011	tø	187	0.1328	2.1232
1012	iê	186	0.1321	2.1209
1012	lš	186	0.1321	2.1209
1013	zx	180	0.1278	2.1065
1014	qt	179	0.1271	2.1041
1014	uø	179	0.1271	2.1041
1014	åg	179	0.1271	2.1041
1015	åi	177	0.1257	2.0993
1015	ît	177	0.1257	2.0993
1016	šu	176	0.125	2.0969
1017	aï	175	0.1243	2.0945
1017	há	175	0.1243	2.0945
1018	ël	174	0.1236	2.092
1018	ís	174	0.1236	2.092
1019	på	173	0.1228	2.0892
1019	áf	173	0.1228	2.0892
1020	qv	172	0.1221	2.0867
1021	é-	170	0.1207	2.0817
1022	èm	169	0.12	2.0792
1023	lø	168	0.1193	2.0766
1024	sú	164	0.1165	2.0663
1024	zq	164	0.1165	2.0663
1025	óm	163	0.1157	2.0633
1026	ìi	160	0.1136	2.0554
1027	kz	154	0.1094	2.039
1028	mã	153	0.1086	2.0358
1028	uí	153	0.1086	2.0358
1028	wj	153	0.1086	2.0358
1029	fw	151	0.1072	2.0302
1029	wz	151	0.1072	2.0302
1029	ì$	151	0.1072	2.0302
1030	üe	149	0.1058	2.0245
1031	ví	148	0.1051	2.0216
1032	æ$	147	0.1044	2.0187
1033	aë	146	0.1037	2.0158
1033	è$	146	0.1037	2.0158
1034	hx	145	0.103	2.0128
1035	hü	143	0.1015	2.0065
1035	ôt	143	0.1015	2.0065
1036	dó	142	0.1008	2.0035
1036	ám	142	0.1008	2.0035
1037	aî	141	0.1001	2.0004
1038	zó	140	0.0994	1.9974
1039	gq	138	0.098	1.9912
1039	mè	138	0.098	1.9912
1039	oš	138	0.098	1.9912
1039	pã	138	0.098	1.9912
1039	vå	138	0.098	1.9912
1039	üd	138	0.098	1.9912
1040	mq	137	0.0973	1.9881
1041	ãy	136	0.0966	1.985
1041	ío	136	0.0966	1.985
1041	üg	136	0.0966	1.985
1042	f'	135	0.0959	1.9818
1042	nè	135	0.0959	1.9818
1043	ââ	134	0.0952	1.9786
1043	ík	134	0.0952	1.9786
1044	aí	133	0.0944	1.975
1044	jé	133	0.0944	1.975
1044	öz	133	0.0944	1.975
1045	tó	132	0.0937	1.9717
1046	éz	131	0.093	1.9685
1046	ów	131	0.093	1.9685
1047	gó	130	0.0923	1.9652
1048	ól	129	0.0916	1.9619
1048	ôn	129	0.0916	1.9619
1048	øm	129	0.0916	1.9619
1049	iã	128	0.0909	1.9586
1049	øv	128	0.0909	1.9586
1049	øy	128	0.0909	1.9586
1049	ži	128	0.0909	1.9586
1050	jz	127	0.0902	1.9552
1050	øk	127	0.0902	1.9552
1051	ën	126	0.0895	1.9518
1051	íd	126	0.0895	1.9518
1052	à-	123	0.0873	1.941
1053	åh	122	0.0866	1.9375
1054	øj	121	0.0859	1.934
1055	âª	120	0.0852	1.9304
1055	éb	120	0.0852	1.9304
1055	ði	120	0.0852	1.9304
1056	ª$	119	0.0845	1.9269
1056	üc	119	0.0845	1.9269
1057	^ü	118	0.0838	1.9232
1058	'w	117	0.0831	1.9196
1058	^è	117	0.0831	1.9196
1058	vf	117	0.0831	1.9196
1059	ôm	116	0.0824	1.9159
1060	qw	115	0.0817	1.9122
1060	în	115	0.0817	1.9122
1061	hè	114	0.081	1.9085
1061	zá	114	0.081	1.9085
1061	î$	114	0.081	1.9085
1062	fá	113	0.0802	1.9042
1062	zj	113	0.0802	1.9042
1062	ãk	113	0.0802	1.9042
1062	ãm	113	0.0802	1.9042
1062	êt	113	0.0802	1.9042
1063	oî	112	0.0795	1.9004
1064	qh	111	0.0788	1.8965
1064	øe	111	0.0788	1.8965
1065	tü	109	0.0774	1.8887
1066	pó	108	0.0767	1.8848
1066	vb	108	0.0767	1.8848
1067	já	107	0.076	1.8808
1067	vø	107	0.076	1.8808
1067	áb	107	0.076	1.8808
1067	ãh	107	0.076	1.8808
1068	jg	106	0.0753	1.8768
1069	mø	105	0.0746	1.8727
1069	õ$	105	0.0746	1.8727
1070	jã	104	0.0739	1.8686
1070	ná	104	0.0739	1.8686
1070	xj	104	0.0739	1.8686
1070	ék	104	0.0739	1.8686
1071	kâ	103	0.0731	1.8639
1071	sá	103	0.0731	1.8639
1071	ãr	103	0.0731	1.8639
1071	éð	103	0.0731	1.8639
1072	lå	102	0.0724	1.8597
1072	qy	102	0.0724	1.8597
1072	ý$	102	0.0724	1.8597
1073	xz	100	0.071	1.8513
1073	ûl	100	0.071	1.8513
1074	lâ	99	0.0703	1.847
1074	nâ	99	0.0703	1.847
1075	oï	98	0.0696	1.8426
1075	rê	98	0.0696	1.8426
1075	üt	98	0.0696	1.8426
1076	yã	97	0.0689	1.8382
1076	ú$	97	0.0689	1.8382
1077	ë$	96	0.0682	1.8338
1078	bx	95	0.0675	1.8293
1078	hq	95	0.0675	1.8293
1078	öx	95	0.0675	1.8293
1079	rô	94	0.0668	1.8248
1080	kõ	93	0.066	1.8195
1081	sx	92	0.0653	1.8149
1081	wä	92	0.0653	1.8149
1082	îs	91	0.0646	1.8102
1083	gx	90	0.0639	1.8055
1083	mâ	90	0.0639	1.8055
1083	vw	90	0.0639	1.8055
1083	âl	90	0.0639	1.8055
1083	ïs	90	0.0639	1.8055
1084	bø	89	0.0632	1.8007
1084	ež	89	0.0632	1.8007
1085	^ç	88	0.0625	1.7959
1085	àn	88	0.0625	1.7959
1086	ðu	86	0.0611	1.786
1087	'q	85	0.0604	1.781
1088	gè	84	0.0596	1.7752
1088	wq	84	0.0596	1.7752
1089	eš	83	0.0589	1.7701
1089	yõ	83	0.0589	1.7701
1089	éx	83	0.0589	1.7701
1089	šm	83	0.0589	1.7701
1090	cú	82	0.0582	1.7649
1090	pø	82	0.0582	1.7649
1091	cô	81	0.0575	1.7597
1091	pâ	81	0.0575	1.7597
1092	vâ	80	0.0568	1.7543
1093	qs	79	0.0561	1.749
1093	só	79	0.0561	1.749
1094	áp	78	0.0554	1.7435
1094	át	78	0.0554	1.7435
1094	áv	78	0.0554	1.7435
1095	fz	77	0.0547	1.738
1095	šš	77	0.0547	1.738
1096	bq	76	0.054	1.7324
1097	dû	75	0.0533	1.7267
1098	bü	74	0.0525	1.7202
1098	fè	74	0.0525	1.7202
1098	pá	74	0.0525	1.7202
1098	yé	74	0.0525	1.7202
1098	èo	74	0.0525	1.7202
1099	hô	73	0.0518	1.7143
1099	xg	73	0.0518	1.7143
1099	ír	73	0.0518	1.7143
1100	fí	72	0.0511	1.7084
1100	så	72	0.0511	1.7084
1100	tà	72	0.0511	1.7084
1100	uð	72	0.0511	1.7084
1100	øh	72	0.0511	1.7084
1101	ád	71	0.0504	1.7024
1102	vý	70	0.0497	1.6964
1102	éh	70	0.0497	1.6964
1102	íg	70	0.0497	1.6964
1103	bá	69	0.049	1.6902
1103	rð	69	0.049	1.6902
1103	sâ	69	0.049	1.6902
1103	åe	69	0.049	1.6902
1103	öw	69	0.049	1.6902
1104	ãv	68	0.0483	1.6839
1104	žn	68	0.0483	1.6839
1105	ký	67	0.0476	1.6776
1105	oã	67	0.0476	1.6776
1105	sè	67	0.0476	1.6776
1106	lô	66	0.0469	1.6712
1106	rû	66	0.0469	1.6712
1106	âs	66	0.0469	1.6712
1106	ï$	66	0.0469	1.6712
1106	ød	66	0.0469	1.6712
1107	bå	65	0.0462	1.6646
1107	dá	65	0.0462	1.6646
1107	nú	65	0.0462	1.6646
1107	sì	65	0.0462	1.6646
1107	sî	65	0.0462	1.6646
1107	ái	65	0.0462	1.6646
1107	áz	65	0.0462	1.6646
1108	oŋ	64	0.0454	1.6571
1108	tú	64	0.0454	1.6571
1108	áa	64	0.0454	1.6571
1108	øp	64	0.0454	1.6571
1109	^í	62	0.044	1.6435
1109	rò	62	0.044	1.6435
1110	ës	61	0.0433	1.6365
1111	'z	59	0.0419	1.6222
1111	tê	59	0.0419	1.6222
1111	íe	59	0.0419	1.6222
1112	cx	58	0.0412	1.6149
1112	dú	58	0.0412	1.6149
1112	iŋ	58	0.0412	1.6149
1112	óp	58	0.0412	1.6149
1112	šn	58	0.0412	1.6149
1113	eî	57	0.0405	1.6075
1113	ïd	57	0.0405	1.6075
1113	ót	57	0.0405	1.6075
1114	nå	56	0.0398	1.5999
1114	ní	56	0.0398	1.5999
1114	rã	56	0.0398	1.5999
1114	wv	56	0.0398	1.5999
1114	ác	56	0.0398	1.5999
1114	ák	56	0.0398	1.5999
1114	åt	56	0.0398	1.5999
1114	ìa	56	0.0398	1.5999
1115	aç	55	0.0391	1.5922
1115	mî	55	0.0391	1.5922
1115	qd	55	0.0391	1.5922
1115	âi	55	0.0391	1.5922
1116	íc	54	0.0383	1.5832
1116	øa	54	0.0383	1.5832
1117	gû	53	0.0376	1.5752
1117	lõ	53	0.0376	1.5752
1118	'é	52	0.0369	1.567
1118	^º	52	0.0369	1.567
1118	gô	52	0.0369	1.567
1118	nò	52	0.0369	1.567
1119	mì	51	0.0362	1.5587
1119	xd	51	0.0362	1.5587
1119	ít	51	0.0362	1.5587
1119	ûr	51	0.0362	1.5587
1120	dâ	50	0.0355	1.5502
1120	ië	50	0.0355	1.5502
1120	yq	50	0.0355	1.5502
1120	èg	50	0.0355	1.5502
1120	ìu	50	0.0355	1.5502
1121	bè	49	0.0348	1.5416
1121	lî	49	0.0348	1.5416
1122	aæ	48	0.0341	1.5328
1122	ká	48	0.0341	1.5328
1122	pq	48	0.0341	1.5328
1122	q'	48	0.0341	1.5328
1122	wx	48	0.0341	1.5328
1122	íl	48	0.0341	1.5328
1122	öc	48	0.0341	1.5328
1123	të	47	0.0334	1.5237
1123	îe	47	0.0334	1.5237
1123	îl	47	0.0334	1.5237
1124	ûn	46	0.0327	1.5145
1124	že	46	0.0327	1.5145
1125	wü	45	0.032	1.5051
1125	âm	45	0.032	1.5051
1125	ær	45	0.032	1.5051
1126	dø	44	0.0312	1.4942
1126	ób	44	0.0312	1.4942
1127	-å	43	0.0305	1.4843
1127	bê	43	0.0305	1.4843
1127	kü	43	0.0305	1.4843
1127	tî	43	0.0305	1.4843
1127	ñi	43	0.0305	1.4843
1128	dì	42	0.0298	1.4742
1128	hó	42	0.0298	1.4742
1128	æk	42	0.0298	1.4742
1128	ô$	42	0.0298	1.4742
1129	bæ	41	0.0291	1.4639
1129	kš	41	0.0291	1.4639
1129	lò	41	0.0291	1.4639
1129	pí	41	0.0291	1.4639
1129	ql	41	0.0291	1.4639
1129	åb	41	0.0291	1.4639
1129	êp	41	0.0291	1.4639
1129	îk	41	0.0291	1.4639
1130	nà	40	0.0284	1.4533
1130	næ	40	0.0284	1.4533
1130	nî	40	0.0284	1.4533
1130	ož	40	0.0284	1.4533
1131	^ú	39	0.0277	1.4425
1131	eð	39	0.0277	1.4425
1131	lú	39	0.0277	1.4425
1131	râ	39	0.0277	1.4425
1131	ây	39	0.0277	1.4425
1131	ên	39	0.0277	1.4425
1131	ói	39	0.0277	1.4425
1131	ój	39	0.0277	1.4425
1131	õy	39	0.0277	1.4425
1132	rš	38	0.027	1.4314
1132	tõ	38	0.027	1.4314
1132	âh	38	0.027	1.4314
1132	øø	38	0.027	1.4314
1133	eí	37	0.0263	1.42
1133	zä	37	0.0263	1.42
1133	êd	37	0.0263	1.42
1134	aŋ	36	0.0256	1.4082
1134	eã	36	0.0256	1.4082
1134	jæ	36	0.0256	1.4082
1134	äw	36	0.0256	1.4082
1134	óa	36	0.0256	1.4082
1134	úc	36	0.0256	1.4082
1135	-š	35	0.0249	1.3962
1135	^þ	35	0.0249	1.3962
1135	õs	35	0.0249	1.3962
1136	-é	34	0.0241	1.382
1136	^τ	34	0.0241	1.382
1136	ºc	34	0.0241	1.382
1136	äz	34	0.0241	1.382
1137	^ð	33	0.0234	1.3692
1137	iž	33	0.0234	1.3692
1137	ný	33	0.0234	1.3692
1137	sû	33	0.0234	1.3692
1137	sü	33	0.0234	1.3692
1137	wö	33	0.0234	1.3692
1137	yš	33	0.0234	1.3692
1137	ím	33	0.0234	1.3692
1137	îm	33	0.0234	1.3692
1137	ù$	33	0.0234	1.3692
1138	få	32	0.0227	1.356
1138	ãe	32	0.0227	1.356
1138	æs	32	0.0227	1.356
1138	éä	32	0.0227	1.356
1138	òn	32	0.0227	1.356
1138	óz	32	0.0227	1.356
1139	gø	31	0.022	1.3424
1139	jâ	31	0.022	1.3424
1139	mê	31	0.022	1.3424
1139	nó	31	0.022	1.3424
1139	qk	31	0.022	1.3424
1139	åå	31	0.022	1.3424
1139	éf	31	0.022	1.3424
1139	ðm	31	0.022	1.3424
1139	õg	31	0.022	1.3424
1139	ýt	31	0.022	1.3424
1140	^î	30	0.0213	1.3284
1140	då	30	0.0213	1.3284
1140	eŋ	30	0.0213	1.3284
1140	æl	30	0.0213	1.3284
1140	ïc	30	0.0213	1.3284
1140	ñy	30	0.0213	1.3284
1140	ûm	30	0.0213	1.3284
1140	ü$	30	0.0213	1.3284
1140	þó	30	0.0213	1.3284
1141	iø	29	0.0206	1.3139
1141	kî	29	0.0206	1.3139
1141	tô	29	0.0206	1.3139
1141	vî	29	0.0206	1.3139
1141	ãp	29	0.0206	1.3139
1141	ða	29	0.0206	1.3139
1141	úa	29	0.0206	1.3139
1142	iæ	28	0.0199	1.2989
1142	vz	28	0.0199	1.2989
1142	zê	28	0.0199	1.2989
1142	åd	28	0.0199	1.2989
1142	ðn	28	0.0199	1.2989
1142	ók	28	0.0199	1.2989
1142	øg	28	0.0199	1.2989
1142	ýn	28	0.0199	1.2989
1142	žo	28	0.0199	1.2989
1142	žu	28	0.0199	1.2989
1143	jõ	27	0.0192	1.2833
1143	pè	27	0.0192	1.2833
1143	åv	27	0.0192	1.2833
1143	ïn	27	0.0192	1.2833
1144	kí	26	0.0185	1.2672
1144	oí	26	0.0185	1.2672
1144	rà	26	0.0185	1.2672
1144	âc	26	0.0185	1.2672
1144	âk	26	0.0185	1.2672
1144	êc	26	0.0185	1.2672
1144	ët	26	0.0185	1.2672
1144	îî	26	0.0185	1.2672
1144	ýl	26	0.0185	1.2672
1145	að	25	0.0178	1.2504
1145	fã	25	0.0178	1.2504
1145	kq	25	0.0178	1.2504
1145	kó	25	0.0178	1.2504
1145	lì	25	0.0178	1.2504
1145	rî	25	0.0178	1.2504
1145	tq	25	0.0178	1.2504
1145	âr	25	0.0178	1.2504
1145	èp	25	0.0178	1.2504
1145	êk	25	0.0178	1.2504
1145	ív	25	0.0178	1.2504
1145	ñu	25	0.0178	1.2504
1145	õt	25	0.0178	1.2504
1146	^ž	24	0.017	1.2304
1146	eæ	24	0.017	1.2304
1146	iú	24	0.017	1.2304
1146	nê	24	0.017	1.2304
1146	äx	24	0.017	1.2304
1146	ìe	24	0.017	1.2304
1146	õi	24	0.017	1.2304
1146	øb	24	0.017	1.2304
1146	úm	24	0.017	1.2304
1146	ýi	24	0.017	1.2304
1147	cè	23	0.0163	1.2122
1147	fq	23	0.0163	1.2122
1147	fø	23	0.0163	1.2122
1147	gá	23	0.0163	1.2122
1148	^у	22	0.0156	1.1931
1148	gã	22	0.0156	1.1931
1148	ið	22	0.0156	1.1931
1148	qc	22	0.0156	1.1931
1148	yæ	22	0.0156	1.1931
1148	º$	22	0.0156	1.1931
1148	áx	22	0.0156	1.1931
1148	åä	22	0.0156	1.1931
1148	é'	22	0.0156	1.1931
1148	õn	22	0.0156	1.1931
1148	ût	22	0.0156	1.1931
1148	œ$	22	0.0156	1.1931
1149	bâ	21	0.0149	1.1732
1149	yü	21	0.0149	1.1732
1149	æm	21	0.0149	1.1732
1149	çi	21	0.0149	1.1732
1149	ük	21	0.0149	1.1732
1149	šh	21	0.0149	1.1732
1150	^æ	20	0.0142	1.1523
1150	bó	20	0.0142	1.1523
1150	lê	20	0.0142	1.1523
1150	uŋ	20	0.0142	1.1523
1150	ág	20	0.0142	1.1523
1150	äý	20	0.0142	1.1523
1150	åy	20	0.0142	1.1523
1150	îr	20	0.0142	1.1523
1150	óc	20	0.0142	1.1523
1150	üv	20	0.0142	1.1523
1151	hú	19	0.0135	1.1303
1151	jx	19	0.0135	1.1303
1151	où	19	0.0135	1.1303
1151	yá	19	0.0135	1.1303
1151	zú	19	0.0135	1.1303
1151	âv	19	0.0135	1.1303
1151	êm	19	0.0135	1.1303
1151	êv	19	0.0135	1.1303
1151	уo	19	0.0135	1.1303
1152	jê	18	0.0128	1.1072
1152	læ	18	0.0128	1.1072
1152	mô	18	0.0128	1.1072
1152	qz	18	0.0128	1.1072
1152	xq	18	0.0128	1.1072
1152	èc	18	0.0128	1.1072
1152	íñ	18	0.0128	1.1072
1152	îv	18	0.0128	1.1072
1152	ú-	18	0.0128	1.1072
1152	úp	18	0.0128	1.1072
1152	úr	18	0.0128	1.1072
1153	-à	17	0.0121	1.0828
1153	gâ	17	0.0121	1.0828
1153	hí	17	0.0121	1.0828
1153	pê	17	0.0121	1.0828
1153	wó	17	0.0121	1.0828
1153	á-	17	0.0121	1.0828
1153	åm	17	0.0121	1.0828
1153	æg	17	0.0121	1.0828
1153	ôl	17	0.0121	1.0828
1153	øu	17	0.0121	1.0828
1153	üi	17	0.0121	1.0828
1154	''	16	0.0114	1.0569
1154	gæ	16	0.0114	1.0569
1154	jô	16	0.0114	1.0569
1154	oû	16	0.0114	1.0569
1154	pî	16	0.0114	1.0569
1154	qp	16	0.0114	1.0569
1154	sš	16	0.0114	1.0569
1154	zà	16	0.0114	1.0569
1154	ài	16	0.0114	1.0569
1154	áj	16	0.0114	1.0569
1154	èz	16	0.0114	1.0569
1154	ês	16	0.0114	1.0569
1154	ðk	16	0.0114	1.0569
1154	š-	16	0.0114	1.0569
1154	у$	16	0.0114	1.0569
1155	cã	15	0.0107	1.0294
1155	dê	15	0.0107	1.0294
1155	dô	15	0.0107	1.0294
1155	hõ	15	0.0107	1.0294
1155	ià	15	0.0107	1.0294
1155	už	15	0.0107	1.0294
1155	vè	15	0.0107	1.0294
1155	yè	15	0.0107	1.0294
1155	ãd	15	0.0107	1.0294
1155	äå	15	0.0107	1.0294
1155	èa	15	0.0107	1.0294
1155	ðe	15	0.0107	1.0294
1155	úk	15	0.0107	1.0294
1155	üa	15	0.0107	1.0294
1155	üm	15	0.0107	1.0294
1155	ć$	15	0.0107	1.0294
1156	^œ	14	0.0099	0.9956
1156	bà	14	0.0099	0.9956
1156	eá	14	0.0099	0.9956
1156	gê	14	0.0099	0.9956
1156	iå	14	0.0099	0.9956
1156	oć	14	0.0099	0.9956
1156	põ	14	0.0099	0.9956
1156	qj	14	0.0099	0.9956
1156	tý	14	0.0099	0.9956
1156	yô	14	0.0099	0.9956
1156	ße	14	0.0099	0.9956
1156	èt	14	0.0099	0.9956
1156	êx	14	0.0099	0.9956
1156	ðs	14	0.0099	0.9956
1156	ôr	14	0.0099	0.9956
1156	õh	14	0.0099	0.9956
1156	õr	14	0.0099	0.9956
1156	šv	14	0.0099	0.9956
1156	ŧ$	14	0.0099	0.9956
1157	aœ	13	0.0092	0.9638
1157	eå	13	0.0092	0.9638
1157	fê	13	0.0092	0.9638
1157	gú	13	0.0092	0.9638
1157	iâ	13	0.0092	0.9638
1157	jq	13	0.0092	0.9638
1157	nõ	13	0.0092	0.9638
1157	nš	13	0.0092	0.9638
1157	pà	13	0.0092	0.9638
1157	xé	13	0.0092	0.9638
1157	äï	13	0.0092	0.9638
1157	æv	13	0.0092	0.9638
1157	çã	13	0.0092	0.9638
1157	ìn	13	0.0092	0.9638
1157	îa	13	0.0092	0.9638
1157	ñ$	13	0.0092	0.9638
1157	óh	13	0.0092	0.9638
1157	út	13	0.0092	0.9638
1157	üy	13	0.0092	0.9638
1158	až	12	0.0085	0.9294
1158	eœ	12	0.0085	0.9294
1158	hà	12	0.0085	0.9294
1158	jå	12	0.0085	0.9294
1158	kê	12	0.0085	0.9294
1158	kô	12	0.0085	0.9294
1158	uã	12	0.0085	0.9294
1158	àm	12	0.0085	0.9294
1158	âd	12	0.0085	0.9294
1158	çz	12	0.0085	0.9294
1158	èe	12	0.0085	0.9294
1158	íí	12	0.0085	0.9294
1158	òl	12	0.0085	0.9294
1158	óg	12	0.0085	0.9294
1158	õk	12	0.0085	0.9294
1158	üp	12	0.0085	0.9294
1158	če	12	0.0085	0.9294
1158	τä	12	0.0085	0.9294
1159	aß	11	0.0078	0.8921
1159	fà	11	0.0078	0.8921
1159	gí	11	0.0078	0.8921
1159	hš	11	0.0078	0.8921
1159	iù	11	0.0078	0.8921
1159	lû	11	0.0078	0.8921
1159	mò	11	0.0078	0.8921
1159	rì	11	0.0078	0.8921
1159	zì	11	0.0078	0.8921
1159	zí	11	0.0078	0.8921
1159	éy	11	0.0078	0.8921
1159	ìl	11	0.0078	0.8921
1159	ñc	11	0.0078	0.8921
1159	ód	11	0.0078	0.8921
1159	óñ	11	0.0078	0.8921
1159	ö'	11	0.0078	0.8921
1159	ł$	11	0.0078	0.8921
1159	œu	11	0.0078	0.8921
1160	'è	10	0.0071	0.8513
1160	dî	10	0.0071	0.8513
1160	eł	10	0.0071	0.8513
1160	fô	10	0.0071	0.8513
1160	hê	10	0.0071	0.8513
1160	hî	10	0.0071	0.8513
1160	pú	10	0.0071	0.8513
1160	ræ	10	0.0071	0.8513
1160	rž	10	0.0071	0.8513
1160	sõ	10	0.0071	0.8513
1160	uî	10	0.0071	0.8513
1160	và	10	0.0071	0.8513
1160	zö	10	0.0071	0.8513
1160	áñ	10	0.0071	0.8513
1160	ãä	10	0.0071	0.8513
1160	íq	10	0.0071	0.8513
1160	ôs	10	0.0071	0.8513
1160	õl	10	0.0071	0.8513
1160	û$	10	0.0071	0.8513
1160	ła	10	0.0071	0.8513
1160	ŋŋ	10	0.0071	0.8513
1161	'ê	9	0.0064	0.8062
1161	^ï	9	0.0064	0.8062
1161	^č	9	0.0064	0.8062
1161	^а	9	0.0064	0.8062
1161	bò	9	0.0064	0.8062
1161	bú	9	0.0064	0.8062
1161	eâ	9	0.0064	0.8062
1161	eò	9	0.0064	0.8062
1161	ií	9	0.0064	0.8062
1161	në	9	0.0064	0.8062
1161	nì	9	0.0064	0.8062
1161	oœ	9	0.0064	0.8062
1161	sæ	9	0.0064	0.8062
1161	sê	9	0.0064	0.8062
1161	uê	9	0.0064	0.8062
1161	væ	9	0.0064	0.8062
1161	yâ	9	0.0064	0.8062
1161	áe	9	0.0064	0.8062
1161	äî	9	0.0064	0.8062
1161	êl	9	0.0064	0.8062
1161	ïl	9	0.0064	0.8062
1161	ð$	9	0.0064	0.8062
1161	òo	9	0.0064	0.8062
1161	œæ	9	0.0064	0.8062
1162	'ö	8	0.0057	0.7559
1162	iû	8	0.0057	0.7559
1162	iœ	8	0.0057	0.7559
1162	jú	8	0.0057	0.7559
1162	mú	8	0.0057	0.7559
1162	mš	8	0.0057	0.7559
1162	qg	8	0.0057	0.7559
1162	sà	8	0.0057	0.7559
1162	àb	8	0.0057	0.7559
1162	àl	8	0.0057	0.7559
1162	ào	8	0.0057	0.7559
1162	æt	8	0.0057	0.7559
1162	íi	8	0.0057	0.7559
1162	îd	8	0.0057	0.7559
1162	îä	8	0.0057	0.7559
1162	ï-	8	0.0057	0.7559
1162	ïr	8	0.0057	0.7559
1162	ðr	8	0.0057	0.7559
1162	òr	8	0.0057	0.7559
1162	òs	8	0.0057	0.7559
1162	óo	8	0.0057	0.7559
1162	óv	8	0.0057	0.7559
1162	õd	8	0.0057	0.7559
1162	õv	8	0.0057	0.7559
1162	úv	8	0.0057	0.7559
1162	œl	8	0.0057	0.7559
1162	œw	8	0.0057	0.7559
1162	τu	8	0.0057	0.7559
1163	^ñ	7	0.005	0.699
1163	^с	7	0.005	0.699
1163	eï	7	0.005	0.699
1163	eø	7	0.005	0.699
1163	fæ	7	0.005	0.699
1163	fó	7	0.005	0.699
1163	pü	7	0.005	0.699
1163	qx	7	0.005	0.699
1163	sý	7	0.005	0.699
1163	uç	7	0.005	0.699
1163	uè	7	0.005	0.699
1163	zè	7	0.005	0.699
1163	àr	7	0.005	0.699
1163	áu	7	0.005	0.699
1163	áá	7	0.005	0.699
1163	äq	7	0.005	0.699
1163	èk	7	0.005	0.699
1163	èq	7	0.005	0.699
1163	êz	7	0.005	0.699
1163	ëa	7	0.005	0.699
1163	íz	7	0.005	0.699
1163	îh	7	0.005	0.699
1163	ïa	7	0.005	0.699
1163	ôh	7	0.005	0.699
1163	õm	7	0.005	0.699
1163	öq	7	0.005	0.699
1163	öš	7	0.005	0.699
1163	úd	7	0.005	0.699
1163	ûc	7	0.005	0.699
1163	üß	7	0.005	0.699
1163	ÿ$	7	0.005	0.699
1163	žd	7	0.005	0.699
1163	аn	7	0.005	0.699
1163	уe	7	0.005	0.699
1164	^ò	6	0.0043	0.6335
1164	bî	6	0.0043	0.6335
1164	cº	6	0.0043	0.6335
1164	cà	6	0.0043	0.6335
1164	cü	6	0.0043	0.6335
1164	dç	6	0.0043	0.6335
1164	dÿ	6	0.0043	0.6335
1164	eü	6	0.0043	0.6335
1164	iï	6	0.0043	0.6335
1164	jî	6	0.0043	0.6335
1164	lž	6	0.0043	0.6335
1164	mæ	6	0.0043	0.6335
1164	oæ	6	0.0043	0.6335
1164	pł	6	0.0043	0.6335
1164	qf	6	0.0043	0.6335
1164	qm	6	0.0043	0.6335
1164	rÿ	6	0.0043	0.6335
1164	uà	6	0.0043	0.6335
1164	vž	6	0.0043	0.6335
1164	yî	6	0.0043	0.6335
1164	yû	6	0.0043	0.6335
1164	ßk	6	0.0043	0.6335
1164	áo	6	0.0043	0.6335
1164	ãa	6	0.0043	0.6335
1164	äš	6	0.0043	0.6335
1164	åp	6	0.0043	0.6335
1164	çe	6	0.0043	0.6335
1164	çu	6	0.0043	0.6335
1164	éq	6	0.0043	0.6335
1164	êa	6	0.0043	0.6335
1164	ìo	6	0.0043	0.6335
1164	ìs	6	0.0043	0.6335
1164	íj	6	0.0043	0.6335
1164	íp	6	0.0043	0.6335
1164	îb	6	0.0043	0.6335
1164	îc	6	0.0043	0.6335
1164	ït	6	0.0043	0.6335
1164	úñ	6	0.0043	0.6335
1164	ýk	6	0.0043	0.6335
1164	ÿc	6	0.0043	0.6335
1164	ŋo	6	0.0043	0.6335
1164	œn	6	0.0043	0.6335
1164	žv	6	0.0043	0.6335
1164	τa	6	0.0043	0.6335
1164	τo	6	0.0043	0.6335
1165	'с	5	0.0036	0.5563
1165	ał	5	0.0036	0.5563
1165	aу	5	0.0036	0.5563
1165	bу	5	0.0036	0.5563
1165	cê	5	0.0036	0.5563
1165	cò	5	0.0036	0.5563
1165	cœ	5	0.0036	0.5563
1165	eç	5	0.0036	0.5563
1165	fú	5	0.0036	0.5563
1165	hæ	5	0.0036	0.5563
1165	iß	5	0.0036	0.5563
1165	iç	5	0.0036	0.5563
1165	mý	5	0.0036	0.5563
1165	nû	5	0.0036	0.5563
1165	oü	5	0.0036	0.5563
1165	rõ	5	0.0036	0.5563
1165	uâ	5	0.0036	0.5563
1165	uæ	5	0.0036	0.5563
1165	vê	5	0.0036	0.5563
1165	vó	5	0.0036	0.5563
1165	yí	5	0.0036	0.5563
1165	zå	5	0.0036	0.5563
1165	às	5	0.0036	0.5563
1165	áh	5	0.0036	0.5563
1165	âe	5	0.0036	0.5563
1165	ã-	5	0.0036	0.5563
1165	äí	5	0.0036	0.5563
1165	æf	5	0.0036	0.5563
1165	æn	5	0.0036	0.5563
1165	èb	5	0.0036	0.5563
1165	èd	5	0.0036	0.5563
1165	éâ	5	0.0036	0.5563
1165	ìt	5	0.0036	0.5563
1165	í-	5	0.0036	0.5563
1165	íb	5	0.0036	0.5563
1165	ïm	5	0.0036	0.5563
1165	ñk	5	0.0036	0.5563
1165	ñó	5	0.0036	0.5563
1165	ôj	5	0.0036	0.5563
1165	õp	5	0.0036	0.5563
1165	úb	5	0.0036	0.5563
1165	úz	5	0.0036	0.5563
1165	ûi	5	0.0036	0.5563
1165	üf	5	0.0036	0.5563
1165	ým	5	0.0036	0.5563
1165	œc	5	0.0036	0.5563
1165	сa	5	0.0036	0.5563
1165	сl	5	0.0036	0.5563
1166	^ê	4	0.0028	0.4472
1166	^û	4	0.0028	0.4472
1166	aå	4	0.0028	0.4472
1166	aô	4	0.0028	0.4472
1166	aü	4	0.0028	0.4472
1166	cî	4	0.0028	0.4472
1166	cù	4	0.0028	0.4472
1166	eр	4	0.0028	0.4472
1166	fñ	4	0.0028	0.4472
1166	mà	4	0.0028	0.4472
1166	mõ	4	0.0028	0.4472
1166	mу	4	0.0028	0.4472
1166	oì	4	0.0028	0.4472
1166	qä	4	0.0028	0.4472
1166	rï	4	0.0028	0.4472
1166	së	4	0.0028	0.4472
1166	sù	4	0.0028	0.4472
1166	uó	4	0.0028	0.4472
1166	uü	4	0.0028	0.4472
1166	vô	4	0.0028	0.4472
1166	wæ	4	0.0028	0.4472
1166	wø	4	0.0028	0.4472
1166	yú	4	0.0028	0.4472
1166	yœ	4	0.0028	0.4472
1166	àv	4	0.0028	0.4472
1166	â'	4	0.0028	0.4472
1166	ãj	4	0.0028	0.4472
1166	äü	4	0.0028	0.4472
1166	æd	4	0.0028	0.4472
1166	ç$	4	0.0028	0.4472
1166	èi	4	0.0028	0.4472
1166	èâ	4	0.0028	0.4472
1166	êj	4	0.0028	0.4472
1166	ë-	4	0.0028	0.4472
1166	ëm	4	0.0028	0.4472
1166	ëv	4	0.0028	0.4472
1166	íh	4	0.0028	0.4472
1166	íð	4	0.0028	0.4472
1166	îo	4	0.0028	0.4472
1166	ïe	4	0.0028	0.4472
1166	ïg	4	0.0028	0.4472
1166	ïi	4	0.0028	0.4472
1166	ðb	4	0.0028	0.4472
1166	ñl	4	0.0028	0.4472
1166	øw	4	0.0028	0.4472
1166	ùn	4	0.0028	0.4472
1166	ú'	4	0.0028	0.4472
1166	ûk	4	0.0028	0.4472
1166	üj	4	0.0028	0.4472
1166	üz	4	0.0028	0.4472
1166	üä	4	0.0028	0.4472
1166	ýs	4	0.0028	0.4472
1166	ÿø	4	0.0028	0.4472
1166	ŋe	4	0.0028	0.4472
1166	œm	4	0.0028	0.4472
1166	žk	4	0.0028	0.4472
1166	žy	4	0.0028	0.4472
1166	р$	4	0.0028	0.4472
1167	'x	3	0.0021	0.3222
1167	-è	3	0.0021	0.3222
1167	^ô	3	0.0021	0.3222
1167	^ł	3	0.0021	0.3222
1167	^ŧ	3	0.0021	0.3222
1167	^р	3	0.0021	0.3222
1167	aº	3	0.0021	0.3222
1167	aì	3	0.0021	0.3222
1167	aŧ	3	0.0021	0.3222
1167	bû	3	0.0021	0.3222
1167	cæ	3	0.0021	0.3222
1167	dõ	3	0.0021	0.3222
1167	dō	3	0.0021	0.3222
1167	dź	3	0.0021	0.3222
1167	eу	3	0.0021	0.3222
1167	fî	3	0.0021	0.3222
1167	gî	3	0.0021	0.3222
1167	hç	3	0.0021	0.3222
1167	hò	3	0.0021	0.3222
1167	hý	3	0.0021	0.3222
1167	iü	3	0.0021	0.3222
1167	kæ	3	0.0021	0.3222
1167	lë	3	0.0021	0.3222
1167	mï	3	0.0021	0.3222
1167	nï	3	0.0021	0.3222
1167	nð	3	0.0021	0.3222
1167	nŧ	3	0.0021	0.3222
1167	pý	3	0.0021	0.3222
1167	qü	3	0.0021	0.3222
1167	rý	3	0.0021	0.3222
1167	sœ	3	0.0021	0.3222
1167	tð	3	0.0021	0.3222
1167	uë	3	0.0021	0.3222
1167	uì	3	0.0021	0.3222
1167	uś	3	0.0021	0.3222
1167	vq	3	0.0021	0.3222
1167	vï	3	0.0021	0.3222
1167	yò	3	0.0021	0.3222
1167	yó	3	0.0021	0.3222
1167	ºa	3	0.0021	0.3222
1167	ß$	3	0.0021	0.3222
1167	ßi	3	0.0021	0.3222
1167	àa	3	0.0021	0.3222
1167	àt	3	0.0021	0.3222
1167	á'	3	0.0021	0.3222
1167	áy	3	0.0021	0.3222
1167	âj	3	0.0021	0.3222
1167	å-	3	0.0021	0.3222
1167	åa	3	0.0021	0.3222
1167	åj	3	0.0021	0.3222
1167	åo	3	0.0021	0.3222
1167	è-	3	0.0021	0.3222
1167	êœ	3	0.0021	0.3222
1167	ëi	3	0.0021	0.3222
1167	ìj	3	0.0021	0.3222
1167	íf	3	0.0021	0.3222
1167	îf	3	0.0021	0.3222
1167	ïï	3	0.0021	0.3222
1167	ðj	3	0.0021	0.3222
1167	ðt	3	0.0021	0.3222
1167	ñs	3	0.0021	0.3222
1167	ó-	3	0.0021	0.3222
1167	óx	3	0.0021	0.3222
1167	óy	3	0.0021	0.3222
1167	ôi	3	0.0021	0.3222
1167	ôp	3	0.0021	0.3222
1167	ôq	3	0.0021	0.3222
1167	øf	3	0.0021	0.3222
1167	ùm	3	0.0021	0.3222
1167	ûb	3	0.0021	0.3222
1167	ı$	3	0.0021	0.3222
1167	łó	3	0.0021	0.3222
1167	ńo	3	0.0021	0.3222
1167	ōj	3	0.0021	0.3222
1167	şi	3	0.0021	0.3222
1167	źi	3	0.0021	0.3222
1167	ž$	3	0.0021	0.3222
1167	žj	3	0.0021	0.3222
1167	žm	3	0.0021	0.3222
1168	'á	2	0.0014	0.1461
1168	'â	2	0.0014	0.1461
1168	-ë	2	0.0014	0.1461
1168	-ü	2	0.0014	0.1461
1168	^µ	2	0.0014	0.1461
1168	^ý	2	0.0014	0.1461
1168	^đ	2	0.0014	0.1461
1168	^β	2	0.0014	0.1461
1168	^֣	2	0.0014	0.1461
1168	aã	2	0.0014	0.1461
1168	aê	2	0.0014	0.1461
1168	aс	2	0.0014	0.1461
1168	bý	2	0.0014	0.1461
1168	cß	2	0.0014	0.1461
1168	cì	2	0.0014	0.1461
1168	cö	2	0.0014	0.1461
1168	dò	2	0.0014	0.1461
1168	dš	2	0.0014	0.1461
1168	dу	2	0.0014	0.1461
1168	eý	2	0.0014	0.1461
1168	eÿ	2	0.0014	0.1461
1168	eń	2	0.0014	0.1461
1168	fµ	2	0.0014	0.1461
1168	fï	2	0.0014	0.1461
1168	gì	2	0.0014	0.1461
1168	gï	2	0.0014	0.1461
1168	gù	2	0.0014	0.1461
1168	hë	2	0.0014	0.1461
1168	hū	2	0.0014	0.1461
1168	iò	2	0.0014	0.1461
1168	jí	2	0.0014	0.1461
1168	jō	2	0.0014	0.1461
1168	kï	2	0.0014	0.1461
1168	lι	2	0.0014	0.1461
1168	nô	2	0.0014	0.1461
1168	nă	2	0.0014	0.1461
1168	nẵ	2	0.0014	0.1461
1168	oß	2	0.0014	0.1461
1168	oç	2	0.0014	0.1461
1168	oè	2	0.0014	0.1461
1168	pì	2	0.0014	0.1461
1168	pô	2	0.0014	0.1461
1168	qí	2	0.0014	0.1461
1168	qó	2	0.0014	0.1461
1168	sï	2	0.0014	0.1461
1168	tæ	2	0.0014	0.1461
1168	tï	2	0.0014	0.1461
1168	uß	2	0.0014	0.1461
1168	uş	2	0.0014	0.1461
1168	wê	2	0.0014	0.1461
1168	wî	2	0.0014	0.1461
1168	xó	2	0.0014	0.1461
1168	yå	2	0.0014	0.1461
1168	yð	2	0.0014	0.1461
1168	zò	2	0.0014	0.1461
1168	zù	2	0.0014	0.1461
1168	µç	2	0.0014	0.1461
1168	µø	2	0.0014	0.1461
1168	µú	2	0.0014	0.1461
1168	º'	2	0.0014	0.1461
1168	ºm	2	0.0014	0.1461
1168	ß-	2	0.0014	0.1461
1168	ßç	2	0.0014	0.1461
1168	àg	2	0.0014	0.1461
1168	áč	2	0.0014	0.1461
1168	âp	2	0.0014	0.1461
1168	âè	2	0.0014	0.1461
1168	âï	2	0.0014	0.1461
1168	âô	2	0.0014	0.1461
1168	ãb	2	0.0014	0.1461
1168	äø	2	0.0014	0.1461
1168	äı	2	0.0014	0.1461
1168	äŧ	2	0.0014	0.1461
1168	åá	2	0.0014	0.1461
1168	æb	2	0.0014	0.1461
1168	æc	2	0.0014	0.1461
1168	æº	2	0.0014	0.1461
1168	çr	2	0.0014	0.1461
1168	çâ	2	0.0014	0.1461
1168	çè	2	0.0014	0.1461
1168	èf	2	0.0014	0.1461
1168	èj	2	0.0014	0.1461
1168	éÿ	2	0.0014	0.1461
1168	êg	2	0.0014	0.1461
1168	êq	2	0.0014	0.1461
1168	êr	2	0.0014	0.1461
1168	êê	2	0.0014	0.1461
1168	êÿ	2	0.0014	0.1461
1168	ìy	2	0.0014	0.1461
1168	ìä	2	0.0014	0.1461
1168	ìé	2	0.0014	0.1461
1168	íu	2	0.0014	0.1461
1168	îz	2	0.0014	0.1461
1168	ïb	2	0.0014	0.1461
1168	ïk	2	0.0014	0.1461
1168	ïo	2	0.0014	0.1461
1168	ïâ	2	0.0014	0.1461
1168	ïÿ	2	0.0014	0.1461
1168	ðl	2	0.0014	0.1461
1168	ðà	2	0.0014	0.1461
1168	ðé	2	0.0014	0.1461
1168	ðþ	2	0.0014	0.1461
1168	ñn	2	0.0014	0.1461
1168	ò-	2	0.0014	0.1461
1168	òa	2	0.0014	0.1461
1168	òk	2	0.0014	0.1461
1168	òt	2	0.0014	0.1461
1168	óe	2	0.0014	0.1461
1168	óu	2	0.0014	0.1461
1168	óî	2	0.0014	0.1461
1168	óó	2	0.0014	0.1461
1168	óÿ	2	0.0014	0.1461
1168	ôg	2	0.0014	0.1461
1168	ôk	2	0.0014	0.1461
1168	ôø	2	0.0014	0.1461
1168	öæ	2	0.0014	0.1461
1168	ø-	2	0.0014	0.1461
1168	øx	2	0.0014	0.1461
1168	øù	2	0.0014	0.1461
1168	ùh	2	0.0014	0.1461
1168	ùµ	2	0.0014	0.1461
1168	úo	2	0.0014	0.1461
1168	ûd	2	0.0014	0.1461
1168	ü-	2	0.0014	0.1461
1168	üo	2	0.0014	0.1461
1168	üu	2	0.0014	0.1461
1168	üü	2	0.0014	0.1461
1168	üş	2	0.0014	0.1461
1168	ý-	2	0.0014	0.1461
1168	ýa	2	0.0014	0.1461
1168	ýh	2	0.0014	0.1461
1168	þo	2	0.0014	0.1461
1168	þu	2	0.0014	0.1461
1168	þæ	2	0.0014	0.1461
1168	ÿn	2	0.0014	0.1461
1168	ÿê	2	0.0014	0.1461
1168	ăm	2	0.0014	0.1461
1168	đà	2	0.0014	0.1461
1168	łi	2	0.0014	0.1461
1168	ōm	2	0.0014	0.1461
1168	ś$	2	0.0014	0.1461
1168	śi	2	0.0014	0.1461
1168	şl	2	0.0014	0.1461
1168	šl	2	0.0014	0.1461
1168	šp	2	0.0014	0.1461
1168	šy	2	0.0014	0.1461
1168	šä	2	0.0014	0.1461
1168	šï	2	0.0014	0.1461
1168	βl	2	0.0014	0.1461
1168	ιä	2	0.0014	0.1461
1168	τe	2	0.0014	0.1461
1168	аl	2	0.0014	0.1461
1168	рl	2	0.0014	0.1461
1168	сk	2	0.0014	0.1461
1168	сo	2	0.0014	0.1461
1168	֣s	2	0.0014	0.1461
1168	ẵn	2	0.0014	0.1461
1169	'í	1	0.0007	-0.1549
1169	'î	1	0.0007	-0.1549
1169	'ž	1	0.0007	-0.1549
1169	-á	1	0.0007	-0.1549
1169	-ã	1	0.0007	-0.1549
1169	-ê	1	0.0007	-0.1549
1169	-ø	1	0.0007	-0.1549
1169	^ë	1	0.0007	-0.1549
1169	^õ	1	0.0007	-0.1549
1169	^ÿ	1	0.0007	-0.1549
1169	^ń	1	0.0007	-0.1549
1169	^ş	1	0.0007	-0.1549
1169	^ż	1	0.0007	-0.1549
1169	^ȧ	1	0.0007	-0.1549
1169	^ȯ	1	0.0007	-0.1549
1169	^͜	1	0.0007	-0.1549
1169	^в	1	0.0007	-0.1549
1169	^н	1	0.0007	-0.1549
1169	^о	1	0.0007	-0.1549
1169	aò	1	0.0007	-0.1549
1169	aó	1	0.0007	-0.1549
1169	aø	1	0.0007	-0.1549
1169	ağ	1	0.0007	-0.1549
1169	ań	1	0.0007	-0.1549
1169	aś	1	0.0007	-0.1549
1169	aż	1	0.0007	-0.1549
1169	aх	1	0.0007	-0.1549
1169	bã	1	0.0007	-0.1549
1169	bì	1	0.0007	-0.1549
1169	bï	1	0.0007	-0.1549
1169	bč	1	0.0007	-0.1549
1169	bł	1	0.0007	-0.1549
1169	bō	1	0.0007	-0.1549
1169	bř	1	0.0007	-0.1549
1169	cå	1	0.0007	-0.1549
1169	dà	1	0.0007	-0.1549
1169	dë	1	0.0007	-0.1549
1169	dï	1	0.0007	-0.1549
1169	dþ	1	0.0007	-0.1549
1169	dč	1	0.0007	-0.1549
1169	dő	1	0.0007	-0.1549
1169	eß	1	0.0007	-0.1549
1169	eà	1	0.0007	-0.1549
1169	eè	1	0.0007	-0.1549
1169	eì	1	0.0007	-0.1549
1169	eś	1	0.0007	-0.1549
1169	eŧ	1	0.0007	-0.1549
1169	fò	1	0.0007	-0.1549
1169	fý	1	0.0007	-0.1549
1169	fũ	1	0.0007	-0.1549
1169	gò	1	0.0007	-0.1549
1169	hñ	1	0.0007	-0.1549
1169	hû	1	0.0007	-0.1549
1169	hả	1	0.0007	-0.1549
1169	iì	1	0.0007	-0.1549
1169	iô	1	0.0007	-0.1549
1169	iõ	1	0.0007	-0.1549
1169	ią	1	0.0007	-0.1549
1169	ič	1	0.0007	-0.1549
1169	iı	1	0.0007	-0.1549
1169	iō	1	0.0007	-0.1549
1169	iř	1	0.0007	-0.1549
1169	iş	1	0.0007	-0.1549
1169	iŧ	1	0.0007	-0.1549
1169	jœ	1	0.0007	-0.1549
1169	kë	1	0.0007	-0.1549
1169	kì	1	0.0007	-0.1549
1169	kú	1	0.0007	-0.1549
1169	kĺ	1	0.0007	-0.1549
1169	kł	1	0.0007	-0.1549
1169	lç	1	0.0007	-0.1549
1169	lù	1	0.0007	-0.1549
1169	lý	1	0.0007	-0.1549
1169	lı	1	0.0007	-0.1549
1169	lş	1	0.0007	-0.1549
1169	lż	1	0.0007	-0.1549
1169	lу	1	0.0007	-0.1549
1169	mı	1	0.0007	-0.1549
1169	nž	1	0.0007	-0.1549
1169	oà	1	0.0007	-0.1549
1169	oê	1	0.0007	-0.1549
1169	oó	1	0.0007	-0.1549
1169	oõ	1	0.0007	-0.1549
1169	oğ	1	0.0007	-0.1549
1169	oł	1	0.0007	-0.1549
1169	pæ	1	0.0007	-0.1549
1169	pù	1	0.0007	-0.1549
1169	pš	1	0.0007	-0.1549
1169	rë	1	0.0007	-0.1549
1169	rā	1	0.0007	-0.1549
1169	rī	1	0.0007	-0.1549
1169	sò	1	0.0007	-0.1549
1169	sł	1	0.0007	-0.1549
1169	sτ	1	0.0007	-0.1549
1169	tì	1	0.0007	-0.1549
1169	tù	1	0.0007	-0.1549
1169	tû	1	0.0007	-0.1549
1169	tı	1	0.0007	-0.1549
1169	tž	1	0.0007	-0.1549
1169	uï	1	0.0007	-0.1549
1169	uò	1	0.0007	-0.1549
1169	uú	1	0.0007	-0.1549
1169	uý	1	0.0007	-0.1549
1169	uÿ	1	0.0007	-0.1549
1169	uр	1	0.0007	-0.1549
1169	võ	1	0.0007	-0.1549
1169	vú	1	0.0007	-0.1549
1169	vü	1	0.0007	-0.1549
1169	wå	1	0.0007	-0.1549
1169	wé	1	0.0007	-0.1549
1169	wœ	1	0.0007	-0.1549
1169	xã	1	0.0007	-0.1549
1169	xõ	1	0.0007	-0.1549
1169	yç	1	0.0007	-0.1549
1169	yê	1	0.0007	-0.1549
1169	yñ	1	0.0007	-0.1549
1169	yı	1	0.0007	-0.1549
1169	yŧ	1	0.0007	-0.1549
1169	yū	1	0.0007	-0.1549
1169	yž	1	0.0007	-0.1549
1169	zô	1	0.0007	-0.1549
1169	zû	1	0.0007	-0.1549
1169	ªw	1	0.0007	-0.1549
1169	µa	1	0.0007	-0.1549
1169	ºf	1	0.0007	-0.1549
1169	àf	1	0.0007	-0.1549
1169	àk	1	0.0007	-0.1549
1169	áð	1	0.0007	-0.1549
1169	âb	1	0.0007	-0.1549
1169	âo	1	0.0007	-0.1549
1169	ãg	1	0.0007	-0.1549
1169	ãz	1	0.0007	-0.1549
1169	ãâ	1	0.0007	-0.1549
1169	ãö	1	0.0007	-0.1549
1169	ãœ	1	0.0007	-0.1549
1169	äº	1	0.0007	-0.1549
1169	äõ	1	0.0007	-0.1549
1169	äž	1	0.0007	-0.1549
1169	äτ	1	0.0007	-0.1549
1169	åu	1	0.0007	-0.1549
1169	æe	1	0.0007	-0.1549
1169	æh	1	0.0007	-0.1549
1169	æw	1	0.0007	-0.1549
1169	çh	1	0.0007	-0.1549
1169	çs	1	0.0007	-0.1549
1169	èx	1	0.0007	-0.1549
1169	èý	1	0.0007	-0.1549
1169	éw	1	0.0007	-0.1549
1169	éü	1	0.0007	-0.1549
1169	êb	1	0.0007	-0.1549
1169	êf	1	0.0007	-0.1549
1169	êu	1	0.0007	-0.1549
1169	êy	1	0.0007	-0.1549
1169	êç	1	0.0007	-0.1549
1169	ër	1	0.0007	-0.1549
1169	ëä	1	0.0007	-0.1549
1169	ìc	1	0.0007	-0.1549
1169	ìh	1	0.0007	-0.1549
1169	ìr	1	0.0007	-0.1549
1169	íä	1	0.0007	-0.1549
1169	íê	1	0.0007	-0.1549
1169	íš	1	0.0007	-0.1549
1169	îp	1	0.0007	-0.1549
1169	îu	1	0.0007	-0.1549
1169	îù	1	0.0007	-0.1549
1169	ïh	1	0.0007	-0.1549
1169	ïj	1	0.0007	-0.1549
1169	ïv	1	0.0007	-0.1549
1169	ðf	1	0.0007	-0.1549
1169	ðê	1	0.0007	-0.1549
1169	ñd	1	0.0007	-0.1549
1169	ñt	1	0.0007	-0.1549
1169	ñä	1	0.0007	-0.1549
1169	óf	1	0.0007	-0.1549
1169	óæ	1	0.0007	-0.1549
1169	ół	1	0.0007	-0.1549
1169	ô'	1	0.0007	-0.1549
1169	õa	1	0.0007	-0.1549
1169	õe	1	0.0007	-0.1549
1169	õj	1	0.0007	-0.1549
1169	õo	1	0.0007	-0.1549
1169	õä	1	0.0007	-0.1549
1169	õõ	1	0.0007	-0.1549
1169	öâ	1	0.0007	-0.1549
1169	öå	1	0.0007	-0.1549
1169	öí	1	0.0007	-0.1549
1169	øo	1	0.0007	-0.1549
1169	ùi	1	0.0007	-0.1549
1169	ùl	1	0.0007	-0.1549
1169	ùs	1	0.0007	-0.1549
1169	ùå	1	0.0007	-0.1549
1169	úe	1	0.0007	-0.1549
1169	új	1	0.0007	-0.1549
1169	úè	1	0.0007	-0.1549
1169	úþ	1	0.0007	-0.1549
1169	û-	1	0.0007	-0.1549
1169	ûh	1	0.0007	-0.1549
1169	ûz	1	0.0007	-0.1549
1169	üö	1	0.0007	-0.1549
1169	ýv	1	0.0007	-0.1549
1169	ýä	1	0.0007	-0.1549
1169	ýö	1	0.0007	-0.1549
1169	þa	1	0.0007	-0.1549
1169	þi	1	0.0007	-0.1549
1169	þµ	1	0.0007	-0.1549
1169	ÿl	1	0.0007	-0.1549
1169	ÿs	1	0.0007	-0.1549
1169	ÿæ	1	0.0007	-0.1549
1169	ām	1	0.0007	-0.1549
1169	ąd	1	0.0007	-0.1549
1169	ča	1	0.0007	-0.1549
1169	čo	1	0.0007	-0.1549
1169	ğ'	1	0.0007	-0.1549
1169	ğl	1	0.0007	-0.1549
1169	ī$	1	0.0007	-0.1549
1169	ıa	1	0.0007	-0.1549
1169	ıi	1	0.0007	-0.1549
1169	ık	1	0.0007	-0.1549
1169	ıl	1	0.0007	-0.1549
1169	ıı	1	0.0007	-0.1549
1169	ĺo	1	0.0007	-0.1549
1169	łg	1	0.0007	-0.1549
1169	ło	1	0.0007	-0.1549
1169	ły	1	0.0007	-0.1549
1169	ńi	1	0.0007	-0.1549
1169	ōl	1	0.0007	-0.1549
1169	ōs	1	0.0007	-0.1549
1169	ős	1	0.0007	-0.1549
1169	œh	1	0.0007	-0.1549
1169	ři	1	0.0007	-0.1549
1169	ří	1	0.0007	-0.1549
1169	ść	1	0.0007	-0.1549
1169	şu	1	0.0007	-0.1549
1169	şä	1	0.0007	-0.1549
1169	šd	1	0.0007	-0.1549
1169	šs	1	0.0007	-0.1549
1169	ší	1	0.0007	-0.1549
1169	ũh	1	0.0007	-0.1549
1169	ū$	1	0.0007	-0.1549
1169	ūd	1	0.0007	-0.1549
1169	ūs	1	0.0007	-0.1549
1169	żb	1	0.0007	-0.1549
1169	że	1	0.0007	-0.1549
1169	żu	1	0.0007	-0.1549
1169	ž-	1	0.0007	-0.1549
1169	žh	1	0.0007	-0.1549
1169	žl	1	0.0007	-0.1549
1169	ȧ$	1	0.0007	-0.1549
1169	ȯk	1	0.0007	-0.1549
1169	ʖ$	1	0.0007	-0.1549
1169	͜ʖ	1	0.0007	-0.1549
1169	τ$	1	0.0007	-0.1549
1169	τi	1	0.0007	-0.1549
1169	вu	1	0.0007	-0.1549
1169	нo	1	0.0007	-0.1549
1169	оh	1	0.0007	-0.1549
1169	рa	1	0.0007	-0.1549
1169	рi	1	0.0007	-0.1549
1169	хi	1	0.0007	-0.1549
1169	ải	1	0.0007	-0.1549
