Rank	Bigram	Frequency	Frequency per million	Zipf value
1	a$	348376	34331.4988	7.5357
2	e$	347965	34290.9959	7.5352
3	o$	321856	31718.0256	7.5013
4	s$	285593	28144.4064	7.4494
5	n$	207457	20444.318	7.3106
6	^a	181941	17929.7863	7.2536
7	^d	164631	16223.9333	7.2102
8	^e	161328	15898.4317	7.2014
9	es	152476	15026.0914	7.1768
10	^p	148069	14591.7936	7.1641
11	^c	144843	14273.8802	7.1545
12	de	143002	14092.4547	7.149
13	os	129486	12760.49	7.1059
14	^s	124848	12303.4278	7.09
15	en	121941	12016.9509	7.0798
16	ar	117184	11548.1616	7.0625
17	qu	116915	11521.6524	7.0615
18	er	116080	11439.3655	7.0584
19	^n	113529	11187.9714	7.0488
20	ra	111476	10985.6539	7.0408
21	on	111002	10938.9425	7.039
22	ue	109922	10832.5114	7.0347
23	^m	105743	10420.6825	7.0179
24	te	105133	10360.5686	7.0154
25	r$	103304	10180.3257	7.0078
26	as	101003	9953.5685	6.998
27	^o	99868	9841.7173	6.9931
28	no	97089	9567.8545	6.9808
29	^q	95100	9371.844	6.9718
30	^t	91422	9009.3872	6.9547
31	do	90588	8927.1988	6.9507
32	re	87714	8643.974	6.9367
33	co	86903	8564.0522	6.9327
34	ta	84120	8289.7952	6.9185
35	se	82367	8117.0418	6.9094
36	st	81170	7999.0808	6.903
37	an	80755	7958.1836	6.9008
38	or	79103	7795.3836	6.8918
39	nt	76615	7550.198	6.878
40	to	74628	7354.3846	6.8665
41	me	74469	7338.7156	6.8656
42	da	72030	7098.3588	6.8512
43	ca	66149	6518.8024	6.8142
44	mo	65906	6494.8554	6.8126
45	po	65840	6488.3513	6.8121
46	un	65726	6477.1169	6.8114
47	ro	62295	6139.0013	6.7881
48	al	61366	6047.4509	6.7816
49	^v	59938	5906.7254	6.7713
50	^f	57749	5691.0055	6.7552
51	ad	56131	5531.556	6.7428
52	is	52728	5196.1997	6.7157
53	pa	52698	5193.2433	6.7154
54	ma	51215	5047.0977	6.703
55	i$	50472	4973.8771	6.6967
56	in	47096	4641.1816	6.6666
57	sa	46744	4606.4929	6.6634
58	ci	44566	4391.857	6.6426
59	nd	43621	4298.7298	6.6333
60	u$	43446	4281.4841	6.6316
61	le	43312	4268.2787	6.6303
62	^u	42979	4235.4625	6.6269
63	la	42921	4229.7468	6.6263
64	so	41457	4085.4736	6.6112
65	am	41041	4044.4779	6.6069
66	pe	39548	3897.3469	6.5908
67	ha	38487	3792.7882	6.579
68	ou	38120	3756.6214	6.5748
69	ll	37810	3726.0717	6.5713
70	na	37755	3720.6516	6.5706
71	lo	37577	3703.1102	6.5686
72	tr	37407	3686.3572	6.5666
73	ir	37282	3674.0388	6.5651
74	^i	37274	3673.2504	6.5651
75	om	36769	3623.484	6.5591
76	ei	36519	3598.8472	6.5562
77	el	36110	3558.5414	6.5513
78	ri	35543	3502.6651	6.5444
79	ti	34506	3400.4716	6.5315
80	^b	34493	3399.1905	6.5314
81	ve	33938	3344.4968	6.5243
82	^r	33513	3302.6142	6.5189
83	ac	33430	3294.4348	6.5178
84	di	32838	3236.0948	6.51
85	ab	32307	3183.7662	6.5029
86	em	32198	3173.0245	6.5015
87	ol	31587	3112.8122	6.4932
88	pr	31261	3080.6858	6.4886
89	eu	30940	3049.0521	6.4842
90	^l	30842	3039.3945	6.4828
91	é$	30790	3034.27	6.4821
92	it	30659	3021.3603	6.4802
93	ai	29794	2936.1169	6.4678
94	ba	29340	2891.3765	6.4611
95	od	29282	2885.6607	6.4602
96	ic	29215	2879.0581	6.4593
97	id	29143	2871.9627	6.4582
98	be	28839	2842.0043	6.4536
99	^é	28723	2830.5728	6.4519
100	ch	28666	2824.9556	6.451
101	ce	28665	2824.8571	6.451
102	mi	27924	2751.8336	6.4396
103	si	27837	2743.26	6.4383
104	ec	27172	2677.726	6.4278
105	ia	25847	2547.1509	6.4061
106	ón	25108	2474.3245	6.3935
107	ía	24653	2429.4855	6.3855
108	l$	24598	2424.0654	6.3845
109	ns	24387	2403.2719	6.3808
110	oi	24269	2391.6434	6.3787
111	vo	24080	2373.0179	6.3753
112	at	23791	2344.5378	6.3701
113	á$	23150	2281.369	6.3582
114	fa	23021	2268.6564	6.3558
115	ga	22923	2258.9987	6.3539
116	^h	22906	2257.3234	6.3536
117	go	22580	2225.197	6.3474
118	rt	22533	2220.5653	6.3465
119	vi	22082	2176.1205	6.3377
120	us	21902	2158.382	6.3341
121	xe	21825	2150.7939	6.3326
122	va	21305	2099.5493	6.3221
123	li	20868	2056.4841	6.3131
124	nh	20777	2047.5163	6.3112
125	gu	20644	2034.4095	6.3084
126	nc	19403	1912.1124	6.2815
127	io	19081	1880.3802	6.2742
128	il	18821	1854.7579	6.2683
128	im	18821	1854.7579	6.2683
129	^x	18759	1848.648	6.2669
130	^g	18500	1823.1242	6.2608
131	ni	18255	1798.9802	6.255
132	mp	18013	1775.1317	6.2492
133	he	17695	1743.7937	6.2415
134	ió	17239	1698.8561	6.2302
135	ed	17121	1687.2276	6.2272
136	rr	16428	1618.9343	6.2092
137	xa	16395	1615.6823	6.2084
138	ne	16342	1610.4593	6.2069
139	eg	16108	1587.3992	6.2007
140	ña	15764	1553.4989	6.1913
141	rd	15759	1553.0062	6.1912
142	tá	15754	1552.5135	6.191
143	ix	15546	1532.0156	6.1853
144	br	15534	1530.8331	6.1849
145	fi	15478	1525.3144	6.1834
146	ur	15149	1492.8924	6.174
147	za	14730	1451.6011	6.1618
148	í$	14651	1443.8158	6.1595
149	fo	13867	1366.5548	6.1356
150	cu	13729	1352.9553	6.1313
151	rí	13621	1342.3122	6.1279
152	bo	13555	1335.8081	6.1257
153	sc	13464	1326.8403	6.1228
154	iñ	13042	1285.2533	6.109
155	rm	12856	1266.9235	6.1028
156	ho	12783	1259.7296	6.1003
157	ño	12765	1257.9557	6.0997
158	ag	12604	1242.0896	6.0942
159	ex	12525	1234.3044	6.0914
160	má	12474	1229.2785	6.0897
161	et	12458	1227.7017	6.0891
162	ao	12383	1220.3107	6.0865
163	sp	12318	1213.9051	6.0842
164	eñ	12171	1199.4187	6.079
165	iv	12135	1195.8709	6.0777
166	gr	11666	1149.6523	6.0606
167	ob	11571	1140.2903	6.057
168	ut	11370	1120.4823	6.0494
169	oc	11353	1118.807	6.0488
170	ul	11246	1108.2624	6.0446
171	ap	10730	1057.4121	6.0242
172	úa	10709	1055.3426	6.0234
173	ig	10545	1039.1808	6.0167
174	fe	10168	1002.0285	6.0009
175	cr	10135	998.7764	5.9995
176	rá	9848	970.4934	5.987
177	aq	9564	942.506	5.9743
178	ea	9543	940.4365	5.9733
179	ui	9269	913.4345	5.9607
180	uí	9144	901.1161	5.9548
181	^á	8956	882.5892	5.9458
182	oa	8863	873.4243	5.9412
183	xo	8722	859.5292	5.9343
184	ez	8665	853.912	5.9314
185	du	8621	849.5759	5.9292
186	ái	8540	841.5936	5.9251
187	án	8484	836.0749	5.9222
188	pi	8438	831.5417	5.9199
189	én	8286	816.5626	5.912
190	az	8256	813.6061	5.9104
191	su	8234	811.4381	5.9093
192	ng	8187	806.8064	5.9068
193	lg	8149	803.0616	5.9047
194	tu	8099	798.1342	5.9021
195	ot	8075	795.7691	5.9008
196	ev	7960	784.4362	5.8946
197	rc	7766	765.318	5.8838
198	nu	7736	762.3616	5.8822
199	bi	7596	748.565	5.8742
200	mu	7535	742.5536	5.8707
201	ás	7517	740.7797	5.8697
202	ct	7498	738.9073	5.8686
203	uc	7431	732.3047	5.8647
204	ín	7117	701.3608	5.8459
205	dí	7113	700.9666	5.8457
206	aí	7103	699.9812	5.8451
207	ax	7099	699.587	5.8448
208	eb	7000	689.8308	5.8387
209	ib	6974	687.2686	5.8371
210	eo	6920	681.947	5.8338
211	av	6880	678.0051	5.8312
212	z$	6776	667.7562	5.8246
213	op	6767	666.8693	5.824
214	ó$	6762	666.3765	5.8237
215	xi	6707	660.9564	5.8202
216	ie	6610	651.3974	5.8138
217	ov	6360	626.7605	5.7971
218	mb	6328	623.607	5.7949
219	lt	6308	621.6361	5.7935
220	sú	6300	620.8477	5.793
221	lu	6276	618.4826	5.7913
222	sí	6104	601.5324	5.7793
223	rs	6037	594.9298	5.7745
224	ñe	5991	590.3966	5.7711
225	sm	5834	574.9247	5.7596
226	um	5637	555.5109	5.7447
227	fr	5624	554.2298	5.7437
228	ua	5402	532.3523	5.7262
229	bl	5367	528.9031	5.7234
230	y$	5350	527.2278	5.722
231	zo	5319	524.1729	5.7195
232	rn	5309	523.1874	5.7187
233	xu	5214	513.8254	5.7108
234	up	5017	494.4116	5.6941
235	og	5016	494.313	5.694
236	só	5007	493.4261	5.6932
237	ru	5001	492.8348	5.6927
238	añ	4948	487.6118	5.6881
239	oñ	4898	482.6845	5.6837
240	pu	4845	477.4615	5.6789
241	cl	4831	476.0818	5.6777
242	ub	4807	473.7167	5.6755
243	pl	4779	470.9573	5.673
244	lv	4776	470.6617	5.6727
245	ep	4670	460.2157	5.663
246	ud	4616	454.8941	5.6579
247	au	4580	451.3464	5.6545
248	lm	4340	427.6951	5.6311
249	iz	4273	421.0924	5.6244
250	hi	4267	420.5011	5.6238
251	fu	4266	420.4026	5.6237
252	bu	4082	402.2699	5.6045
253	h$	4070	401.0873	5.6032
254	if	4052	399.3135	5.6013
255	rq	3987	392.9079	5.5943
256	ué	3946	388.8675	5.5898
257	nv	3913	385.6154	5.5862
258	mé	3835	377.9287	5.5774
259	ós	3830	377.436	5.5768
260	rg	3811	375.5636	5.5747
261	nf	3662	360.8801	5.5574
262	ún	3626	357.3323	5.5531
263	ef	3576	352.405	5.547
264	ip	3546	349.4486	5.5434
265	lí	3533	348.1675	5.5418
266	ug	3515	346.3936	5.5396
267	dr	3320	327.1769	5.5148
268	rv	3300	325.2059	5.5122
269	^j	3200	315.3512	5.4988
270	d$	3183	313.6759	5.4965
271	rl	3108	306.2849	5.4861
272	tú	3071	302.6386	5.4809
273	cí	3040	299.5837	5.4765
274	nó	3029	298.4996	5.4749
275	gú	3025	298.1054	5.4744
276	té	2954	291.1086	5.4641
277	tó	2898	285.5899	5.4557
278	ox	2878	283.619	5.4527
279	af	2874	283.2248	5.4521
280	tí	2871	282.9292	5.4517
281	t$	2850	280.8597	5.4485
282	ér	2767	272.6803	5.4357
283	of	2690	265.0921	5.4234
284	áb	2618	257.9967	5.4116
285	oo	2594	255.6316	5.4076
286	ám	2569	253.1679	5.4034
287	ld	2539	250.2115	5.3983
288	nn	2525	248.8318	5.3959
289	ís	2518	248.142	5.3947
290	eq	2462	242.6233	5.3849
291	nx	2442	240.6524	5.3814
292	cc	2398	236.3163	5.3735
293	^k	2343	230.8962	5.3634
293	ár	2343	230.8962	5.3634
294	oz	2286	225.279	5.3527
295	ae	2283	224.9834	5.3522
296	iu	2275	224.195	5.3506
297	bí	2262	222.9139	5.3481
298	és	2255	222.2241	5.3468
299	nz	2250	221.7313	5.3458
300	ux	2155	212.3693	5.3271
301	dé	2151	211.9751	5.3263
302	ír	2128	209.7086	5.3216
303	nm	2109	207.8362	5.3177
304	dá	2102	207.1463	5.3163
305	k$	2093	206.2594	5.3144
306	^w	2054	202.4161	5.3062
306	oh	2054	202.4161	5.3062
307	m$	2052	202.219	5.3058
308	ór	1947	191.8715	5.283
309	ré	1946	191.773	5.2828
310	xp	1939	191.0831	5.2812
311	^ú	1928	189.9991	5.2788
312	sq	1927	189.9006	5.2785
313	ló	1910	188.2253	5.2747
314	oe	1877	184.9732	5.2671
315	vé	1807	178.0749	5.2506
316	ró	1804	177.7792	5.2499
317	có	1780	175.4141	5.2441
318	fí	1774	174.8228	5.2426
319	íc	1735	170.9795	5.2329
320	cá	1718	169.3042	5.2287
321	hu	1710	168.5158	5.2266
322	sh	1700	167.5303	5.2241
323	pó	1687	166.2492	5.2208
324	lp	1675	165.0667	5.2177
325	ío	1669	164.4754	5.2161
326	pá	1662	163.7855	5.2143
327	ge	1645	162.1102	5.2098
328	^ó	1626	160.2378	5.2048
329	ví	1623	159.9422	5.204
330	lé	1608	158.464	5.1999
331	th	1607	158.3654	5.1997
332	rp	1594	157.0843	5.1961
333	sr	1591	156.7887	5.1953
334	ít	1576	155.3105	5.1912
335	gn	1533	151.0729	5.1792
336	íd	1501	147.9194	5.17
337	éc	1490	146.8354	5.1668
338	zó	1484	146.2441	5.1651
339	g$	1461	143.9775	5.1583
340	ús	1441	142.0066	5.1523
341	nl	1434	141.3168	5.1502
342	ñá	1425	140.4298	5.1475
343	ki	1386	136.5865	5.1354
344	ém	1377	135.6996	5.1326
345	íx	1364	134.4185	5.1285
346	fó	1353	133.3344	5.1249
347	jo	1328	130.8708	5.1168
348	xé	1312	129.294	5.1116
349	ee	1307	128.8013	5.1099
350	rz	1304	128.5056	5.1089
351	pt	1282	126.3376	5.1015
352	rb	1280	126.1405	5.1009
353	sf	1278	125.9434	5.1002
354	ól	1245	122.6913	5.0888
355	lá	1216	119.8335	5.0786
356	ck	1214	119.6364	5.0779
357	dú	1203	118.5523	5.0739
358	ác	1198	118.0596	5.0721
359	^z	1180	116.2858	5.0655
360	éi	1164	114.709	5.0596
361	fl	1163	114.6105	5.0592
362	^í	1157	114.0192	5.057
363	ah	1151	113.4279	5.0547
364	tt	1146	112.9352	5.0528
364	vó	1146	112.9352	5.0528
365	ey	1136	111.9497	5.049
366	ka	1124	110.7671	5.0444
367	wa	1121	110.4715	5.0433
368	ls	1113	109.6831	5.0401
369	íb	1061	104.5586	5.0194
370	rk	1054	103.8688	5.0165
371	úl	1048	103.2775	5.014
372	ry	1045	102.9819	5.0128
373	ss	1040	102.4891	5.0107
374	sl	1024	100.9124	5.0039
374	wi	1024	100.9124	5.0039
375	lq	1019	100.4197	5.0018
376	rx	1015	100.0255	5.0001
377	ke	1012	99.7298	4.9988
378	ja	1006	99.1385	4.9962
379	óm	1004	98.9414	4.9954
380	lc	985	97.069	4.9871
381	eh	962	94.8025	4.9768
381	át	962	94.8025	4.9768
382	bs	955	94.1126	4.9736
383	pé	953	93.9155	4.9727
384	fá	948	93.4228	4.9705
385	nq	941	92.733	4.9672
386	uz	932	91.846	4.9631
387	nú	913	89.9736	4.9541
387	éd	913	89.9736	4.9541
388	rú	911	89.7766	4.9532
389	cé	902	88.8896	4.9489
390	ód	896	88.2983	4.946
391	nr	883	87.0172	4.9396
392	xt	880	86.7216	4.9381
393	sd	866	85.3419	4.9312
394	ál	858	84.5535	4.9271
395	ly	854	84.1594	4.9251
396	mí	845	83.2724	4.9205
397	rf	832	81.9913	4.9138
398	sá	829	81.6957	4.9122
399	iq	822	81.0058	4.9085
400	úb	819	80.7102	4.9069
401	uf	809	79.7247	4.9016
402	dó	804	79.232	4.8989
403	ím	788	77.6552	4.8902
404	xí	783	77.1625	4.8874
405	gl	767	75.5857	4.8784
406	^y	762	75.093	4.8756
407	ay	753	74.2061	4.8704
408	ád	748	73.7133	4.8675
409	pú	741	73.0235	4.8635
410	c$	737	72.6293	4.8611
411	ow	735	72.4322	4.8599
412	pí	720	70.954	4.851
413	ny	719	70.8555	4.8504
414	sé	717	70.6584	4.8492
415	úd	713	70.2642	4.8467
416	há	702	69.1802	4.84
417	oí	686	67.6034	4.83
418	mó	682	67.2092	4.8274
419	ko	681	67.1107	4.8268
420	gi	663	65.3368	4.8152
421	dy	662	65.2383	4.8145
422	óx	655	64.5485	4.8099
423	ak	646	63.6615	4.8039
423	gá	646	63.6615	4.8039
424	mú	636	62.6761	4.7971
425	bé	634	62.479	4.7957
426	iá	629	61.9862	4.7923
427	uv	626	61.6906	4.7902
428	f$	620	61.0993	4.786
428	mm	620	61.0993	4.786
429	zu	606	59.7196	4.7761
430	sg	600	59.1284	4.7718
430	we	600	59.1284	4.7718
431	ét	596	58.7342	4.7689
432	úm	595	58.6356	4.7682
433	áp	587	57.8472	4.7623
434	oq	579	57.0589	4.7563
435	xc	576	56.7632	4.7541
436	ff	575	56.6647	4.7533
437	éx	574	56.5661	4.7526
438	uñ	566	55.7777	4.7465
439	úp	565	55.6792	4.7457
440	aa	558	54.9894	4.7403
440	je	558	54.9894	4.7403
441	x$	555	54.6937	4.7379
442	ág	531	52.3286	4.7187
443	fé	529	52.1315	4.7171
444	nk	527	51.9344	4.7155
445	hn	525	51.7373	4.7138
446	ts	523	51.5402	4.7121
447	ya	517	50.9489	4.7071
448	íg	507	49.9635	4.6987
449	sk	505	49.7664	4.6969
450	ég	500	49.2736	4.6926
451	v$	491	48.3867	4.6847
452	ok	489	48.1896	4.683
453	yo	478	47.1056	4.6731
454	-l	477	47.007	4.6722
455	b$	463	45.6274	4.6592
456	ik	459	45.2332	4.6555
456	ty	459	45.2332	4.6555
457	bá	447	44.0506	4.644
458	a-	446	43.9521	4.643
459	vá	445	43.8535	4.642
460	e-	441	43.4593	4.6381
461	p$	440	43.3608	4.6371
462	ní	438	43.1637	4.6351
463	ph	433	42.671	4.6301
464	ná	432	42.5724	4.6291
465	bx	422	41.5869	4.619
466	íñ	418	41.1928	4.6148
467	ji	415	40.8971	4.6117
468	íz	411	40.5029	4.6075
469	dm	406	40.0102	4.6022
470	kh	395	38.9262	4.5902
471	wo	392	38.6305	4.5869
472	aú	391	38.532	4.5858
472	tm	391	38.532	4.5858
473	bt	389	38.3349	4.5836
474	xú	383	37.7436	4.5768
475	pc	379	37.3494	4.5723
476	lú	372	36.6596	4.5642
477	ps	368	36.2654	4.5595
477	uo	368	36.2654	4.5595
478	lf	363	35.7727	4.5536
479	gh	359	35.3785	4.5487
480	cú	358	35.2799	4.5475
480	éb	358	35.2799	4.5475
481	mn	357	35.1814	4.5463
481	né	357	35.1814	4.5463
482	zi	352	34.6886	4.5402
483	íf	350	34.4915	4.5377
484	w$	349	34.393	4.5365
485	xá	344	33.9003	4.5302
486	pp	342	33.7032	4.5277
487	gó	341	33.6046	4.5264
487	lb	341	33.6046	4.5264
488	bó	337	33.2104	4.5213
489	tn	332	32.7177	4.5148
490	ju	327	32.225	4.5082
491	ew	326	32.1264	4.5069
491	áf	326	32.1264	4.5069
492	bú	324	31.9293	4.5042
493	sv	320	31.5351	4.4988
494	dd	318	31.338	4.4961
495	ñí	317	31.2395	4.4947
496	eá	316	31.1409	4.4933
496	zá	316	31.1409	4.4933
496	úe	316	31.1409	4.4933
497	éa	315	31.0424	4.492
498	úr	312	30.7467	4.4878
499	íu	311	30.6482	4.4864
500	ku	308	30.3526	4.4822
501	aw	305	30.0569	4.4779
502	oy	302	29.7613	4.4737
503	sb	301	29.6627	4.4722
503	sn	301	29.6627	4.4722
504	éf	300	29.5642	4.4708
504	ót	300	29.5642	4.4708
505	tl	295	29.0714	4.4635
505	ye	295	29.0714	4.4635
505	áx	295	29.0714	4.4635
506	yn	294	28.9729	4.462
507	év	293	28.8743	4.4605
508	vd	289	28.4802	4.4545
509	hy	288	28.3816	4.453
510	my	280	27.5932	4.4408
511	hr	278	27.3961	4.4377
512	cn	275	27.1005	4.433
513	ky	274	27.0019	4.4314
514	uk	271	26.7063	4.4266
515	o-	270	26.6078	4.425
516	óc	266	26.2136	4.4185
517	n-	265	26.115	4.4169
518	mr	264	26.0165	4.4152
518	ép	264	26.0165	4.4152
519	óp	261	25.7208	4.4103
520	éñ	254	25.031	4.3985
521	sy	252	24.8339	4.395
522	tc	250	24.6368	4.3916
523	út	246	24.2426	4.3846
524	ói	245	24.1441	4.3828
525	bb	241	23.7499	4.3757
526	ób	238	23.4542	4.3702
527	áq	236	23.2572	4.3666
528	hm	234	23.0601	4.3629
529	ms	231	22.7644	4.3573
529	tz	231	22.7644	4.3573
529	wn	231	22.7644	4.3573
530	él	227	22.3702	4.3497
531	ys	222	21.8775	4.34
532	ze	220	21.6804	4.3361
533	ii	211	20.7935	4.3179
533	rh	211	20.7935	4.3179
534	ñé	204	20.1036	4.3033
535	hé	202	19.9065	4.299
536	zh	201	19.808	4.2968
537	iú	200	19.7095	4.2947
538	wh	199	19.6109	4.2925
539	xó	197	19.4138	4.2881
540	dv	196	19.3153	4.2859
540	hí	196	19.3153	4.2859
540	ks	196	19.3153	4.2859
541	yr	192	18.9211	4.2769
542	-s	190	18.724	4.2724
542	ds	190	18.724	4.2724
543	eó	185	18.2312	4.2608
544	lk	184	18.1327	4.2585
545	by	183	18.0341	4.2561
546	íl	181	17.8371	4.2513
547	éz	180	17.7385	4.2489
548	yl	179	17.64	4.2465
549	sw	176	17.3443	4.2392
550	yw	169	16.6545	4.2215
551	-c	168	16.5559	4.219
552	mc	166	16.3588	4.2138
553	bv	163	16.0632	4.2058
553	tb	163	16.0632	4.2058
554	áe	161	15.8661	4.2005
555	óv	158	15.5705	4.1923
556	-m	155	15.2748	4.184
557	yu	151	14.8806	4.1726
558	i-	150	14.7821	4.1697
559	gg	147	14.4864	4.161
559	ú$	147	14.4864	4.161
560	gt	146	14.3879	4.158
561	ht	144	14.1908	4.152
561	uá	144	14.1908	4.152
561	áv	144	14.1908	4.152
562	nb	142	13.9937	4.1459
562	yd	142	13.9937	4.1459
562	óu	142	13.9937	4.1459
563	-a	138	13.5995	4.1335
563	lx	138	13.5995	4.1335
563	óñ	138	13.5995	4.1335
564	uh	137	13.501	4.1304
564	ív	137	13.501	4.1304
565	gs	135	13.3039	4.124
566	kl	133	13.1068	4.1175
567	-p	131	12.9097	4.1109
567	km	131	12.9097	4.1109
568	º$	129	12.7126	4.1042
569	's	128	12.614	4.1009
570	^'	126	12.417	4.094
570	uu	126	12.417	4.094
571	vu	125	12.3184	4.0906
571	óe	125	12.3184	4.0906
572	úx	124	12.2199	4.0871
573	tv	123	12.1213	4.0835
574	uq	120	11.8257	4.0728
575	úc	119	11.7271	4.0692
576	aé	118	11.6286	4.0655
577	gm	116	11.4315	4.0581
578	-t	115	11.3329	4.0543
579	dj	114	11.2344	4.0505
579	kr	114	11.2344	4.0505
579	o'	114	11.2344	4.0505
580	dt	113	11.1358	4.0467
580	s-	113	11.1358	4.0467
580	zz	113	11.1358	4.0467
581	ek	112	11.0373	4.0429
581	ym	112	11.0373	4.0429
582	hó	111	10.9387	4.039
582	ié	111	10.9387	4.039
582	py	111	10.9387	4.039
583	óf	110	10.8402	4.035
583	óg	110	10.8402	4.035
584	-b	109	10.7417	4.0311
584	dg	109	10.7417	4.0311
584	lz	109	10.7417	4.0311
585	^º	107	10.5446	4.023
586	-h	105	10.3475	4.0148
587	bd	104	10.2489	4.0107
587	íq	104	10.2489	4.0107
588	bm	103	10.1504	4.0065
588	ª$	103	10.1504	4.0065
588	íe	103	10.1504	4.0065
588	íp	103	10.1504	4.0065
589	cq	102	10.0518	4.0022
589	dl	102	10.0518	4.0022
589	fú	102	10.0518	4.0022
589	ln	102	10.0518	4.0022
590	ws	96	9.4605	3.9759
591	dw	90	8.8693	3.9479
592	-d	89	8.7707	3.943
592	^ª	89	8.7707	3.943
593	dn	88	8.6722	3.9381
594	wl	87	8.5736	3.9332
594	óa	87	8.5736	3.9332
595	éo	86	8.4751	3.9281
596	t-	84	8.278	3.9179
597	-g	83	8.1794	3.9127
597	ft	83	8.1794	3.9127
597	yi	83	8.1794	3.9127
598	bc	81	7.9823	3.9021
598	cy	81	7.9823	3.9021
598	gw	81	7.9823	3.9021
598	x-	81	7.9823	3.9021
599	h-	78	7.6867	3.8857
599	ij	78	7.6867	3.8857
600	-w	77	7.5881	3.8801
601	'$	76	7.4896	3.8745
601	lr	76	7.4896	3.8745
602	wt	75	7.391	3.8687
602	xh	75	7.391	3.8687
602	yb	75	7.391	3.8687
603	-y	73	7.1939	3.857
603	lh	73	7.1939	3.857
604	-e	72	7.0954	3.851
604	gü	72	7.0954	3.851
604	hl	72	7.0954	3.851
605	u-	71	6.9969	3.8449
605	áñ	71	6.9969	3.8449
606	aj	69	6.7998	3.8325
606	dk	69	6.7998	3.8325
606	yc	69	6.7998	3.8325
607	hh	68	6.7012	3.8262
607	qi	68	6.7012	3.8262
607	uy	68	6.7012	3.8262
608	-r	67	6.6027	3.8197
608	g-	67	6.6027	3.8197
609	cb	66	6.5041	3.8132
609	q$	66	6.5041	3.8132
610	'b	64	6.307	3.7998
610	-o	64	6.307	3.7998
610	cd	64	6.307	3.7998
610	nj	64	6.307	3.7998
610	r-	64	6.307	3.7998
610	tw	64	6.307	3.7998
611	-j	62	6.1099	3.786
611	hk	62	6.1099	3.786
612	hú	61	6.0114	3.779
612	ih	61	6.0114	3.779
612	iè	61	6.0114	3.779
613	ml	60	5.9128	3.7718
614	iy	59	5.8143	3.7645
615	-n	58	5.7157	3.7571
615	oá	58	5.7157	3.7571
616	l-	56	5.5186	3.7418
617	hd	54	5.3216	3.726
617	nç	54	5.3216	3.726
618	kn	52	5.1245	3.7097
618	ão	52	5.1245	3.7097
618	úv	52	5.1245	3.7097
619	pf	51	5.0259	3.7012
619	vn	51	5.0259	3.7012
619	y-	51	5.0259	3.7012
620	iw	50	4.9274	3.6926
620	j$	50	4.9274	3.6926
620	n'	50	4.9274	3.6926
621	d'	49	4.8288	3.6838
621	èr	49	4.8288	3.6838
622	hs	48	4.7303	3.6749
622	kk	48	4.7303	3.6749
622	vr	48	4.7303	3.6749
622	éu	48	4.7303	3.6749
623	hw	47	4.6317	3.6657
623	vy	47	4.6317	3.6657
624	ej	46	4.5332	3.6564
624	eú	46	4.5332	3.6564
624	uê	46	4.5332	3.6564
625	dq	45	4.4346	3.6469
625	nw	45	4.4346	3.6469
626	wr	44	4.3361	3.6371
626	ço	44	4.3361	3.6371
626	ê$	44	4.3361	3.6371
627	'a	43	4.2375	3.6271
627	cp	43	4.2375	3.6271
628	dz	42	4.139	3.6169
628	ñi	42	4.139	3.6169
629	'o	41	4.0404	3.6064
629	-f	41	4.0404	3.6064
629	dh	41	4.0404	3.6064
629	mh	41	4.0404	3.6064
630	nº	40	3.9419	3.5957
631	gy	39	3.8433	3.5847
631	vs	39	3.8433	3.5847
631	yj	39	3.8433	3.5847
631	ée	39	3.8433	3.5847
631	üi	39	3.8433	3.5847
632	-i	38	3.7448	3.5734
632	gd	38	3.7448	3.5734
632	oj	38	3.7448	3.5734
633	cs	37	3.6462	3.5618
633	úo	37	3.6462	3.5618
634	cg	36	3.5477	3.5499
635	z-	35	3.4492	3.5377
635	zm	35	3.4492	3.5377
635	áz	35	3.4492	3.5377
636	-k	34	3.3506	3.5251
636	dx	34	3.3506	3.5251
636	gé	34	3.3506	3.5251
636	úñ	34	3.3506	3.5251
637	-v	33	3.2521	3.5122
637	pm	33	3.2521	3.5122
637	sz	33	3.2521	3.5122
637	vv	33	3.2521	3.5122
637	wy	33	3.2521	3.5122
638	e'	32	3.1535	3.4988
638	eí	32	3.1535	3.4988
638	fb	32	3.1535	3.4988
638	yt	32	3.1535	3.4988
639	m-	31	3.055	3.485
639	pn	31	3.055	3.485
639	vl	31	3.055	3.485
639	yk	31	3.055	3.485
639	zn	31	3.055	3.485
639	áu	31	3.055	3.485
639	èv	31	3.055	3.485
639	úf	31	3.055	3.485
640	jü	29	2.8579	3.456
641	fg	28	2.7593	3.4408
641	zg	28	2.7593	3.4408
642	lw	27	2.6608	3.425
643	aï	26	2.5622	3.4086
643	cm	26	2.5622	3.4086
643	db	26	2.5622	3.4086
643	p-	26	2.5622	3.4086
644	dc	25	2.4637	3.3916
644	fm	25	2.4637	3.3916
644	kg	25	2.4637	3.3916
644	l'	25	2.4637	3.3916
644	pb	25	2.4637	3.3916
644	èn	25	2.4637	3.3916
644	úz	25	2.4637	3.3916
645	a'	24	2.3651	3.3738
645	md	24	2.3651	3.3738
645	rè	24	2.3651	3.3738
645	ñó	24	2.3651	3.3738
646	cz	23	2.2666	3.3554
646	np	23	2.2666	3.3554
646	tã	23	2.2666	3.3554
646	uj	23	2.2666	3.3554
646	üs	23	2.2666	3.3554
647	'e	22	2.168	3.3361
647	bz	22	2.168	3.3361
647	k-	22	2.168	3.3361
647	mw	22	2.168	3.3361
647	oé	22	2.168	3.3361
647	pd	22	2.168	3.3361
647	xx	22	2.168	3.3361
647	zy	22	2.168	3.3361
647	óq	22	2.168	3.3361
648	'n	21	2.0695	3.3159
648	b-	21	2.0695	3.3159
648	gb	21	2.0695	3.3159
648	lj	21	2.0695	3.3159
648	zl	21	2.0695	3.3159
649	qa	20	1.9709	3.2947
649	vh	20	1.9709	3.2947
649	xv	20	1.9709	3.2947
649	zb	20	1.9709	3.2947
649	ên	20	1.9709	3.2947
650	'c	19	1.8724	3.2724
650	'r	19	1.8724	3.2724
650	mt	19	1.8724	3.2724
651	fü	18	1.7739	3.2489
651	jr	18	1.7739	3.2489
651	kb	18	1.7739	3.2489
651	mk	18	1.7739	3.2489
651	wk	18	1.7739	3.2489
651	ça	18	1.7739	3.2489
652	bh	17	1.6753	3.2241
652	hb	17	1.6753	3.2241
652	hê	17	1.6753	3.2241
652	kp	17	1.6753	3.2241
652	pè	17	1.6753	3.2241
652	ww	17	1.6753	3.2241
652	xq	17	1.6753	3.2241
652	zc	17	1.6753	3.2241
652	üh	17	1.6753	3.2241
653	fs	16	1.5768	3.1978
653	hc	16	1.5768	3.1978
653	hv	16	1.5768	3.1978
653	já	16	1.5768	3.1978
653	kd	16	1.5768	3.1978
653	lö	16	1.5768	3.1978
653	mg	16	1.5768	3.1978
653	rj	16	1.5768	3.1978
653	rw	16	1.5768	3.1978
653	s'	16	1.5768	3.1978
653	áo	16	1.5768	3.1978
654	bn	15	1.4782	3.1697
654	fy	15	1.4782	3.1697
654	r'	15	1.4782	3.1697
654	tk	15	1.4782	3.1697
654	üe	15	1.4782	3.1697
655	't	14	1.3797	3.1398
655	-q	14	1.3797	3.1398
655	-x	14	1.3797	3.1398
655	gf	14	1.3797	3.1398
655	kw	14	1.3797	3.1398
655	mf	14	1.3797	3.1398
655	wu	14	1.3797	3.1398
655	xs	14	1.3797	3.1398
655	xy	14	1.3797	3.1398
655	öd	14	1.3797	3.1398
655	úg	14	1.3797	3.1398
656	-u	13	1.2811	3.1076
656	-z	13	1.2811	3.1076
656	fw	13	1.2811	3.1076
656	gp	13	1.2811	3.1076
656	tg	13	1.2811	3.1076
656	wm	13	1.2811	3.1076
656	yp	13	1.2811	3.1076
656	zq	13	1.2811	3.1076
656	zx	13	1.2811	3.1076
656	ät	13	1.2811	3.1076
657	d-	12	1.1826	3.0728
657	jd	12	1.1826	3.0728
657	kf	12	1.1826	3.0728
657	rö	12	1.1826	3.0728
657	uw	12	1.1826	3.0728
657	vc	12	1.1826	3.0728
657	wd	12	1.1826	3.0728
657	ñu	12	1.1826	3.0728
657	ün	12	1.1826	3.0728
658	'm	11	1.084	3.035
658	'q	11	1.084	3.035
658	aç	11	1.084	3.035
658	aó	11	1.084	3.035
658	bp	11	1.084	3.035
658	c'	11	1.084	3.035
658	df	11	1.084	3.035
658	gk	11	1.084	3.035
658	iã	11	1.084	3.035
658	jó	11	1.084	3.035
658	wb	11	1.084	3.035
658	yg	11	1.084	3.035
658	zr	11	1.084	3.035
658	ºc	11	1.084	3.035
658	áa	11	1.084	3.035
658	ös	11	1.084	3.035
658	üí	11	1.084	3.035
659	c-	10	0.9855	2.9937
659	fp	10	0.9855	2.9937
659	tp	10	0.9855	2.9937
659	tä	10	0.9855	2.9937
659	vz	10	0.9855	2.9937
659	wc	10	0.9855	2.9937
659	xª	10	0.9855	2.9937
659	yé	10	0.9855	2.9937
659	ès	10	0.9855	2.9937
660	'h	9	0.8869	2.9479
660	'i	9	0.8869	2.9479
660	^î	9	0.8869	2.9479
660	dp	9	0.8869	2.9479
660	fd	9	0.8869	2.9479
660	i'	9	0.8869	2.9479
660	kt	9	0.8869	2.9479
660	kv	9	0.8869	2.9479
660	oë	9	0.8869	2.9479
660	td	9	0.8869	2.9479
660	zs	9	0.8869	2.9479
660	à$	9	0.8869	2.9479
660	îl	9	0.8869	2.9479
660	ó-	9	0.8869	2.9479
660	úi	9	0.8869	2.9479
660	üc	9	0.8869	2.9479
660	ür	9	0.8869	2.9479
661	'd	8	0.7884	2.8967
661	'p	8	0.7884	2.8967
661	^à	8	0.7884	2.8967
661	eé	8	0.7884	2.8967
661	fk	8	0.7884	2.8967
661	gx	8	0.7884	2.8967
661	hö	8	0.7884	2.8967
661	k'	8	0.7884	2.8967
661	kí	8	0.7884	2.8967
661	nè	8	0.7884	2.8967
661	xl	8	0.7884	2.8967
661	zw	8	0.7884	2.8967
661	zú	8	0.7884	2.8967
661	ïa	8	0.7884	2.8967
662	'v	7	0.6898	2.8387
662	bj	7	0.6898	2.8387
662	cf	7	0.6898	2.8387
662	pk	7	0.6898	2.8387
662	qe	7	0.6898	2.8387
662	sx	7	0.6898	2.8387
662	tf	7	0.6898	2.8387
662	tj	7	0.6898	2.8387
662	v-	7	0.6898	2.8387
662	vj	7	0.6898	2.8387
662	vk	7	0.6898	2.8387
662	xf	7	0.6898	2.8387
662	yv	7	0.6898	2.8387
662	çu	7	0.6898	2.8387
662	ïr	7	0.6898	2.8387
662	ò$	7	0.6898	2.8387
662	óz	7	0.6898	2.8387
663	fh	6	0.5913	2.7718
663	h'	6	0.5913	2.7718
663	hj	6	0.5913	2.7718
663	hâ	6	0.5913	2.7718
663	hè	6	0.5913	2.7718
663	kj	6	0.5913	2.7718
663	ká	6	0.5913	2.7718
663	kö	6	0.5913	2.7718
663	m'	6	0.5913	2.7718
663	mj	6	0.5913	2.7718
663	mü	6	0.5913	2.7718
663	p'	6	0.5913	2.7718
663	pz	6	0.5913	2.7718
663	qg	6	0.5913	2.7718
663	qy	6	0.5913	2.7718
663	t'	6	0.5913	2.7718
663	tü	6	0.5913	2.7718
663	yf	6	0.5913	2.7718
663	zk	6	0.5913	2.7718
663	zv	6	0.5913	2.7718
663	ân	6	0.5913	2.7718
663	ât	6	0.5913	2.7718
663	èg	6	0.5913	2.7718
663	é-	6	0.5913	2.7718
663	éy	6	0.5913	2.7718
663	ïs	6	0.5913	2.7718
663	óo	6	0.5913	2.7718
663	ön	6	0.5913	2.7718
664	-à	5	0.4927	2.6926
664	^ç	5	0.4927	2.6926
664	aá	5	0.4927	2.6926
664	bf	5	0.4927	2.6926
664	g'	5	0.4927	2.6926
664	gj	5	0.4927	2.6926
664	hg	5	0.4927	2.6926
664	hò	5	0.4927	2.6926
664	hô	5	0.4927	2.6926
664	hü	5	0.4927	2.6926
664	j-	5	0.4927	2.6926
664	jp	5	0.4927	2.6926
664	jé	5	0.4927	2.6926
664	qo	5	0.4927	2.6926
664	sâ	5	0.4927	2.6926
664	sã	5	0.4927	2.6926
664	u'	5	0.4927	2.6926
664	vt	5	0.4927	2.6926
664	yh	5	0.4927	2.6926
664	zt	5	0.4927	2.6926
664	à-	5	0.4927	2.6926
664	çã	5	0.4927	2.6926
664	èc	5	0.4927	2.6926
664	éq	5	0.4927	2.6926
664	ôn	5	0.4927	2.6926
664	ôt	5	0.4927	2.6926
664	öl	5	0.4927	2.6926
664	üt	5	0.4927	2.6926
665	'u	4	0.3942	2.5957
665	^ñ	4	0.3942	2.5957
665	aî	4	0.3942	2.5957
665	cv	4	0.3942	2.5957
665	cw	4	0.3942	2.5957
665	cx	4	0.3942	2.5957
665	f-	4	0.3942	2.5957
665	gz	4	0.3942	2.5957
665	jj	4	0.3942	2.5957
665	jn	4	0.3942	2.5957
665	js	4	0.3942	2.5957
665	jö	4	0.3942	2.5957
665	jú	4	0.3942	2.5957
665	kä	4	0.3942	2.5957
665	kó	4	0.3942	2.5957
665	mz	4	0.3942	2.5957
665	oã	4	0.3942	2.5957
665	oó	4	0.3942	2.5957
665	rê	4	0.3942	2.5957
665	rô	4	0.3942	2.5957
665	tª	4	0.3942	2.5957
665	wf	4	0.3942	2.5957
665	yè	4	0.3942	2.5957
665	zd	4	0.3942	2.5957
665	zé	4	0.3942	2.5957
665	º-	4	0.3942	2.5957
665	áh	4	0.3942	2.5957
665	âo	4	0.3942	2.5957
665	ç$	4	0.3942	2.5957
665	éj	4	0.3942	2.5957
665	ïd	4	0.3942	2.5957
665	ôm	4	0.3942	2.5957
665	öh	4	0.3942	2.5957
665	öp	4	0.3942	2.5957
666	'g	3	0.2956	2.4707
666	'á	3	0.2956	2.4707
666	-í	3	0.2956	2.4707
666	^о	3	0.2956	2.4707
666	bö	3	0.2956	2.4707
666	cè	3	0.2956	2.4707
666	cô	3	0.2956	2.4707
666	dè	3	0.2956	2.4707
666	fn	3	0.2956	2.4707
666	gv	3	0.2956	2.4707
666	gí	3	0.2956	2.4707
666	hf	3	0.2956	2.4707
666	hä	3	0.2956	2.4707
666	j'	3	0.2956	2.4707
666	jl	3	0.2956	2.4707
666	jm	3	0.2956	2.4707
666	jx	3	0.2956	2.4707
666	kc	3	0.2956	2.4707
666	kz	3	0.2956	2.4707
666	ké	3	0.2956	2.4707
666	lü	3	0.2956	2.4707
666	mv	3	0.2956	2.4707
666	mã	3	0.2956	2.4707
666	nê	3	0.2956	2.4707
666	oú	3	0.2956	2.4707
666	pg	3	0.2956	2.4707
666	pj	3	0.2956	2.4707
666	px	3	0.2956	2.4707
666	qq	3	0.2956	2.4707
666	qz	3	0.2956	2.4707
666	râ	3	0.2956	2.4707
666	rã	3	0.2956	2.4707
666	rü	3	0.2956	2.4707
666	tâ	3	0.2956	2.4707
666	wá	3	0.2956	2.4707
666	xm	3	0.2956	2.4707
666	y'	3	0.2956	2.4707
666	zp	3	0.2956	2.4707
666	zü	3	0.2956	2.4707
666	á-	3	0.2956	2.4707
666	ã$	3	0.2956	2.4707
666	än	3	0.2956	2.4707
666	èm	3	0.2956	2.4707
666	êm	3	0.2956	2.4707
666	ë$	3	0.2956	2.4707
666	ël	3	0.2956	2.4707
666	íí	3	0.2956	2.4707
666	ît	3	0.2956	2.4707
666	õe	3	0.2956	2.4707
666	ör	3	0.2956	2.4707
666	оh	3	0.2956	2.4707
667	^ƒ	2	0.1971	2.2947
667	bg	2	0.1971	2.2947
667	bq	2	0.1971	2.2947
667	bw	2	0.1971	2.2947
667	bè	2	0.1971	2.2947
667	eç	2	0.1971	2.2947
667	fc	2	0.1971	2.2947
667	gc	2	0.1971	2.2947
667	gä	2	0.1971	2.2947
667	gè	2	0.1971	2.2947
667	hp	2	0.1971	2.2947
667	hz	2	0.1971	2.2947
667	iç	2	0.1971	2.2947
667	jh	2	0.1971	2.2947
667	jk	2	0.1971	2.2947
667	jv	2	0.1971	2.2947
667	kx	2	0.1971	2.2947
667	là	2	0.1971	2.2947
667	lä	2	0.1971	2.2947
667	lê	2	0.1971	2.2947
667	lñ	2	0.1971	2.2947
667	mñ	2	0.1971	2.2947
667	mõ	2	0.1971	2.2947
667	oï	2	0.1971	2.2947
667	pw	2	0.1971	2.2947
667	sè	2	0.1971	2.2947
667	tx	2	0.1971	2.2947
667	uç	2	0.1971	2.2947
667	wg	2	0.1971	2.2947
667	wö	2	0.1971	2.2947
667	yú	2	0.1971	2.2947
667	zí	2	0.1971	2.2947
667	ºe	2	0.1971	2.2947
667	às	2	0.1971	2.2947
667	á'	2	0.1971	2.2947
667	ák	2	0.1971	2.2947
667	áw	2	0.1971	2.2947
667	áá	2	0.1971	2.2947
667	ãn	2	0.1971	2.2947
667	är	2	0.1971	2.2947
667	äs	2	0.1971	2.2947
667	è$	2	0.1971	2.2947
667	èq	2	0.1971	2.2947
667	êe	2	0.1971	2.2947
667	ês	2	0.1971	2.2947
667	ën	2	0.1971	2.2947
667	ët	2	0.1971	2.2947
667	ìa	2	0.1971	2.2947
667	ìt	2	0.1971	2.2947
667	í-	2	0.1971	2.2947
667	íï	2	0.1971	2.2947
667	în	2	0.1971	2.2947
667	ït	2	0.1971	2.2947
667	ñ$	2	0.1971	2.2947
667	ók	2	0.1971	2.2947
667	öb	2	0.1971	2.2947
667	öt	2	0.1971	2.2947
667	üb	2	0.1971	2.2947
667	üg	2	0.1971	2.2947
667	ƒ$	2	0.1971	2.2947
668	'f	1	0.0985	1.9934
668	'k	1	0.0985	1.9934
668	'l	1	0.0985	1.9934
668	'x	1	0.0985	1.9934
668	'é	1	0.0985	1.9934
668	-á	1	0.0985	1.9934
668	^ã	1	0.0985	1.9934
668	^ë	1	0.0985	1.9934
668	^ö	1	0.0985	1.9934
668	^ü	1	0.0985	1.9934
668	^а	1	0.0985	1.9934
668	^т	1	0.0985	1.9934
668	aò	1	0.0985	1.9934
668	b'	1	0.0985	1.9934
668	cç	1	0.0985	1.9934
668	cì	1	0.0985	1.9934
668	dâ	1	0.0985	1.9934
668	dç	1	0.0985	1.9934
668	dì	1	0.0985	1.9934
668	dô	1	0.0985	1.9934
668	dö	1	0.0985	1.9934
668	eë	1	0.0985	1.9934
668	f'	1	0.0985	1.9934
668	fê	1	0.0985	1.9934
668	fõ	1	0.0985	1.9934
668	gã	1	0.0985	1.9934
668	gö	1	0.0985	1.9934
668	hq	1	0.0985	1.9934
668	hã	1	0.0985	1.9934
668	iê	1	0.0985	1.9934
668	iò	1	0.0985	1.9934
668	iù	1	0.0985	1.9934
668	jf	1	0.0985	1.9934
668	jt	1	0.0985	1.9934
668	jà	1	0.0985	1.9934
668	kq	1	0.0985	1.9934
668	kò	1	0.0985	1.9934
668	kú	1	0.0985	1.9934
668	kü	1	0.0985	1.9934
668	lè	1	0.0985	1.9934
668	lò	1	0.0985	1.9934
668	mx	1	0.0985	1.9934
668	mô	1	0.0985	1.9934
668	nô	1	0.0985	1.9934
668	oî	1	0.0985	1.9934
668	pq	1	0.0985	1.9934
668	pì	1	0.0985	1.9934
668	qh	1	0.0985	1.9934
668	qn	1	0.0985	1.9934
668	qé	1	0.0985	1.9934
668	rä	1	0.0985	1.9934
668	rç	1	0.0985	1.9934
668	sì	1	0.0985	1.9934
668	sø	1	0.0985	1.9934
668	tq	1	0.0985	1.9934
668	tè	1	0.0985	1.9934
668	tê	1	0.0985	1.9934
668	uè	1	0.0985	1.9934
668	uú	1	0.0985	1.9934
668	vm	1	0.0985	1.9934
668	vw	1	0.0985	1.9934
668	vö	1	0.0985	1.9934
668	w-	1	0.0985	1.9934
668	wp	1	0.0985	1.9934
668	wä	1	0.0985	1.9934
668	xg	1	0.0985	1.9934
668	xw	1	0.0985	1.9934
668	xè	1	0.0985	1.9934
668	yx	1	0.0985	1.9934
668	yá	1	0.0985	1.9934
668	zf	1	0.0985	1.9934
668	ºa	1	0.0985	1.9934
668	ß$	1	0.0985	1.9934
668	áy	1	0.0985	1.9934
668	áí	1	0.0985	1.9934
668	â$	1	0.0985	1.9934
668	âm	1	0.0985	1.9934
668	äf	1	0.0985	1.9934
668	äl	1	0.0985	1.9934
668	äu	1	0.0985	1.9934
668	çó	1	0.0985	1.9934
668	èb	1	0.0985	1.9934
668	èd	1	0.0985	1.9934
668	èl	1	0.0985	1.9934
668	éh	1	0.0985	1.9934
668	ê-	1	0.0985	1.9934
668	êp	1	0.0985	1.9934
668	êu	1	0.0985	1.9934
668	êv	1	0.0985	1.9934
668	ëv	1	0.0985	1.9934
668	ï$	1	0.0985	1.9934
668	ïc	1	0.0985	1.9934
668	ïm	1	0.0985	1.9934
668	ñc	1	0.0985	1.9934
668	ñs	1	0.0985	1.9934
668	ññ	1	0.0985	1.9934
668	ò'	1	0.0985	1.9934
668	òo	1	0.0985	1.9934
668	ó'	1	0.0985	1.9934
668	óé	1	0.0985	1.9934
668	ôq	1	0.0985	1.9934
668	ö$	1	0.0985	1.9934
668	ök	1	0.0985	1.9934
668	öv	1	0.0985	1.9934
668	öß	1	0.0985	1.9934
668	ø$	1	0.0985	1.9934
668	ù$	1	0.0985	1.9934
668	ú-	1	0.0985	1.9934
668	új	1	0.0985	1.9934
668	üa	1	0.0985	1.9934
668	üd	1	0.0985	1.9934
668	ül	1	0.0985	1.9934
668	аh	1	0.0985	1.9934
668	аn	1	0.0985	1.9934
668	та	1	0.0985	1.9934
