Rank	Bigram	Frequency	Frequency per million	Zipf value
1	n$	43768858	34799.5053	7.5416
2	ch	35749718	28423.6911	7.4537
3	en	32838091	26108.7306	7.4168
4	e$	31819869	25299.1682	7.4031
5	t$	30698783	24407.8212	7.3875
6	er	28578922	22722.3737	7.3565
7	^d	28217308	22434.8636	7.3509
8	r$	27201596	21627.2968	7.335
9	^s	21673641	17232.1605	7.2363
10	s$	21195401	16851.924	7.2266
11	ei	20004056	15904.7159	7.2015
12	in	19755211	15706.8656	7.1961
13	ic	19718714	15677.8478	7.1953
14	^w	19065159	15158.2228	7.1806
15	^i	18995160	15102.5684	7.1791
16	ie	18892294	15020.7822	7.1767
17	h$	18011885	14320.7915	7.156
18	^e	14713458	11698.2961	7.0681
19	st	14532926	11554.7597	7.0628
20	de	13869532	11027.312	7.0425
21	te	13482850	10719.871	7.0302
22	^m	13428395	10676.5752	7.0284
23	ge	13159906	10463.1064	7.0197
24	^a	11980678	9525.5322	6.9789
25	as	11129347	8848.6606	6.9469
26	^h	11080206	8809.5899	6.945
27	ne	10943534	8700.9254	6.9396
28	es	10487411	8338.2736	6.9211
29	be	10469738	8324.2223	6.9203
30	^n	10258901	8156.5911	6.9115
31	an	9864412	7842.943	6.8945
32	^g	9790259	7783.9858	6.8912
33	da	9530933	7577.8023	6.8795
34	si	9256321	7359.4653	6.8668
35	nd	9238324	7345.1563	6.866
36	un	8965557	7128.2862	6.853
37	he	8922039	7093.6862	6.8509
38	ht	8690865	6909.8856	6.8395
39	^b	8143206	6474.4559	6.8112
40	is	7802245	6203.3665	6.7926
41	se	7768418	6176.4715	6.7907
42	re	7764035	6172.9867	6.7905
43	d$	7523512	5981.753	6.7768
44	ha	7452795	5925.5277	6.7727
45	di	7437685	5913.5141	6.7718
46	au	7371141	5860.6067	6.7679
47	le	7232498	5750.3751	6.7597
48	wi	7128686	5667.8368	6.7534
49	^k	7097866	5643.3327	6.7515
50	sc	6926117	5506.7794	6.7409
51	u$	6877232	5467.9122	6.7378
52	ir	6514131	5179.2198	6.7143
53	ni	6098269	4848.5785	6.6856
54	^u	6059526	4817.7749	6.6828
55	wa	6048880	4809.3106	6.6821
56	ll	5941363	4723.8265	6.6743
57	^v	5906876	4696.4068	6.6718
58	m$	5903403	4693.6455	6.6715
59	al	5843943	4646.3704	6.6671
60	me	5797054	4609.0901	6.6636
61	we	5671903	4509.5858	6.6541
62	mi	5617325	4466.1922	6.6499
63	ss	5611566	4461.6133	6.6495
64	ar	5461248	4342.0993	6.6377
65	nn	5374804	4273.3699	6.6308
66	it	5133810	4081.7617	6.6108
67	^f	5130730	4079.3129	6.6106
68	el	4943837	3930.719	6.5945
69	ab	4842075	3849.8106	6.5854
70	eh	4803707	3819.3052	6.582
71	du	4737743	3766.8589	6.576
72	^z	4710803	3745.4396	6.5735
73	ng	4691610	3730.1797	6.5717
74	ma	4614873	3669.1681	6.5646
75	l$	4558351	3624.2289	6.5592
76	^l	4506884	3583.3088	6.5543
77	li	4183496	3326.1912	6.5219
78	ra	4145451	3295.9426	6.518
79	hr	4086971	3249.4466	6.5118
80	g$	3989912	3172.2775	6.5014
81	on	3942195	3134.3389	6.4961
82	^j	3832745	3047.318	6.4839
83	et	3786046	3010.1888	6.4786
84	zu	3746798	2978.9838	6.4741
85	a$	3705740	2946.3396	6.4693
86	^t	3652491	2904.0027	6.463
87	us	3604432	2865.7922	6.4572
88	ac	3568079	2836.8888	6.4528
89	so	3560247	2830.6618	6.4519
90	la	3472891	2761.2073	6.4411
91	nt	3387998	2693.711	6.4304
92	or	3365020	2675.4418	6.4274
93	at	3363488	2674.2237	6.4272
94	ke	3330701	2648.1556	6.4229
95	ns	3307251	2629.5111	6.4199
96	rt	3242459	2577.9966	6.4113
97	ve	3157962	2510.8152	6.3998
98	ri	3117629	2478.7475	6.3942
99	o$	2999592	2384.8993	6.3775
100	^r	2976233	2366.3271	6.3741
101	em	2960340	2353.691	6.3717
102	ih	2959863	2353.3118	6.3717
103	mm	2956214	2350.4105	6.3711
104	rd	2930578	2330.028	6.3674
105	hi	2880685	2290.3593	6.3599
106	ut	2851491	2267.1479	6.3555
107	ig	2769966	2202.3295	6.3429
108	rs	2769778	2202.18	6.3429
109	ol	2745992	2183.2684	6.3391
110	ur	2678497	2129.6048	6.3283
111	uf	2657173	2112.6506	6.3248
112	na	2615865	2079.8077	6.318
113	ag	2544068	2022.7237	6.3059
114	tt	2509574	1995.2984	6.3
115	bi	2508762	1994.6528	6.2999
116	fe	2504298	1991.1036	6.2991
117	lt	2498234	1986.2823	6.298
118	^p	2429067	1931.2894	6.2858
119	ti	2415044	1920.14	6.2833
120	^o	2405991	1912.9422	6.2817
121	vo	2403608	1911.0476	6.2813
122	il	2370872	1885.02	6.2753
123	sa	2320792	1845.2027	6.266
124	um	2219248	1764.4676	6.2466
125	ka	2186347	1738.3089	6.2401
126	hn	2175190	1729.4382	6.2379
127	f$	2162606	1719.433	6.2354
128	am	2158383	1716.0754	6.2345
129	uc	2146861	1706.9146	6.2322
130	eu	2118176	1684.1078	6.2264
131	ko	2043026	1624.358	6.2107
132	om	2038776	1620.9789	6.2098
133	ür	2031949	1615.5509	6.2083
134	ck	2026045	1610.8568	6.2071
135	ta	2008169	1596.6441	6.2032
136	ja	2003563	1592.982	6.2022
137	eg	1999428	1589.6943	6.2013
138	oc	1995925	1586.9092	6.2006
139	wo	1955537	1554.7977	6.1917
140	im	1935829	1539.1284	6.1873
141	ze	1930806	1535.1347	6.1861
142	eb	1913112	1521.0667	6.1821
143	tz	1860793	1479.4692	6.1701
144	ru	1841687	1464.2785	6.1656
145	hl	1830938	1455.7322	6.1631
146	ls	1809372	1438.5856	6.1579
147	ed	1742727	1385.5979	6.1416
148	nu	1696039	1348.4775	6.1298
149	tr	1652773	1314.0778	6.1186
150	ro	1649243	1311.2711	6.1177
151	fü	1644098	1307.1805	6.1163
152	nk	1596430	1269.2809	6.1036
153	y$	1593583	1267.0173	6.1028
154	ho	1575319	1252.4961	6.0978
155	k$	1570102	1248.3481	6.0963
156	fa	1560870	1241.008	6.0938
157	i$	1547573	1230.4359	6.0901
158	fr	1497112	1190.3157	6.0757
159	lo	1465625	1165.2811	6.0664
160	ah	1420872	1129.6992	6.053
161	ts	1418555	1127.857	6.0523
162	rn	1387051	1102.809	6.0425
163	br	1386541	1102.4035	6.0423
164	je	1363886	1084.3911	6.0352
165	to	1344529	1069.0008	6.029
166	sp	1337561	1063.4607	6.0267
167	no	1295269	1029.8354	6.0128
168	tu	1295240	1029.8124	6.0128
169	oh	1286077	1022.5271	6.0097
170	gt	1280117	1017.7885	6.0077
171	kl	1263090	1004.2507	6.0018
172	rg	1259231	1001.1825	6.0005
173	ec	1228831	977.0123	5.9899
174	gu	1225982	974.7471	5.9889
175	ga	1208255	960.6528	5.9826
176	pa	1191723	947.5086	5.9766
177	mu	1168464	929.016	5.968
178	b$	1167836	928.5167	5.9678
179	^c	1155757	918.913	5.9633
180	vi	1125937	895.2039	5.9519
181	ff	1113148	885.0357	5.947
182	ef	1094354	870.093	5.9396
183	iß	1088612	865.5277	5.9373
184	rl	1080617	859.1711	5.9341
185	os	1079906	858.6058	5.9338
186	zt	1073797	853.7487	5.9313
187	pr	1069461	850.3012	5.9296
188	do	1059555	842.4252	5.9255
189	id	1035015	822.9141	5.9154
190	gl	1033560	821.7573	5.9147
191	ot	1013234	805.5966	5.9061
192	ön	1007368	800.9327	5.9036
193	üb	992580	789.1751	5.8972
194	hm	989970	787.1	5.896
195	hö	982450	781.121	5.8927
196	kt	981434	780.3132	5.8923
197	ft	972657	773.3348	5.8884
198	rü	962569	765.3141	5.8838
199	pe	956224	760.2694	5.881
200	rk	942219	749.1344	5.8746
201	ba	941702	748.7233	5.8743
202	nz	935533	743.8185	5.8715
203	bl	931608	740.6978	5.8696
204	rb	914628	727.1975	5.8617
205	dr	906499	720.7343	5.8578
206	ue	903777	718.5701	5.8565
207	gi	898597	714.4516	5.854
208	mo	897622	713.6764	5.8535
209	gr	893797	710.6353	5.8516
210	ld	892081	709.2709	5.8508
211	ad	855785	680.4129	5.8328
212	ß$	843343	670.5206	5.8264
213	af	839878	667.7656	5.8246
214	ib	833469	662.67	5.8213
215	ör	827959	658.2891	5.8184
216	hu	821770	653.3684	5.8152
217	rr	820766	652.5702	5.8146
218	üc	794861	631.9738	5.8007
219	od	784178	623.48	5.7948
220	zi	779613	619.8505	5.7923
221	^ü	767846	610.4948	5.7857
222	bt	767595	610.2953	5.7855
223	kö	767247	610.0186	5.7853
224	z$	752632	598.3986	5.777
225	gs	745328	592.5913	5.7728
226	lu	742512	590.3524	5.7711
227	fi	739192	587.7128	5.7692
228	ße	738685	587.3096	5.7689
229	hs	721280	573.4714	5.7585
230	ew	717243	570.2617	5.7561
231	ek	714183	567.8287	5.7542
232	hä	712571	566.5471	5.7532
233	ul	701498	557.7432	5.7464
234	mt	700453	556.9124	5.7458
235	ob	695076	552.6372	5.7424
236	rz	691015	549.4084	5.7399
237	su	685977	545.4029	5.7367
238	ug	678152	539.1814	5.7317
239	rm	678078	539.1226	5.7317
240	ub	673954	535.8437	5.729
241	nf	673502	535.4843	5.7287
242	tw	658586	523.625	5.719
243	io	651660	518.1183	5.7144
244	ät	650738	517.3852	5.7138
245	rf	619580	492.6123	5.6925
246	än	618719	491.9277	5.6919
247	ok	618141	491.4682	5.6915
248	pi	616200	489.9249	5.6901
249	wu	602438	478.9831	5.6803
250	är	594442	472.6257	5.6745
251	hw	590796	469.7269	5.6718
252	kr	579763	460.9548	5.6637
253	fo	566394	450.3255	5.6535
254	äh	551892	438.7953	5.6423
255	rh	546618	434.6021	5.6381
256	pf	534617	425.0604	5.6285
257	bs	526117	418.3022	5.6215
258	of	525564	417.8626	5.621
259	wü	511642	406.7935	5.6094
260	ki	511342	406.555	5.6091
261	wä	510182	405.6327	5.6081
262	ee	509457	405.0563	5.6075
263	fl	507906	403.8231	5.6062
264	üh	503460	400.2882	5.6024
265	's	502075	399.1871	5.6012
266	üs	500088	397.6072	5.5995
267	th	499970	397.5134	5.5994
268	bo	465055	369.7534	5.5679
269	ik	459179	365.0815	5.5624
270	mp	449461	357.355	5.5531
271	rc	449080	357.0521	5.5527
272	ku	444266	353.2246	5.5481
273	op	436103	346.7344	5.54
274	lä	435559	346.3019	5.5395
275	tl	432875	344.1679	5.5368
276	ey	431770	343.2893	5.5357
277	lb	430758	342.4847	5.5346
278	ap	423008	336.3229	5.5268
279	zw	419156	333.2603	5.5228
280	if	416791	331.3799	5.5203
281	ea	415951	330.7121	5.5195
282	mü	413383	328.6703	5.5168
283	go	406421	323.135	5.5094
284	uh	404189	321.3604	5.507
285	co	397457	316.0079	5.4997
286	ay	396998	315.643	5.4992
287	po	394404	313.5806	5.4963
288	lf	393371	312.7593	5.4952
289	ßt	375426	298.4917	5.4749
290	rä	371676	295.5101	5.4706
291	sh	367969	292.5628	5.4662
292	rw	364056	289.4517	5.4616
293	ia	358932	285.3777	5.4554
294	mö	357292	284.0738	5.4534
295	va	355624	282.7476	5.4514
296	bu	353908	281.3832	5.4493
297	ju	352308	280.1111	5.4473
298	tü	347324	276.1485	5.4411
299	pp	344579	273.966	5.4377
300	ca	340630	270.8262	5.4327
301	pl	339281	269.7537	5.431
302	og	338857	269.4166	5.4304
303	ak	338179	268.8775	5.4296
304	fu	319458	253.9929	5.4048
305	tä	316274	251.4614	5.4005
306	lü	308694	245.4347	5.3899
307	ai	306410	243.6188	5.3867
308	fä	304509	242.1074	5.384
309	oß	293969	233.7273	5.3687
310	äu	292315	232.4122	5.3663
311	mä	290439	230.9207	5.3635
312	iz	282806	224.8519	5.3519
313	ün	279667	222.3561	5.347
314	äc	277768	220.8463	5.3441
315	ks	275548	219.0812	5.3406
316	up	273250	217.2541	5.337
317	av	272474	216.6371	5.3357
318	ud	272350	216.5386	5.3355
319	jo	269935	214.6185	5.3317
320	nc	268082	213.1452	5.3287
321	tö	267730	212.8653	5.3281
322	ms	267572	212.7397	5.3278
323	äl	265692	211.2449	5.3248
324	pt	263909	209.8273	5.3219
325	ou	258894	205.84	5.3135
326	nl	256708	204.102	5.3098
327	ez	256067	203.5924	5.3088
328	ln	253736	201.739	5.3048
329	ex	249563	198.4212	5.2976
330	aa	248773	197.7931	5.2962
331	iv	242014	192.4192	5.2842
332	ce	240682	191.3601	5.2819
333	nh	238530	189.6491	5.278
334	ep	237557	188.8755	5.2762
335	pu	237477	188.8119	5.276
336	ev	234693	186.5984	5.2709
337	mr	234024	186.0665	5.2697
338	oo	233238	185.4416	5.2682
339	za	230050	182.9069	5.2622
340	ow	229574	182.5284	5.2613
341	sg	228381	181.5799	5.2591
342	öt	226619	180.179	5.2557
343	nb	222332	176.7705	5.2474
344	sk	220927	175.6534	5.2447
345	uß	218276	173.5457	5.2394
346	öc	216164	171.8665	5.2352
347	lc	212993	169.3453	5.2288
348	t'	208313	165.6244	5.2191
349	^ä	204702	162.7534	5.2115
350	gn	203907	162.1213	5.2098
351	hü	202891	161.3135	5.2077
352	dl	199587	158.6865	5.2005
353	ty	198109	157.5114	5.1973
354	üt	197942	157.3786	5.1969
355	p$	193857	154.1308	5.1879
356	nä	193216	153.6211	5.1865
357	ry	192384	152.9596	5.1846
358	äs	189040	150.3009	5.177
359	fs	182552	145.1425	5.1618
360	dw	181638	144.4158	5.1596
361	eß	180647	143.6278	5.1572
362	kü	175972	139.9109	5.1459
363	aß	175202	139.2987	5.1439
364	rp	174327	138.603	5.1418
365	zä	173657	138.0703	5.1401
366	äd	170503	135.5626	5.1321
367	ph	167858	133.4596	5.1253
368	^'	167805	133.4175	5.1252
369	dn	167269	132.9913	5.1238
370	qu	166219	132.1565	5.1211
371	lg	165912	131.9124	5.1203
372	dy	165004	131.1905	5.1179
373	ds	164597	130.8669	5.1168
374	'n	164191	130.5441	5.1158
375	ös	163959	130.3596	5.1151
376	nm	163952	130.3541	5.1151
377	ög	162412	129.1296	5.111
378	üg	162388	129.1106	5.111
379	fg	154832	123.103	5.0903
380	lö	154256	122.645	5.0886
381	w$	150826	119.9179	5.0789
382	lk	150772	119.875	5.0787
383	ly	150658	119.7843	5.0784
384	nr	150034	119.2882	5.0766
385	nw	148831	118.3317	5.0731
386	sl	147137	116.9849	5.0681
387	lm	145299	115.5235	5.0627
388	mb	143427	114.0352	5.057
389	eo	142500	113.2981	5.0542
390	ip	141944	112.8561	5.0525
391	kn	141710	112.67	5.0518
392	az	140675	111.8471	5.0486
393	pä	139811	111.1602	5.0459
394	by	139686	111.0608	5.0456
395	rv	139582	110.9781	5.0452
396	äm	137970	109.6964	5.0402
397	^y	135912	108.0602	5.0337
398	ml	135442	107.6865	5.0322
399	x$	133588	106.2124	5.0262
400	sm	133155	105.8682	5.0248
401	dt	130546	103.7938	5.0162
402	dc	129968	103.3342	5.0142
403	ys	129684	103.1084	5.0133
404	ui	127665	101.5032	5.0065
405	sw	126732	100.7614	5.0033
406	äf	125607	99.8669	4.9994
407	ua	119890	95.3215	4.9792
408	uk	119345	94.8882	4.9772
409	bg	118963	94.5845	4.9758
410	bü	118229	94.0009	4.9731
411	zo	115463	91.8017	4.9629
412	rö	113601	90.3213	4.9558
413	cl	112781	89.6693	4.9526
414	sz	112582	89.5111	4.9519
415	ny	110003	87.4606	4.9418
416	ps	109659	87.1871	4.9405
417	kä	108460	86.2338	4.9357
418	tm	108024	85.8871	4.9339
419	öh	107410	85.399	4.9315
420	ov	106603	84.7573	4.9282
421	äg	106512	84.685	4.9278
422	tg	105706	84.0442	4.9245
423	sb	103629	82.3928	4.9159
424	gk	103207	82.0573	4.9141
425	sü	102987	81.8823	4.9132
426	sy	102541	81.5277	4.9113
427	yp	102042	81.131	4.9092
428	fn	101883	81.0046	4.9085
429	öl	100943	80.2572	4.9045
430	tf	100106	79.5917	4.9009
431	lz	97555	77.5635	4.8897
432	sf	96152	76.448	4.8834
433	ci	95822	76.1856	4.8819
434	^q	94832	75.3985	4.8774
435	gg	92783	73.7694	4.8679
436	tb	91398	72.6682	4.8613
437	gh	90946	72.3089	4.8592
438	lh	90112	71.6458	4.8552
439	yo	89736	71.3468	4.8534
440	dd	89687	71.3079	4.8531
441	n-	89499	71.1584	4.8522
442	üß	89419	71.0948	4.8518
443	tn	89329	71.0232	4.8514
444	-s	87840	69.8393	4.8441
445	oi	87795	69.8036	4.8439
446	my	85562	68.0282	4.8327
447	üm	84904	67.505	4.8293
448	öf	84865	67.474	4.8291
449	ül	84057	66.8316	4.825
450	nü	83373	66.2878	4.8214
451	c$	82247	65.3925	4.8155
452	v$	81759	65.0045	4.8129
453	'$	81704	64.9608	4.8127
454	wö	81402	64.7207	4.811
455	nv	80654	64.1259	4.807
456	hk	80078	63.668	4.8039
457	bb	77344	61.4942	4.7888
458	zl	77328	61.4815	4.7887
459	tk	76829	61.0848	4.7859
460	oe	76548	60.8614	4.7843
461	e-	73576	58.4984	4.7671
462	cr	73471	58.4149	4.7665
463	ya	73396	58.3553	4.7661
464	r'	73206	58.2042	4.765
465	sä	72697	57.7995	4.7619
466	uz	72601	57.7232	4.7614
467	oz	72250	57.4441	4.7592
468	mg	69939	55.6067	4.7451
469	xi	69238	55.0494	4.7408
470	dü	69122	54.9571	4.74
471	hg	68301	54.3044	4.7348
472	oa	68180	54.2082	4.7341
473	^ö	68039	54.0961	4.7332
474	yl	67494	53.6628	4.7297
475	hf	66963	53.2406	4.7262
476	sr	66665	53.0036	4.7243
477	hz	66511	52.8812	4.7233
478	fz	65278	51.9009	4.7152
479	vö	64934	51.6274	4.7129
480	r-	64872	51.5781	4.7125
481	iu	64670	51.4175	4.7111
482	ax	63579	50.55	4.7037
483	aw	63561	50.5357	4.7036
484	ye	62931	50.0348	4.6993
485	n'	62648	49.8098	4.6973
486	öd	62398	49.6111	4.6956
487	oy	62064	49.3455	4.6932
488	fh	61967	49.2684	4.6926
489	aj	61486	48.886	4.6892
490	ct	59737	47.4954	4.6767
491	üd	59152	47.0303	4.6724
492	öß	58896	46.8267	4.6705
493	b'	58826	46.7711	4.67
494	bä	57350	45.5975	4.6589
495	ji	56868	45.2143	4.6553
496	tv	55638	44.2364	4.6458
497	ae	54570	43.3872	4.6374
498	hy	54379	43.2354	4.6358
499	s-	54132	43.039	4.6339
500	yn	53993	42.9285	4.6327
501	dä	53546	42.5731	4.6291
502	nö	52644	41.8559	4.6218
503	tc	52632	41.8464	4.6217
504	-b	52496	41.7382	4.6205
505	lv	51653	41.068	4.6135
506	lp	51259	40.7547	4.6102
507	hb	50977	40.5305	4.6078
508	üf	50906	40.4741	4.6072
509	hd	50083	39.8197	4.6001
510	ky	49789	39.586	4.5975
511	bö	49319	39.2123	4.5934
512	-m	49258	39.1638	4.5929
513	bh	48899	38.8784	4.5897
514	bw	47300	37.607	4.5753
515	hh	47110	37.456	4.5735
516	sv	46724	37.1491	4.5699
517	wh	46298	36.8104	4.566
518	h'	45872	36.4717	4.562
519	a-	45718	36.3492	4.5605
520	td	45419	36.1115	4.5576
521	cu	45080	35.842	4.5544
522	kk	45055	35.8221	4.5542
523	zü	44867	35.6726	4.5523
524	t-	44438	35.3315	4.5482
525	gä	44150	35.1025	4.5453
526	kw	44092	35.0564	4.5448
527	fb	44044	35.0183	4.5443
528	md	43901	34.9046	4.5429
529	kg	43772	34.802	4.5416
530	kz	43138	34.2979	4.5353
531	sö	42265	33.6038	4.5264
532	-a	42095	33.4687	4.5246
533	xt	42007	33.3987	4.5237
534	dg	41088	32.668	4.5141
535	tj	40658	32.3261	4.5096
536	-k	40641	32.3126	4.5094
537	-t	40295	32.0375	4.5057
538	sd	39641	31.5176	4.4986
539	mn	39545	31.4412	4.4975
540	np	39324	31.2655	4.4951
541	pü	39143	31.1216	4.4931
542	xe	38718	30.7837	4.4883
543	dh	38573	30.6684	4.4867
544	-f	38475	30.5905	4.4856
545	gü	37334	29.6833	4.4725
546	ym	36808	29.2651	4.4664
547	xp	36625	29.1196	4.4642
548	uv	36341	28.8938	4.4608
549	kh	35846	28.5002	4.4548
550	i-	35322	28.0836	4.4485
551	-p	35192	27.9803	4.4469
552	mk	35171	27.9636	4.4466
553	o-	34579	27.4929	4.4392
554	tp	34483	27.4166	4.438
555	sn	34443	27.3848	4.4375
556	cy	34408	27.3569	4.4371
557	ix	34253	27.2337	4.4351
558	ßa	33653	26.7566	4.4274
559	dm	33033	26.2637	4.4194
560	gz	32988	26.2279	4.4188
561	ox	32953	26.2001	4.4183
562	l-	32936	26.1866	4.4181
563	ao	32783	26.0649	4.4161
564	fm	32742	26.0323	4.4155
565	-h	32360	25.7286	4.4104
566	ii	32323	25.6992	4.4099
567	zz	32059	25.4893	4.4064
568	zd	31783	25.2699	4.4026
569	bz	31782	25.2691	4.4026
570	mc	31564	25.0957	4.3996
571	kb	31525	25.0647	4.3991
572	e'	31521	25.0615	4.399
573	mh	30443	24.2045	4.3839
574	öp	30429	24.1933	4.3837
575	wn	30427	24.1917	4.3837
576	-d	29957	23.818	4.3769
577	yc	29690	23.6058	4.373
578	bn	29533	23.4809	4.3707
579	gw	29270	23.2718	4.3668
580	jä	29084	23.1239	4.3641
581	-g	27937	22.212	4.3466
582	mz	27913	22.1929	4.3462
583	nj	27547	21.9019	4.3405
584	u'	25910	20.6004	4.3139
585	oj	25651	20.3945	4.3095
586	yd	25557	20.3197	4.3079
587	cc	25066	19.9293	4.2995
588	eq	24981	19.8618	4.298
589	db	24782	19.7035	4.2945
590	g'	24689	19.6296	4.2929
591	gö	24645	19.5946	4.2921
592	d-	24582	19.5445	4.291
593	rj	24073	19.1398	4.2819
594	-l	24041	19.1144	4.2814
595	h-	23964	19.0532	4.28
596	m-	23675	18.8234	4.2747
597	d'	23620	18.7797	4.2737
598	-c	23571	18.7407	4.2728
599	fw	23465	18.6564	4.2708
600	yr	23194	18.441	4.2658
601	-r	23168	18.4203	4.2653
602	-e	22888	18.1977	4.26
603	xa	22435	17.8375	4.2513
604	-w	22304	17.7333	4.2488
605	ws	21929	17.4352	4.2414
606	gf	21673	17.2317	4.2363
607	ej	21521	17.1108	4.2333
608	y-	21258	16.9017	4.2279
609	uw	20891	16.6099	4.2204
610	ßi	20747	16.4954	4.2174
611	gb	20677	16.4398	4.2159
612	fp	20420	16.2354	4.2105
612	zö	20420	16.2354	4.2105
613	bd	20361	16.1885	4.2092
614	g-	20215	16.0724	4.2061
615	äß	20074	15.9603	4.203
616	fc	19935	15.8498	4.2
617	äb	19871	15.7989	4.1986
618	df	19690	15.655	4.1947
619	dj	19267	15.3187	4.1852
620	j$	19221	15.2821	4.1842
621	mw	19182	15.2511	4.1833
622	'a	19072	15.1637	4.1808
623	ßl	18913	15.0372	4.1772
624	a'	18566	14.7614	4.1691
625	km	18513	14.7192	4.1679
626	l'	18421	14.6461	4.1657
627	zc	18306	14.5546	4.163
628	gd	18099	14.3901	4.1581
629	lr	18041	14.3439	4.1567
630	lw	17894	14.2271	4.1531
631	u-	17570	13.9695	4.1452
632	gy	17261	13.7238	4.1375
633	mf	17259	13.7222	4.1374
634	py	17147	13.6331	4.1346
635	bf	16812	13.3668	4.126
636	yt	16590	13.1903	4.1203
637	fö	16432	13.0647	4.1161
638	k-	16380	13.0233	4.1147
639	zb	16280	12.9438	4.1121
640	dk	16241	12.9128	4.111
641	yu	15921	12.6584	4.1024
642	fk	15717	12.4962	4.0968
643	vu	15593	12.3976	4.0933
644	^x	15587	12.3928	4.0932
645	zy	15429	12.2672	4.0887
646	xu	15367	12.2179	4.087
647	iw	15317	12.1782	4.0856
648	jü	15144	12.0406	4.0806
649	s'	15131	12.0303	4.0803
650	-n	14947	11.884	4.075
651	zs	14741	11.7202	4.0689
652	eä	14641	11.6407	4.066
653	o'	14568	11.5826	4.0638
654	é$	14516	11.5413	4.0623
655	yb	14357	11.4149	4.0575
656	-v	13869	11.0269	4.0425
657	-i	13820	10.9879	4.0409
658	x-	13128	10.4377	4.0186
659	ux	12950	10.2962	4.0127
660	gm	12760	10.1452	4.0063
661	üp	12622	10.0354	4.0015
662	ßv	12599	10.0171	4.0007
663	bk	12536	9.9671	3.9986
664	wl	12446	9.8955	3.9954
665	kf	12296	9.7762	3.9902
666	-u	12232	9.7254	3.9879
667	-o	12214	9.711	3.9873
668	wr	12175	9.68	3.9859
669	ßm	11611	9.2316	3.9653
670	-z	11399	9.0631	3.9573
671	bj	11356	9.0289	3.9556
672	't	11212	8.9144	3.9501
673	-j	11192	8.8985	3.9493
674	bc	11154	8.8683	3.9478
675	zh	10967	8.7196	3.9405
676	öm	10712	8.5168	3.9303
677	ßb	10673	8.4858	3.9287
678	p-	10617	8.4413	3.9264
679	dp	10392	8.2624	3.9171
680	uu	10309	8.1964	3.9136
681	zm	10269	8.1646	3.9119
682	zf	10185	8.0978	3.9084
683	bm	10149	8.0692	3.9068
684	uo	9848	7.8299	3.8938
685	zk	9834	7.8188	3.8931
686	rq	9817	7.8052	3.8924
687	cs	9485	7.5413	3.8774
688	ij	9287	7.3839	3.8683
689	dv	9282	7.3799	3.8681
690	i'	9226	7.3354	3.8654
691	yi	9106	7.2399	3.8597
692	yw	8972	7.1334	3.8533
693	iq	8892	7.0698	3.8494
694	xy	8774	6.976	3.8436
695	kp	8752	6.9585	3.8425
696	xo	8520	6.774	3.8308
697	äp	8295	6.5951	3.8192
698	öw	8289	6.5904	3.8189
699	f-	8023	6.3789	3.8047
700	ßk	7986	6.3495	3.8027
701	pc	7969	6.3359	3.8018
702	yk	7950	6.3208	3.8008
703	'm	7912	6.2906	3.7987
704	iö	7891	6.2739	3.7975
705	fd	7838	6.2318	3.7946
706	ßz	7778	6.1841	3.7913
707	ä$	7711	6.1308	3.7875
708	wy	7612	6.0521	3.7819
709	uj	7573	6.0211	3.7797
710	aq	7435	5.9114	3.7717
711	eö	7418	5.8979	3.7707
712	z-	7417	5.8971	3.7706
713	uy	7346	5.8406	3.7665
714	kc	7342	5.8374	3.7662
715	öb	7329	5.8271	3.7655
716	dz	7328	5.8263	3.7654
717	zp	7322	5.8215	3.765
718	sq	7137	5.6744	3.7539
719	zg	7068	5.6196	3.7497
720	xz	7066	5.618	3.7496
721	vy	7021	5.5822	3.7468
722	fy	6967	5.5393	3.7435
723	m'	6825	5.4264	3.7345
724	ño	6805	5.4105	3.7332
725	'r	6754	5.3699	3.73
726	wb	6743	5.3612	3.7293
727	cg	6711	5.3357	3.7272
728	lj	6668	5.3016	3.7244
729	gp	6603	5.2499	3.7202
730	eñ	6552	5.2093	3.7168
730	pn	6552	5.2093	3.7168
731	iy	6540	5.1998	3.716
732	f'	6377	5.0702	3.705
733	ßs	6340	5.0408	3.7025
734	uä	6288	4.9994	3.6989
735	b-	6139	4.881	3.6885
736	hv	6097	4.8476	3.6855
737	hp	6095	4.846	3.6854
738	vt	6049	4.8094	3.6821
739	ß-	5941	4.7235	3.6743
740	vs	5804	4.6146	3.6641
741	hc	5679	4.5152	3.6547
742	cd	5671	4.5089	3.6541
743	sj	5620	4.4683	3.6501
744	zv	5574	4.4317	3.6466
745	c-	5522	4.3904	3.6425
746	kv	5418	4.3077	3.6342
747	yg	5334	4.2409	3.6275
748	pd	5311	4.2226	3.6256
749	vr	5297	4.2115	3.6244
750	ßn	5259	4.1813	3.6213
751	yv	5235	4.1622	3.6193
752	ré	5169	4.1097	3.6138
753	k'	5108	4.0612	3.6087
754	y'	4969	3.9507	3.5967
755	cq	4954	3.9388	3.5954
756	wk	4931	3.9205	3.5933
757	vä	4834	3.8434	3.5847
758	cm	4816	3.8291	3.5831
759	zn	4774	3.7957	3.5793
760	'l	4684	3.7241	3.571
761	v-	4680	3.7209	3.5706
762	fv	4529	3.6009	3.5564
763	zr	4465	3.55	3.5502
764	w-	4337	3.4482	3.5376
765	q$	4156	3.3043	3.5191
766	fé	4147	3.2972	3.5181
767	ér	4135	3.2876	3.5169
768	wt	4059	3.2272	3.5088
769	tq	4053	3.2224	3.5082
770	pm	3994	3.1755	3.5018
771	ßg	3930	3.1246	3.4948
772	wj	3928	3.1231	3.4946
773	kd	3923	3.1191	3.494
774	nq	3843	3.0555	3.4851
775	dö	3814	3.0324	3.4818
776	lé	3747	2.9791	3.4741
777	iä	3711	2.9505	3.4699
778	ö$	3685	2.9298	3.4668
779	hj	3588	2.8527	3.4553
780	^â	3586	2.8511	3.455
781	hé	3563	2.8329	3.4522
782	ßf	3538	2.813	3.4492
783	'e	3470	2.7589	3.4407
784	wd	3426	2.7239	3.4352
785	pö	3398	2.7017	3.4316
786	'c	3356	2.6683	3.4262
787	ßc	3341	2.6563	3.4243
788	xk	3337	2.6532	3.4238
789	-y	3333	2.65	3.4232
790	'd	3307	2.6293	3.4198
791	ª$	3274	2.6031	3.4155
792	äe	3272	2.6015	3.4152
793	xf	3257	2.5896	3.4132
794	vl	3234	2.5713	3.4102
795	äi	3212	2.5538	3.4072
796	pk	3160	2.5124	3.4001
797	öv	3131	2.4894	3.3961
798	ée	3104	2.4679	3.3923
799	ßh	3103	2.4671	3.3922
800	'b	3061	2.4337	3.3863
801	^é	3013	2.3956	3.3794
802	yf	2970	2.3614	3.3732
803	cb	2967	2.359	3.3727
804	ßu	2922	2.3232	3.3661
805	äz	2898	2.3041	3.3625
806	âª	2857	2.2715	3.3563
807	ök	2842	2.2596	3.354
808	sé	2828	2.2485	3.3519
809	cä	2805	2.2302	3.3483
810	mé	2797	2.2238	3.3471
811	mv	2770	2.2024	3.3429
812	fj	2762	2.196	3.3416
813	ü$	2705	2.1507	3.3326
814	wm	2695	2.1427	3.331
815	'u	2682	2.1324	3.3289
815	à$	2682	2.1324	3.3289
816	él	2678	2.1292	3.3282
817	pb	2617	2.0807	3.3182
818	cn	2608	2.0736	3.3167
819	ßw	2580	2.0513	3.312
820	'h	2518	2.002	3.3015
821	gv	2477	1.9694	3.2943
822	té	2456	1.9527	3.2906
823	-q	2433	1.9344	3.2865
824	ßd	2373	1.8867	3.2757
825	qa	2355	1.8724	3.2724
826	'v	2353	1.8708	3.272
827	nx	2344	1.8637	3.2704
828	kj	2331	1.8533	3.2679
829	mj	2309	1.8358	3.2638
830	és	2293	1.8231	3.2608
831	ãr	2248	1.7873	3.2522
832	cp	2182	1.7349	3.2393
832	eü	2182	1.7349	3.2393
833	né	2160	1.7174	3.2349
834	xl	2158	1.7158	3.2345
835	nç	2151	1.7102	3.233
835	yj	2151	1.7102	3.233
836	ço	2118	1.684	3.2263
837	vd	2101	1.6705	3.2228
838	'i	2083	1.6561	3.2191
839	éa	2045	1.6259	3.2111
840	jr	1938	1.5409	3.1878
841	wf	1907	1.5162	3.1808
842	xc	1905	1.5146	3.1803
843	pg	1883	1.4971	3.1753
844	éc	1832	1.4566	3.1633
845	ßp	1828	1.4534	3.1624
846	ón	1813	1.4415	3.1588
847	äk	1799	1.4303	3.1554
848	xx	1742	1.385	3.1414
849	xs	1736	1.3802	3.1399
850	jö	1732	1.3771	3.139
851	én	1726	1.3723	3.1374
852	án	1711	1.3604	3.1337
853	gc	1704	1.3548	3.1319
854	dé	1689	1.3429	3.128
855	'w	1674	1.331	3.1242
856	bv	1671	1.3286	3.1234
857	'g	1654	1.3151	3.119
858	-ü	1648	1.3103	3.1174
859	yz	1641	1.3047	3.1155
860	z'	1606	1.2769	3.1062
861	bp	1599	1.2713	3.1042
861	yh	1599	1.2713	3.1042
862	ét	1596	1.2689	3.1034
863	'o	1591	1.265	3.1021
864	gé	1574	1.2514	3.0974
865	qi	1532	1.2181	3.0857
866	hq	1510	1.2006	3.0794
867	wg	1485	1.1807	3.0721
868	rx	1467	1.1664	3.0668
868	rè	1467	1.1664	3.0668
869	uq	1443	1.1473	3.0597
870	éo	1434	1.1401	3.0569
871	äo	1413	1.1234	3.0505
872	cz	1407	1.1187	3.0487
873	èr	1404	1.1163	3.0478
874	fã	1398	1.1115	3.0459
875	jj	1357	1.0789	3.033
876	x'	1354	1.0765	3.032
877	ém	1348	1.0718	3.0301
878	là	1342	1.067	3.0282
879	cf	1337	1.063	3.0265
880	jd	1329	1.0567	3.024
881	ãn	1315	1.0455	3.0193
882	jt	1299	1.0328	3.014
883	ès	1284	1.0209	3.009
884	xh	1261	1.0026	3.0011
885	cé	1228	0.9764	2.9896
886	oq	1210	0.962	2.9832
887	bé	1205	0.9581	2.9814
888	ña	1200	0.9541	2.9796
889	xb	1174	0.9334	2.9701
890	gj	1162	0.9239	2.9656
891	pé	1127	0.896	2.9523
892	hã	1120	0.8905	2.9496
893	wc	1113	0.8849	2.9469
894	ía	1110	0.8825	2.9457
895	'k	1109	0.8817	2.9453
896	ßr	1104	0.8778	2.9434
897	éd	1098	0.873	2.941
898	iè	1093	0.869	2.939
899	á$	1088	0.865	2.937
900	c'	1074	0.8539	2.9314
901	xw	1070	0.8507	2.9298
902	tá	1061	0.8436	2.9261
903	xm	1057	0.8404	2.9245
904	pj	1053	0.8372	2.9228
905	oé	1023	0.8134	2.9103
906	js	1021	0.8118	2.9094
907	éi	1019	0.8102	2.9086
908	öi	999	0.7943	2.9
909	rã	989	0.7863	2.8956
910	ãh	976	0.776	2.8899
911	ük	967	0.7688	2.8858
912	j-	956	0.7601	2.8809
913	ép	937	0.745	2.8722
913	éé	937	0.745	2.8722
914	^à	913	0.7259	2.8609
915	èn	909	0.7227	2.859
916	ué	902	0.7172	2.8556
917	í$	898	0.714	2.8537
918	aé	866	0.6885	2.8379
919	üa	864	0.6869	2.8369
920	^ã	858	0.6822	2.8339
921	'p	855	0.6798	2.8324
922	^á	850	0.6758	2.8298
923	-ä	845	0.6718	2.8272
924	ãÿ	838	0.6663	2.8237
925	j'	830	0.6599	2.8195
926	ãt	829	0.6591	2.819
927	pw	827	0.6575	2.8179
928	lq	821	0.6528	2.8148
929	ié	812	0.6456	2.81
930	iñ	807	0.6416	2.8073
931	ãc	806	0.6408	2.8067
932	ín	797	0.6337	2.8019
933	mó	788	0.6265	2.7969
934	^ì	781	0.621	2.7931
935	mã	778	0.6186	2.7914
936	jf	773	0.6146	2.7886
937	eé	757	0.6019	2.7795
938	ß'	756	0.6011	2.7789
939	jh	751	0.5971	2.776
939	wã	751	0.5971	2.776
940	tã	735	0.5844	2.7667
941	â$	733	0.5828	2.7655
942	ás	731	0.5812	2.7643
943	vk	724	0.5756	2.7601
944	lè	723	0.5748	2.7595
945	vé	722	0.574	2.7589
946	iü	715	0.5685	2.7547
947	ww	707	0.5621	2.7498
948	sí	697	0.5542	2.7437
949	añ	688	0.547	2.738
950	ør	685	0.5446	2.7361
951	jp	661	0.5255	2.7206
952	iã	652	0.5184	2.7147
953	aï	647	0.5144	2.7113
954	ég	639	0.5081	2.7059
955	má	627	0.4985	2.6977
956	lã	624	0.4961	2.6956
957	kã	615	0.489	2.6893
958	äq	604	0.4802	2.6814
959	q-	598	0.4755	2.6772
960	jø	593	0.4715	2.6735
961	rí	586	0.4659	2.6683
961	è$	586	0.4659	2.6683
962	vm	582	0.4627	2.6653
963	lá	580	0.4611	2.6638
964	ké	579	0.4603	2.663
964	vv	579	0.4603	2.663
965	vn	576	0.458	2.6609
966	ãb	575	0.4572	2.6601
967	ît	570	0.4532	2.6563
968	wp	569	0.4524	2.6555
969	éj	564	0.4484	2.6517
970	jb	558	0.4437	2.6471
971	öz	557	0.4429	2.6463
972	jc	551	0.4381	2.6416
972	ãs	551	0.4381	2.6416
973	-x	550	0.4373	2.6408
974	ûr	549	0.4365	2.64
975	yä	545	0.4333	2.6368
976	rô	536	0.4262	2.6296
977	pz	534	0.4246	2.628
978	p'	532	0.423	2.6263
979	xv	517	0.4111	2.6139
980	xq	510	0.4055	2.608
980	év	510	0.4055	2.608
981	ça	509	0.4047	2.6071
982	lí	508	0.4039	2.6063
983	i̇	507	0.4031	2.6054
984	èl	506	0.4023	2.6046
985	äa	502	0.3991	2.6011
986	^í	500	0.3975	2.5993
987	ât	496	0.3944	2.5959
988	èm	491	0.3904	2.5915
989	vg	489	0.3888	2.5897
990	xg	486	0.3864	2.587
991	ôt	484	0.3848	2.5852
992	dè	483	0.384	2.5843
993	jk	482	0.3832	2.5834
994	ól	471	0.3745	2.5735
995	kô	469	0.3729	2.5716
996	cj	467	0.3713	2.5697
997	ã$	466	0.3705	2.5688
998	'f	463	0.3681	2.566
999	aî	461	0.3665	2.5641
1000	vp	459	0.3649	2.5622
1001	ió	458	0.3641	2.5612
1002	hô	457	0.3633	2.5603
1002	oñ	457	0.3633	2.5603
1003	vc	453	0.3602	2.5565
1004	^ó	450	0.3578	2.5536
1005	ñe	448	0.3562	2.5517
1006	vf	446	0.3546	2.5497
1007	ôm	442	0.3514	2.5458
1008	-ö	437	0.3474	2.5408
1008	jé	437	0.3474	2.5408
1008	̇b	437	0.3474	2.5408
1009	yy	432	0.3435	2.5359
1010	ô$	431	0.3427	2.5349
1011	üi	429	0.3411	2.5329
1012	vw	426	0.3387	2.5298
1012	èv	426	0.3387	2.5298
1013	tí	422	0.3355	2.5257
1014	^ç	420	0.3339	2.5236
1014	hâ	420	0.3339	2.5236
1015	^ª	418	0.3323	2.5215
1016	aã	417	0.3315	2.5205
1016	íe	417	0.3315	2.5205
1017	ää	412	0.3276	2.5153
1018	w'	411	0.3268	2.5143
1019	jn	410	0.326	2.5132
1020	ár	407	0.3236	2.51
1021	ós	402	0.3196	2.5046
1022	ôn	400	0.318	2.5024
1023	éb	399	0.3172	2.5013
1024	yx	398	0.3164	2.5002
1025	dí	397	0.3156	2.4991
1026	mq	396	0.3148	2.498
1027	jy	388	0.3085	2.4893
1028	iá	385	0.3061	2.4859
1029	à-	384	0.3053	2.4847
1030	hè	382	0.3037	2.4824
1031	öö	378	0.3005	2.4778
1032	oë	377	0.2997	2.4767
1033	ál	376	0.2989	2.4755
1034	cw	375	0.2982	2.4745
1035	vá	371	0.295	2.4698
1035	é-	371	0.295	2.4698
1035	ìa	371	0.295	2.4698
1036	jà	365	0.2902	2.4627
1037	fè	364	0.2894	2.4615
1038	ü-	361	0.287	2.4579
1039	ßj	360	0.2862	2.4567
1039	ßo	360	0.2862	2.4567
1039	ÿ$	360	0.2862	2.4567
1040	oü	356	0.283	2.4518
1041	rá	353	0.2807	2.4482
1041	vj	353	0.2807	2.4482
1042	xr	351	0.2791	2.4458
1043	v'	350	0.2783	2.4445
1044	nè	345	0.2743	2.4382
1045	äv	342	0.2719	2.4344
1046	åk	340	0.2703	2.4318
1047	éh	338	0.2687	2.4293
1048	ël	337	0.2679	2.428
1049	dq	336	0.2671	2.4267
1049	fû	336	0.2671	2.4267
1050	hå	334	0.2656	2.4242
1050	ïs	334	0.2656	2.4242
1050	üü	334	0.2656	2.4242
1051	vb	333	0.2648	2.4229
1052	ãg	331	0.2632	2.4203
1052	ãl	331	0.2632	2.4203
1053	êt	330	0.2624	2.419
1054	uü	329	0.2616	2.4176
1055	rê	326	0.2592	2.4136
1056	cv	325	0.2584	2.4123
1057	^å	321	0.2552	2.4069
1058	px	320	0.2544	2.4055
1058	qq	320	0.2544	2.4055
1059	jl	318	0.2528	2.4028
1060	ún	317	0.252	2.4014
1060	üe	317	0.252	2.4014
1061	zj	315	0.2504	2.3986
1062	'j	313	0.2489	2.396
1063	äx	311	0.2473	2.3932
1064	ı$	310	0.2465	2.3918
1065	ão	308	0.2449	2.389
1066	ró	306	0.2433	2.3861
1067	ló	305	0.2425	2.3847
1068	^μ	300	0.2385	2.3775
1068	ì$	300	0.2385	2.3775
1069	ó$	299	0.2377	2.376
1070	ní	298	0.2369	2.3746
1071	υ$	294	0.2338	2.3688
1072	vh	292	0.2322	2.3659
1073	nã	287	0.2282	2.3583
1074	há	286	0.2274	2.3568
1075	^ν	285	0.2266	2.3553
1076	pv	282	0.2242	2.3506
1077	jm	280	0.2226	2.3475
1078	ík	278	0.221	2.3444
1078	ïd	278	0.221	2.3444
1079	sã	277	0.2202	2.3428
1080	tô	275	0.2186	2.3397
1081	ÿe	274	0.2179	2.3383
1082	cí	273	0.2171	2.3367
1082	xn	273	0.2171	2.3367
1083	ðu	272	0.2163	2.3351
1084	mx	271	0.2155	2.3334
1085	^ô	269	0.2139	2.3302
1086	ús	266	0.2115	2.3253
1087	uí	262	0.2083	2.3187
1087	öe	262	0.2083	2.3187
1088	áv	261	0.2075	2.317
1089	gq	257	0.2043	2.3103
1090	dυ	256	0.2035	2.3086
1091	aυ	251	0.1996	2.3002
1092	ä-	249	0.198	2.2967
1093	éz	248	0.1972	2.2949
1094	qe	246	0.1956	2.2914
1095	rû	245	0.1948	2.2896
1096	xd	244	0.194	2.2878
1096	ås	244	0.194	2.2878
1097	ò$	243	0.1932	2.286
1098	tx	240	0.1908	2.2806
1099	zé	238	0.1892	2.2769
1100	mè	236	0.1876	2.2732
1101	jó	234	0.186	2.2695
1101	éu	234	0.186	2.2695
1102	oã	233	0.1853	2.2679
1103	ís	231	0.1837	2.2641
1104	^è	228	0.1813	2.2584
1104	có	228	0.1813	2.2584
1105	år	225	0.1789	2.2526
1106	mí	218	0.1733	2.2388
1107	sú	217	0.1725	2.2368
1107	ór	217	0.1725	2.2368
1108	å$	212	0.1686	2.2269
1109	ú$	211	0.1678	2.2248
1110	'z	209	0.1662	2.2206
1111	aë	206	0.1638	2.2143
1111	üz	206	0.1638	2.2143
1112	zq	205	0.163	2.2122
1113	ãe	204	0.1622	2.2101
1114	kq	203	0.1614	2.2079
1114	uñ	203	0.1614	2.2079
1115	ãf	201	0.1598	2.2036
1115	ôs	201	0.1598	2.2036
1116	lı	199	0.1582	2.1992
1117	jw	198	0.1574	2.197
1117	uã	198	0.1574	2.197
1118	šn	197	0.1566	2.1948
1119	êp	196	0.1558	2.1926
1120	uð	193	0.1534	2.1858
1121	ôr	192	0.1527	2.1838
1122	gó	190	0.1511	2.1793
1123	cá	187	0.1487	2.1723
1123	ví	187	0.1487	2.1723
1124	ûb	186	0.1479	2.17
1125	uá	183	0.1455	2.1629
1126	oğ	181	0.1439	2.1581
1127	cô	180	0.1431	2.1556
1127	nô	180	0.1431	2.1556
1128	hx	179	0.1423	2.1532
1128	ë$	179	0.1423	2.1532
1129	^α	178	0.1415	2.1508
1129	dx	178	0.1415	2.1508
1129	ío	178	0.1415	2.1508
1130	ãu	177	0.1407	2.1483
1130	ñi	177	0.1407	2.1483
1130	şe	177	0.1407	2.1483
1131	aä	176	0.1399	2.1458
1131	ù$	176	0.1399	2.1458
1132	óm	174	0.1383	2.1408
1133	qs	172	0.1368	2.1361
1134	qo	171	0.136	2.1335
1135	υn	169	0.1344	2.1284
1136	rú	168	0.1336	2.1258
1136	ÿt	168	0.1336	2.1258
1137	éf	166	0.132	2.1206
1138	^κ	165	0.1312	2.1179
1139	dã	164	0.1304	2.1153
1140	dó	163	0.1296	2.1126
1140	sø	163	0.1296	2.1126
1141	gè	161	0.128	2.1072
1141	zx	161	0.128	2.1072
1141	ám	161	0.128	2.1072
1142	áe	157	0.1248	2.0962
1142	ãd	157	0.1248	2.0962
1142	üj	157	0.1248	2.0962
1143	vx	155	0.1232	2.0906
1144	^ï	152	0.1209	2.0824
1144	ãm	152	0.1209	2.0824
1145	kš	151	0.1201	2.0795
1145	sè	151	0.1201	2.0795
1145	ûl	151	0.1201	2.0795
1146	ûc	148	0.1177	2.0708
1147	ô-	146	0.1161	2.0648
1148	jv	143	0.1137	2.0558
1149	tò	142	0.1129	2.0527
1150	hõ	141	0.1121	2.0496
1150	ãã	141	0.1121	2.0496
1150	èc	141	0.1121	2.0496
1151	zã	140	0.1113	2.0465
1151	νe	140	0.1113	2.0465
1152	eó	138	0.1097	2.0402
1152	ôi	138	0.1097	2.0402
1153	tó	137	0.1089	2.037
1153	ßü	137	0.1089	2.037
1154	tê	136	0.1081	2.0338
1155	'y	135	0.1073	2.0306
1155	èb	135	0.1073	2.0306
1156	ný	134	0.1065	2.0273
1156	rå	134	0.1065	2.0273
1156	ï$	134	0.1065	2.0273
1157	çe	133	0.1057	2.0241
1158	dı	132	0.1049	2.0208
1158	sx	132	0.1049	2.0208
1158	ÿr	132	0.1049	2.0208
1159	oî	131	0.1042	2.0179
1160	qw	130	0.1034	2.0145
1160	sû	130	0.1034	2.0145
1161	át	129	0.1026	2.0111
1161	öo	129	0.1026	2.0111
1161	üv	129	0.1026	2.0111
1162	^û	128	0.1018	2.0077
1162	eã	128	0.1018	2.0077
1162	eð	128	0.1018	2.0077
1162	gx	128	0.1018	2.0077
1162	hš	128	0.1018	2.0077
1162	rð	128	0.1018	2.0077
1162	ğu	128	0.1018	2.0077
1162	υf	128	0.1018	2.0077
1163	óp	127	0.101	2.0043
1164	lú	126	0.1002	2.0009
1165	tú	125	0.0994	1.9974
1166	ìi	124	0.0986	1.9939
1166	õn	124	0.0986	1.9939
1167	ý$	123	0.0978	1.9903
1168	-à	122	0.097	1.9868
1168	wé	122	0.097	1.9868
1168	zó	122	0.097	1.9868
1169	tà	120	0.0954	1.9795
1170	sο	119	0.0946	1.9759
1170	íc	119	0.0946	1.9759
1170	ν$	119	0.0946	1.9759
1171	sï	118	0.0938	1.9722
1171	οn	118	0.0938	1.9722
1172	ív	117	0.093	1.9685
1172	ïr	117	0.093	1.9685
1173	ím	116	0.0922	1.9647
1173	ýs	116	0.0922	1.9647
1174	gå	115	0.0914	1.9609
1174	wz	115	0.0914	1.9609
1174	ïc	115	0.0914	1.9609
1174	ða	115	0.0914	1.9609
1175	oï	113	0.0898	1.9533
1175	rç	113	0.0898	1.9533
1175	só	113	0.0898	1.9533
1175	οr	113	0.0898	1.9533
1176	bx	112	0.089	1.9494
1177	bq	111	0.0883	1.946
1177	pè	111	0.0883	1.946
1177	ûs	111	0.0883	1.946
1177	υs	111	0.0883	1.946
1178	rý	110	0.0875	1.942
1178	ål	110	0.0875	1.942
1178	ïn	110	0.0875	1.942
1178	þ$	110	0.0875	1.942
1179	zá	109	0.0867	1.938
1179	ót	109	0.0867	1.938
1179	ık	109	0.0867	1.938
1179	ﬁn	109	0.0867	1.938
1180	^ﬁ	108	0.0859	1.934
1180	ïm	108	0.0859	1.934
1181	^º	107	0.0851	1.9299
1181	^ê	107	0.0851	1.9299
1181	fÿ	107	0.0851	1.9299
1181	œu	107	0.0851	1.9299
1182	ið	106	0.0843	1.9258
1182	qb	106	0.0843	1.9258
1183	qr	105	0.0835	1.9217
1183	tè	105	0.0835	1.9217
1184	fь	104	0.0827	1.9175
1184	kx	104	0.0827	1.9175
1184	sì	104	0.0827	1.9175
1185	qm	102	0.0811	1.909
1185	râ	102	0.0811	1.909
1185	ìe	102	0.0811	1.909
1185	íg	102	0.0811	1.909
1186	^ş	101	0.0803	1.9047
1186	mû	101	0.0803	1.9047
1186	pã	101	0.0803	1.9047
1186	wv	101	0.0803	1.9047
1186	ák	101	0.0803	1.9047
1187	aü	100	0.0795	1.9004
1188	bã	99	0.0787	1.896
1188	dú	99	0.0787	1.896
1188	ød	99	0.0787	1.896
1189	^η	98	0.0779	1.8915
1189	aç	98	0.0779	1.8915
1189	mô	98	0.0779	1.8915
1189	ån	98	0.0779	1.8915
1189	èg	98	0.0779	1.8915
1190	aí	97	0.0771	1.8871
1190	jg	97	0.0771	1.8871
1190	áz	97	0.0771	1.8871
1191	^υ	96	0.0763	1.8825
1191	fú	96	0.0763	1.8825
1191	ä'	96	0.0763	1.8825
1191	št	96	0.0763	1.8825
1192	kç	95	0.0755	1.8779
1192	áb	95	0.0755	1.8779
1192	æt	95	0.0755	1.8779
1192	ût	95	0.0755	1.8779
1192	šr	95	0.0755	1.8779
1192	ﬂi	95	0.0755	1.8779
1193	fq	94	0.0747	1.8733
1193	rø	94	0.0747	1.8733
1194	^æ	93	0.0739	1.8686
1194	õr	93	0.0739	1.8686
1195	nà	92	0.0731	1.8639
1195	wï	92	0.0731	1.8639
1195	º$	92	0.0731	1.8639
1195	νi	92	0.0731	1.8639
1196	gã	91	0.0724	1.8597
1196	hû	91	0.0724	1.8597
1196	lì	91	0.0724	1.8597
1196	ná	91	0.0724	1.8597
1196	ãz	91	0.0724	1.8597
1196	ö-	91	0.0724	1.8597
1197	pá	90	0.0716	1.8549
1197	wû	90	0.0716	1.8549
1197	ác	90	0.0716	1.8549
1197	ê$	90	0.0716	1.8549
1198	dô	89	0.0708	1.85
1198	sá	89	0.0708	1.85
1198	så	89	0.0708	1.85
1198	úr	89	0.0708	1.85
1198	üx	89	0.0708	1.85
1198	ýþ	89	0.0708	1.85
1198	şa	89	0.0708	1.85
1198	οl	89	0.0708	1.85
1198	υt	89	0.0708	1.85
1199	^î	87	0.0692	1.8401
1199	pq	87	0.0692	1.8401
1199	zυ	87	0.0692	1.8401
1199	ãœ	87	0.0692	1.8401
1199	în	87	0.0692	1.8401
1200	-é	86	0.0684	1.8351
1200	íd	86	0.0684	1.8351
1200	ïé	86	0.0684	1.8351
1200	ûh	86	0.0684	1.8351
1201	bá	85	0.0676	1.8299
1201	oð	85	0.0676	1.8299
1201	yş	85	0.0676	1.8299
1201	ìo	85	0.0676	1.8299
1201	ír	85	0.0676	1.8299
1201	μa	85	0.0676	1.8299
1202	^ñ	84	0.0668	1.8248
1202	ði	84	0.0668	1.8248
1202	ša	84	0.0668	1.8248
1203	^ø	83	0.066	1.8195
1203	^š	83	0.066	1.8195
1203	^ﬂ	83	0.066	1.8195
1203	oä	83	0.066	1.8195
1203	vå	83	0.066	1.8195
1204	^þ	82	0.0652	1.8142
1204	eí	82	0.0652	1.8142
1204	lô	82	0.0652	1.8142
1205	lß	81	0.0644	1.8089
1205	tû	81	0.0644	1.8089
1205	ýt	81	0.0644	1.8089
1205	υr	81	0.0644	1.8089
1206	bè	80	0.0636	1.8035
1206	pó	80	0.0636	1.8035
1206	rà	80	0.0636	1.8035
1206	xj	80	0.0636	1.8035
1207	cú	79	0.0628	1.798
1207	åt	79	0.0628	1.798
1207	ñu	79	0.0628	1.798
1208	^č	78	0.062	1.7924
1208	qh	78	0.062	1.7924
1208	uè	78	0.062	1.7924
1208	øy	78	0.062	1.7924
1209	œb	77	0.0612	1.7868
1209	ο$	77	0.0612	1.7868
1209	ьr	77	0.0612	1.7868
1210	'é	76	0.0604	1.781
1210	dû	76	0.0604	1.781
1210	ﬁe	76	0.0604	1.781
1211	nú	75	0.0596	1.7752
1211	uö	75	0.0596	1.7752
1211	úc	75	0.0596	1.7752
1212	cü	74	0.0588	1.7694
1212	lù	74	0.0588	1.7694
1213	já	73	0.058	1.7634
1213	ên	73	0.058	1.7634
1214	çı	72	0.0572	1.7574
1214	íï	72	0.0572	1.7574
1214	ðm	72	0.0572	1.7574
1215	eç	71	0.0565	1.752
1215	lû	71	0.0565	1.752
1216	hν	70	0.0557	1.7459
1216	rì	70	0.0557	1.7459
1216	ën	70	0.0557	1.7459
1217	^ε	69	0.0549	1.7396
1217	hø	69	0.0549	1.7396
1217	ád	69	0.0549	1.7396
1217	âs	69	0.0549	1.7396
1217	èd	69	0.0549	1.7396
1217	öy	69	0.0549	1.7396
1218	oö	68	0.0541	1.7332
1218	ók	68	0.0541	1.7332
1219	kõ	67	0.0533	1.7267
1219	på	67	0.0533	1.7267
1220	tý	66	0.0525	1.7202
1220	úl	66	0.0525	1.7202
1220	υc	66	0.0525	1.7202
1221	qy	65	0.0517	1.7135
1221	vã	65	0.0517	1.7135
1221	éy	65	0.0517	1.7135
1221	ôd	65	0.0517	1.7135
1221	øn	65	0.0517	1.7135
1221	ûn	65	0.0517	1.7135
1221	νο	65	0.0517	1.7135
1222	ít	64	0.0509	1.7067
1222	øl	64	0.0509	1.7067
1222	̇s	64	0.0509	1.7067
1223	lx	63	0.0501	1.6998
1223	qv	63	0.0501	1.6998
1223	wè	63	0.0501	1.6998
1223	ýr	63	0.0501	1.6998
1224	eυ	62	0.0493	1.6928
1224	hó	62	0.0493	1.6928
1224	yü	62	0.0493	1.6928
1224	νo	62	0.0493	1.6928
1224	οc	62	0.0493	1.6928
1225	aš	61	0.0485	1.6857
1225	pâ	61	0.0485	1.6857
1225	ôl	61	0.0485	1.6857
1225	øs	61	0.0485	1.6857
1226	^τ	60	0.0477	1.6785
1226	aν	60	0.0477	1.6785
1226	bø	60	0.0477	1.6785
1226	ÿb	60	0.0477	1.6785
1226	ьh	60	0.0477	1.6785
1227	ià	59	0.0469	1.6712
1227	mø	59	0.0469	1.6712
1227	rÿ	59	0.0469	1.6712
1227	sæ	59	0.0469	1.6712
1227	ân	59	0.0469	1.6712
1227	íi	59	0.0469	1.6712
1227	îl	59	0.0469	1.6712
1228	iš	58	0.0461	1.6637
1228	àn	58	0.0461	1.6637
1229	lş	57	0.0453	1.6561
1229	må	57	0.0453	1.6561
1230	^ú	56	0.0445	1.6484
1230	jz	56	0.0445	1.6484
1230	nυ	56	0.0445	1.6484
1230	qc	56	0.0445	1.6484
1230	wο	56	0.0445	1.6484
1230	âc	56	0.0445	1.6484
1230	åg	56	0.0445	1.6484
1231	eﬂ	55	0.0437	1.6405
1231	ái	55	0.0437	1.6405
1231	ãâ	55	0.0437	1.6405
1232	eν	54	0.0429	1.6325
1232	q'	54	0.0429	1.6325
1232	rï	54	0.0429	1.6325
1232	ç$	54	0.0429	1.6325
1232	ču	54	0.0429	1.6325
1232	ğa	54	0.0429	1.6325
1232	ší	54	0.0429	1.6325
1233	'q	53	0.0421	1.6243
1233	^ý	53	0.0421	1.6243
1233	^β	53	0.0421	1.6243
1233	rυ	53	0.0421	1.6243
1233	ââ	53	0.0421	1.6243
1233	ðb	53	0.0421	1.6243
1233	μu	53	0.0421	1.6243
1234	^ÿ	52	0.0413	1.616
1234	të	52	0.0413	1.616
1234	vz	52	0.0413	1.616
1234	áp	52	0.0413	1.616
1234	æl	52	0.0413	1.616
1234	ïh	52	0.0413	1.616
1234	υm	52	0.0413	1.616
1234	ﬂu	52	0.0413	1.616
1235	aá	51	0.0405	1.6075
1235	kå	51	0.0405	1.6075
1235	ký	51	0.0405	1.6075
1235	kο	51	0.0405	1.6075
1235	qt	51	0.0405	1.6075
1235	rš	51	0.0405	1.6075
1235	rο	51	0.0405	1.6075
1235	yq	51	0.0405	1.6075
1235	êm	51	0.0405	1.6075
1235	ôg	51	0.0405	1.6075
1235	úa	51	0.0405	1.6075
1235	šh	51	0.0405	1.6075
1236	då	50	0.0398	1.5999
1236	fí	50	0.0398	1.5999
1236	hο	50	0.0398	1.5999
1236	mš	50	0.0398	1.5999
1236	tø	50	0.0398	1.5999
1236	wš	50	0.0398	1.5999
1236	âl	50	0.0398	1.5999
1236	åv	50	0.0398	1.5999
1237	'œ	49	0.039	1.5911
1237	cx	49	0.039	1.5911
1237	læ	49	0.039	1.5911
1237	uý	49	0.039	1.5911
1237	ÿc	49	0.039	1.5911
1237	οm	49	0.039	1.5911
1238	lš	48	0.0382	1.5821
1238	mõ	48	0.0382	1.5821
1238	nν	48	0.0382	1.5821
1238	ët	48	0.0382	1.5821
1238	ìu	48	0.0382	1.5821
1238	þe	48	0.0382	1.5821
1238	ÿs	48	0.0382	1.5821
1238	αb	48	0.0382	1.5821
1239	dý	47	0.0374	1.5729
1239	få	47	0.0374	1.5729
1239	jú	47	0.0374	1.5729
1239	nî	47	0.0374	1.5729
1239	vè	47	0.0374	1.5729
1239	éï	47	0.0374	1.5729
1239	ﬂ$	47	0.0374	1.5729
1240	eý	46	0.0366	1.5635
1240	gê	46	0.0366	1.5635
1240	êr	46	0.0366	1.5635
1240	μe	46	0.0366	1.5635
1241	dá	45	0.0358	1.5539
1241	lâ	45	0.0358	1.5539
1241	rﬂ	45	0.0358	1.5539
1241	yô	45	0.0358	1.5539
1241	ág	45	0.0358	1.5539
1241	çi	45	0.0358	1.5539
1241	îc	45	0.0358	1.5539
1241	ït	45	0.0358	1.5539
1241	óz	45	0.0358	1.5539
1242	^ž	44	0.035	1.5441
1242	fx	44	0.035	1.5441
1242	gá	44	0.035	1.5441
1242	iý	44	0.035	1.5441
1242	ìr	44	0.035	1.5441
1242	ø$	44	0.035	1.5441
1242	øe	44	0.035	1.5441
1242	ùr	44	0.035	1.5441
1242	ûg	44	0.035	1.5441
1242	ťs	44	0.035	1.5441
1242	ηa	44	0.035	1.5441
1243	gû	43	0.0342	1.534
1243	kû	43	0.0342	1.534
1243	mÿ	43	0.0342	1.534
1243	où	43	0.0342	1.534
1243	uš	43	0.0342	1.534
1243	çã	43	0.0342	1.534
1243	úm	43	0.0342	1.534
1243	ﬂe	43	0.0342	1.534
1244	tï	42	0.0334	1.5237
1244	îm	42	0.0334	1.5237
1245	eş	41	0.0326	1.5132
1245	gυ	41	0.0326	1.5132
1245	tυ	41	0.0326	1.5132
1245	uê	41	0.0326	1.5132
1245	uﬂ	41	0.0326	1.5132
1245	wq	41	0.0326	1.5132
1245	äj	41	0.0326	1.5132
1246	^ß	40	0.0318	1.5024
1246	fù	40	0.0318	1.5024
1246	hí	40	0.0318	1.5024
1246	yè	40	0.0318	1.5024
1246	èt	40	0.0318	1.5024
1246	ôc	40	0.0318	1.5024
1246	ôj	40	0.0318	1.5024
1247	aş	39	0.031	1.4914
1247	cı	39	0.031	1.4914
1247	wÿ	39	0.031	1.4914
1247	èq	39	0.031	1.4914
1247	ým	39	0.031	1.4914
1247	ﬂa	39	0.031	1.4914
1248	jã	38	0.0302	1.48
1248	ká	38	0.0302	1.48
1248	nï	38	0.0302	1.48
1248	rù	38	0.0302	1.48
1248	yö	38	0.0302	1.48
1248	âr	38	0.0302	1.48
1248	ðl	38	0.0302	1.48
1249	hυ	37	0.0294	1.4683
1249	lå	37	0.0294	1.4683
1249	lî	37	0.0294	1.4683
1249	mυ	37	0.0294	1.4683
1249	nó	37	0.0294	1.4683
1249	ïí	37	0.0294	1.4683
1249	ÿh	37	0.0294	1.4683
1249	še	37	0.0294	1.4683
1249	αu	37	0.0294	1.4683
1250	dο	36	0.0286	1.4564
1250	yá	36	0.0286	1.4564
1250	zô	36	0.0286	1.4564
1250	ãp	36	0.0286	1.4564
1250	úð	36	0.0286	1.4564
1250	šk	36	0.0286	1.4564
1251	'ü	35	0.0278	1.444
1251	^ο	35	0.0278	1.444
1251	dï	35	0.0278	1.444
1251	eﬁ	35	0.0278	1.444
1251	pﬂ	35	0.0278	1.444
1251	rь	35	0.0278	1.444
1251	wx	35	0.0278	1.444
1251	âm	35	0.0278	1.444
1251	ðv	35	0.0278	1.444
1251	õc	35	0.0278	1.444
1251	úb	35	0.0278	1.444
1252	kï	34	0.027	1.4314
1252	lê	34	0.027	1.4314
1252	nâ	34	0.027	1.4314
1252	rî	34	0.027	1.4314
1252	íð	34	0.027	1.4314
1252	ód	34	0.027	1.4314
1252	ói	34	0.027	1.4314
1252	öä	34	0.027	1.4314
1252	û$	34	0.027	1.4314
1252	ûm	34	0.027	1.4314
1252	ğl	34	0.027	1.4314
1253	fê	33	0.0262	1.4183
1253	æ$	33	0.0262	1.4183
1253	éx	33	0.0262	1.4183
1253	éâ	33	0.0262	1.4183
1253	íu	33	0.0262	1.4183
1253	ôk	33	0.0262	1.4183
1253	þi	33	0.0262	1.4183
1253	ži	33	0.0262	1.4183
1253	αr	33	0.0262	1.4183
1254	cà	32	0.0254	1.4048
1254	eï	32	0.0254	1.4048
1254	kó	32	0.0254	1.4048
1254	tš	32	0.0254	1.4048
1254	tο	32	0.0254	1.4048
1254	uğ	32	0.0254	1.4048
1254	ær	32	0.0254	1.4048
1254	èe	32	0.0254	1.4048
1254	îe	32	0.0254	1.4048
1254	ýl	32	0.0254	1.4048
1254	šs	32	0.0254	1.4048
1255	aú	31	0.0246	1.3909
1255	dî	31	0.0246	1.3909
1255	fá	31	0.0246	1.3909
1255	iﬁ	31	0.0246	1.3909
1255	jô	31	0.0246	1.3909
1255	kí	31	0.0246	1.3909
1255	ßä	31	0.0246	1.3909
1255	ôa	31	0.0246	1.3909
1255	øm	31	0.0246	1.3909
1255	ō$	31	0.0246	1.3909
1255	μi	31	0.0246	1.3909
1255	τr	31	0.0246	1.3909
1255	ﬂo	31	0.0246	1.3909
1256	cê	30	0.0239	1.3784
1256	cò	30	0.0239	1.3784
1256	hî	30	0.0239	1.3784
1256	hï	30	0.0239	1.3784
1256	iæ	30	0.0239	1.3784
1256	jæ	30	0.0239	1.3784
1256	nå	30	0.0239	1.3784
1256	nο	30	0.0239	1.3784
1256	èh	30	0.0239	1.3784
1256	îg	30	0.0239	1.3784
1256	õ$	30	0.0239	1.3784
1256	šm	30	0.0239	1.3784
1256	κi	30	0.0239	1.3784
1256	κr	30	0.0239	1.3784
1256	υl	30	0.0239	1.3784
1256	ьs	30	0.0239	1.3784
1257	bû	29	0.0231	1.3636
1257	lõ	29	0.0231	1.3636
1257	oá	29	0.0231	1.3636
1257	sà	29	0.0231	1.3636
1257	sô	29	0.0231	1.3636
1257	tâ	29	0.0231	1.3636
1257	æv	29	0.0231	1.3636
1257	ρu	29	0.0231	1.3636
1258	oš	28	0.0223	1.3483
1258	ql	28	0.0223	1.3483
1258	yû	28	0.0223	1.3483
1258	ék	28	0.0223	1.3483
1258	ër	28	0.0223	1.3483
1258	ïb	28	0.0223	1.3483
1258	ïƒ	28	0.0223	1.3483
1258	ðr	28	0.0223	1.3483
1258	ów	28	0.0223	1.3483
1258	øv	28	0.0223	1.3483
1258	μo	28	0.0223	1.3483
1258	νa	28	0.0223	1.3483
1258	οh	28	0.0223	1.3483
1258	ьb	28	0.0223	1.3483
1258	ьc	28	0.0223	1.3483
1259	mò	27	0.0215	1.3324
1259	mú	27	0.0215	1.3324
1259	êc	27	0.0215	1.3324
1259	ëi	27	0.0215	1.3324
1259	îr	27	0.0215	1.3324
1259	óh	27	0.0215	1.3324
1259	ôh	27	0.0215	1.3324
1259	ýk	27	0.0215	1.3324
1259	ım	27	0.0215	1.3324
1259	ş$	27	0.0215	1.3324
1259	šg	27	0.0215	1.3324
1259	ši	27	0.0215	1.3324
1260	bœ	26	0.0207	1.316
1260	cè	26	0.0207	1.316
1260	dø	26	0.0207	1.316
1260	hà	26	0.0207	1.316
1260	hë	26	0.0207	1.316
1260	mâ	26	0.0207	1.316
1260	mρ	26	0.0207	1.316
1260	pê	26	0.0207	1.316
1260	pí	26	0.0207	1.316
1260	sō	26	0.0207	1.316
1260	tì	26	0.0207	1.316
1260	àl	26	0.0207	1.316
1260	àr	26	0.0207	1.316
1260	áé	26	0.0207	1.316
1260	ãa	26	0.0207	1.316
1260	ïe	26	0.0207	1.316
1260	út	26	0.0207	1.316
1260	ü'	26	0.0207	1.316
1260	ă$	26	0.0207	1.316
1260	ız	26	0.0207	1.316
1260	şi	26	0.0207	1.316
1260	šc	26	0.0207	1.316
1260	ηe	26	0.0207	1.316
1260	дr	26	0.0207	1.316
1261	bô	25	0.0199	1.2989
1261	iù	25	0.0199	1.2989
1261	iο	25	0.0199	1.2989
1261	lд	25	0.0199	1.2989
1261	nı	25	0.0199	1.2989
1261	tî	25	0.0199	1.2989
1261	çk	25	0.0199	1.2989
1261	îs	25	0.0199	1.2989
1261	òl	25	0.0199	1.2989
1261	ÿn	25	0.0199	1.2989
1261	ıt	25	0.0199	1.2989
1262	''	24	0.0191	1.281
1262	^ь	24	0.0191	1.281
1262	hç	24	0.0191	1.281
1262	lò	24	0.0191	1.281
1262	lﬁ	24	0.0191	1.281
1262	åi	24	0.0191	1.281
1262	ïk	24	0.0191	1.281
1262	øg	24	0.0191	1.281
1262	že	24	0.0191	1.281
1262	αl	24	0.0191	1.281
1262	οd	24	0.0191	1.281
1262	οt	24	0.0191	1.281
1263	-è	23	0.0183	1.2625
1263	^õ	23	0.0183	1.2625
1263	^ρ	23	0.0183	1.2625
1263	hц	23	0.0183	1.2625
1263	ií	23	0.0183	1.2625
1263	pú	23	0.0183	1.2625
1263	pο	23	0.0183	1.2625
1263	yþ	23	0.0183	1.2625
1263	íl	23	0.0183	1.2625
1263	ïv	23	0.0183	1.2625
1263	ôb	23	0.0183	1.2625
1263	üo	23	0.0183	1.2625
1263	üy	23	0.0183	1.2625
1263	νt	23	0.0183	1.2625
1263	ﬁz	23	0.0183	1.2625
1264	aﬁ	22	0.0175	1.243
1264	câ	22	0.0175	1.243
1264	că	22	0.0175	1.243
1264	dò	22	0.0175	1.243
1264	fš	22	0.0175	1.243
1264	hť	22	0.0175	1.243
1264	kú	22	0.0175	1.243
1264	kυ	22	0.0175	1.243
1264	pô	22	0.0175	1.243
1264	qd	22	0.0175	1.243
1264	qn	22	0.0175	1.243
1264	tå	22	0.0175	1.243
1264	zš	22	0.0175	1.243
1264	ãk	22	0.0175	1.243
1264	ła	22	0.0175	1.243
1264	κe	22	0.0175	1.243
1264	οb	22	0.0175	1.243
1265	bú	21	0.0167	1.2227
1265	cã	21	0.0167	1.2227
1265	eı	21	0.0167	1.2227
1265	gâ	21	0.0167	1.2227
1265	gî	21	0.0167	1.2227
1265	hō	21	0.0167	1.2227
1265	qk	21	0.0167	1.2227
1265	sœ	21	0.0167	1.2227
1265	tă	21	0.0167	1.2227
1265	vü	21	0.0167	1.2227
1265	vο	21	0.0167	1.2227
1265	wí	21	0.0167	1.2227
1265	áj	21	0.0167	1.2227
1265	é'	21	0.0167	1.2227
1265	ôp	21	0.0167	1.2227
1265	öa	21	0.0167	1.2227
1265	ăn	21	0.0167	1.2227
1265	š$	21	0.0167	1.2227
1265	šf	21	0.0167	1.2227
1265	šu	21	0.0167	1.2227
1265	εr	21	0.0167	1.2227
1265	цn	21	0.0167	1.2227
1265	цr	21	0.0167	1.2227
1265	яe	21	0.0167	1.2227
1266	'è	20	0.0159	1.2014
1266	fﬁ	20	0.0159	1.2014
1266	iþ	20	0.0159	1.2014
1266	lç	20	0.0159	1.2014
1266	nﬂ	20	0.0159	1.2014
1266	vó	20	0.0159	1.2014
1266	yé	20	0.0159	1.2014
1266	zı	20	0.0159	1.2014
1266	âi	20	0.0159	1.2014
1266	çu	20	0.0159	1.2014
1266	ìï	20	0.0159	1.2014
1266	íp	20	0.0159	1.2014
1266	ûß	20	0.0159	1.2014
1266	ýv	20	0.0159	1.2014
1266	þó	20	0.0159	1.2014
1266	ıı	20	0.0159	1.2014
1266	ōh	20	0.0159	1.2014
1266	υh	20	0.0159	1.2014
1267	'ê	19	0.0151	1.179
1267	bå	19	0.0151	1.179
1267	gú	19	0.0151	1.179
1267	hú	19	0.0151	1.179
1267	rı	19	0.0151	1.179
1267	sﬁ	19	0.0151	1.179
1267	wî	19	0.0151	1.179
1267	á-	19	0.0151	1.179
1267	ãi	19	0.0151	1.179
1267	ïl	19	0.0151	1.179
1267	ñó	19	0.0151	1.179
1267	óð	19	0.0151	1.179
1267	ır	19	0.0151	1.179
1267	βe	19	0.0151	1.179
1267	εs	19	0.0151	1.179
1267	μc	19	0.0151	1.179
1267	νy	19	0.0151	1.179
1267	дn	19	0.0151	1.179
1268	aö	18	0.0143	1.1553
1268	aþ	18	0.0143	1.1553
1268	bâ	18	0.0143	1.1553
1268	bí	18	0.0143	1.1553
1268	bó	18	0.0143	1.1553
1268	dì	18	0.0143	1.1553
1268	eò	18	0.0143	1.1553
1268	lø	18	0.0143	1.1553
1268	lο	18	0.0143	1.1553
1268	mà	18	0.0143	1.1553
1268	mь	18	0.0143	1.1553
1268	nû	18	0.0143	1.1553
1268	rд	18	0.0143	1.1553
1268	tõ	18	0.0143	1.1553
1268	wâ	18	0.0143	1.1553
1268	âe	18	0.0143	1.1553
1268	âu	18	0.0143	1.1553
1268	åb	18	0.0143	1.1553
1268	íb	18	0.0143	1.1553
1268	îa	18	0.0143	1.1553
1268	ïg	18	0.0143	1.1553
1268	õf	18	0.0143	1.1553
1268	õs	18	0.0143	1.1553
1268	ùc	18	0.0143	1.1553
1268	úi	18	0.0143	1.1553
1268	þa	18	0.0143	1.1553
1268	þr	18	0.0143	1.1553
1268	ıv	18	0.0143	1.1553
1268	šl	18	0.0143	1.1553
1268	ža	18	0.0143	1.1553
1268	αn	18	0.0143	1.1553
1268	κu	18	0.0143	1.1553
1268	υg	18	0.0143	1.1553
1269	-å	17	0.0135	1.1303
1269	að	17	0.0135	1.1303
1269	bě	17	0.0135	1.1303
1269	cì	17	0.0135	1.1303
1269	eš	17	0.0135	1.1303
1269	fﬂ	17	0.0135	1.1303
1269	kâ	17	0.0135	1.1303
1269	kø	17	0.0135	1.1303
1269	kц	17	0.0135	1.1303
1269	lý	17	0.0135	1.1303
1269	lž	17	0.0135	1.1303
1269	lυ	17	0.0135	1.1303
1269	tō	17	0.0135	1.1303
1269	tь	17	0.0135	1.1303
1269	às	17	0.0135	1.1303
1269	áu	17	0.0135	1.1303
1269	âd	17	0.0135	1.1303
1269	èp	17	0.0135	1.1303
1269	ës	17	0.0135	1.1303
1269	òo	17	0.0135	1.1303
1269	õd	17	0.0135	1.1303
1269	ùn	17	0.0135	1.1303
1269	üä	17	0.0135	1.1303
1269	ýd	17	0.0135	1.1303
1269	ět	17	0.0135	1.1303
1269	ıf	17	0.0135	1.1303
1269	žb	17	0.0135	1.1303
1269	εi	17	0.0135	1.1303
1269	υe	17	0.0135	1.1303
1269	дt	17	0.0135	1.1303
1270	-ê	16	0.0127	1.1038
1270	bﬂ	16	0.0127	1.1038
1270	eá	16	0.0127	1.1038
1270	kā	16	0.0127	1.1038
1270	lï	16	0.0127	1.1038
1270	lÿ	16	0.0127	1.1038
1270	lė	16	0.0127	1.1038
1270	lь	16	0.0127	1.1038
1270	më	16	0.0127	1.1038
1270	nø	16	0.0127	1.1038
1270	oν	16	0.0127	1.1038
1270	rß	16	0.0127	1.1038
1270	sâ	16	0.0127	1.1038
1270	vê	16	0.0127	1.1038
1270	wô	16	0.0127	1.1038
1270	åd	16	0.0127	1.1038
1270	æi	16	0.0127	1.1038
1270	èk	16	0.0127	1.1038
1270	éq	16	0.0127	1.1038
1270	êv	16	0.0127	1.1038
1270	ïf	16	0.0127	1.1038
1270	ðj	16	0.0127	1.1038
1270	öu	16	0.0127	1.1038
1270	ā$	16	0.0127	1.1038
1270	ė$	16	0.0127	1.1038
1270	şr	16	0.0127	1.1038
1270	κo	16	0.0127	1.1038
1270	ﬁ$	16	0.0127	1.1038
1270	ﬂü	16	0.0127	1.1038
1271	^ù	15	0.0119	1.0755
1271	^ı	15	0.0119	1.0755
1271	cï	15	0.0119	1.0755
1271	cœ	15	0.0119	1.0755
1271	eî	15	0.0119	1.0755
1271	hÿ	15	0.0119	1.0755
1271	iê	15	0.0119	1.0755
1271	iş	15	0.0119	1.0755
1271	iя	15	0.0119	1.0755
1271	nš	15	0.0119	1.0755
1271	oí	15	0.0119	1.0755
1271	pû	15	0.0119	1.0755
1271	tÿ	15	0.0119	1.0755
1271	uç	15	0.0119	1.0755
1271	už	15	0.0119	1.0755
1271	áh	15	0.0119	1.0755
1271	æe	15	0.0119	1.0755
1271	æu	15	0.0119	1.0755
1271	ês	15	0.0119	1.0755
1271	õg	15	0.0119	1.0755
1271	úh	15	0.0119	1.0755
1271	ýh	15	0.0119	1.0755
1271	ýn	15	0.0119	1.0755
1271	ÿl	15	0.0119	1.0755
1271	žk	15	0.0119	1.0755
1271	žl	15	0.0119	1.0755
1271	ηi	15	0.0119	1.0755
1271	κο	15	0.0119	1.0755
1271	υp	15	0.0119	1.0755
1271	ﬁr	15	0.0119	1.0755
1272	-ô	14	0.0111	1.0453
1272	bæ	14	0.0111	1.0453
1272	iï	14	0.0111	1.0453
1272	iò	14	0.0111	1.0453
1272	iô	14	0.0111	1.0453
1272	iú	14	0.0111	1.0453
1272	oû	14	0.0111	1.0453
1272	pà	14	0.0111	1.0453
1272	së	14	0.0111	1.0453
1272	sı	14	0.0111	1.0453
1272	uť	14	0.0111	1.0453
1272	áx	14	0.0111	1.0453
1272	íh	14	0.0111	1.0453
1272	îz	14	0.0111	1.0453
1272	ñí	14	0.0111	1.0453
1272	óv	14	0.0111	1.0453
1272	ôy	14	0.0111	1.0453
1272	õt	14	0.0111	1.0453
1272	ùb	14	0.0111	1.0453
1272	ři	14	0.0111	1.0453
1272	ťá	14	0.0111	1.0453
1272	ƒ$	14	0.0111	1.0453
1272	οs	14	0.0111	1.0453
1273	aı	13	0.0103	1.0128
1273	bê	13	0.0103	1.0128
1273	bš	13	0.0103	1.0128
1273	gο	13	0.0103	1.0128
1273	iç	13	0.0103	1.0128
1273	iž	13	0.0103	1.0128
1273	jq	13	0.0103	1.0128
1273	kè	13	0.0103	1.0128
1273	kÿ	13	0.0103	1.0128
1273	mц	13	0.0103	1.0128
1273	oł	13	0.0103	1.0128
1273	qp	13	0.0103	1.0128
1273	qz	13	0.0103	1.0128
1273	qü	13	0.0103	1.0128
1273	sî	13	0.0103	1.0128
1273	sù	13	0.0103	1.0128
1273	uﬁ	13	0.0103	1.0128
1273	yō	13	0.0103	1.0128
1273	zý	13	0.0103	1.0128
1273	ßq	13	0.0103	1.0128
1273	áš	13	0.0103	1.0128
1273	äυ	13	0.0103	1.0128
1273	åh	13	0.0103	1.0128
1273	éw	13	0.0103	1.0128
1273	óf	13	0.0103	1.0128
1273	ôu	13	0.0103	1.0128
1273	ôw	13	0.0103	1.0128
1273	øb	13	0.0103	1.0128
1273	úp	13	0.0103	1.0128
1273	üu	13	0.0103	1.0128
1273	ýb	13	0.0103	1.0128
1273	ām	13	0.0103	1.0128
1273	ďs	13	0.0103	1.0128
1273	šd	13	0.0103	1.0128
1273	τu	13	0.0103	1.0128
1273	ﬁl	13	0.0103	1.0128
1273	ﬂr	13	0.0103	1.0128
1274	dß	12	0.0095	0.9777
1274	ež	12	0.0095	0.9777
1274	ič	12	0.0095	0.9777
1274	mť	12	0.0095	0.9777
1274	nê	12	0.0095	0.9777
1274	sυ	12	0.0095	0.9777
1274	tı	12	0.0095	0.9777
1274	tﬂ	12	0.0095	0.9777
1274	uν	12	0.0095	0.9777
1274	wυ	12	0.0095	0.9777
1274	yý	12	0.0095	0.9777
1274	zà	12	0.0095	0.9777
1274	àh	12	0.0095	0.9777
1274	ào	12	0.0095	0.9777
1274	âz	12	0.0095	0.9777
1274	åí	12	0.0095	0.9777
1274	ðs	12	0.0095	0.9777
1274	ðà	12	0.0095	0.9777
1274	òð	12	0.0095	0.9777
1274	ób	12	0.0095	0.9777
1274	óñ	12	0.0095	0.9777
1274	øi	12	0.0095	0.9777
1274	øk	12	0.0095	0.9777
1274	ûd	12	0.0095	0.9777
1274	üw	12	0.0095	0.9777
1274	ýý	12	0.0095	0.9777
1274	ÿa	12	0.0095	0.9777
1274	ÿi	12	0.0095	0.9777
1274	ča	12	0.0095	0.9777
1274	οf	12	0.0095	0.9777
1274	υa	12	0.0095	0.9777
1274	υd	12	0.0095	0.9777
1274	υß	12	0.0095	0.9777
1274	дu	12	0.0095	0.9777
1274	ьn	12	0.0095	0.9777
1274	ﬁt	12	0.0095	0.9777
1274	ﬂc	12	0.0095	0.9777
1275	'ä	11	0.0087	0.9395
1275	'ö	11	0.0087	0.9395
1275	ał	11	0.0087	0.9395
1275	eå	11	0.0087	0.9395
1275	fâ	11	0.0087	0.9395
1275	fï	11	0.0087	0.9395
1275	fд	11	0.0087	0.9395
1275	kë	11	0.0087	0.9395
1275	kь	11	0.0087	0.9395
1275	mï	11	0.0087	0.9395
1275	næ	11	0.0087	0.9395
1275	qυ	11	0.0087	0.9395
1275	rò	11	0.0087	0.9395
1275	sß	11	0.0087	0.9395
1275	tд	11	0.0087	0.9395
1275	wá	11	0.0087	0.9395
1275	wú	11	0.0087	0.9395
1275	xä	11	0.0087	0.9395
1275	áy	11	0.0087	0.9395
1275	êa	11	0.0087	0.9395
1275	êq	11	0.0087	0.9395
1275	ë-	11	0.0087	0.9395
1275	ìc	11	0.0087	0.9395
1275	ìé	11	0.0087	0.9395
1275	îv	11	0.0087	0.9395
1275	ïa	11	0.0087	0.9395
1275	ïp	11	0.0087	0.9395
1275	ñ$	11	0.0087	0.9395
1275	ñr	11	0.0087	0.9395
1275	ôz	11	0.0087	0.9395
1275	ûi	11	0.0087	0.9395
1275	ýc	11	0.0087	0.9395
1275	čk	11	0.0087	0.9395
1275	ı-	11	0.0087	0.9395
1275	żb	11	0.0087	0.9395
1275	κl	11	0.0087	0.9395
1275	οg	11	0.0087	0.9395
1275	οp	11	0.0087	0.9395
1275	я$	11	0.0087	0.9395
1275	ﬁb	11	0.0087	0.9395
1276	^µ	10	0.008	0.9031
1276	cç	10	0.008	0.9031
1276	fý	10	0.008	0.9031
1276	hê	10	0.008	0.9031
1276	iﬂ	10	0.008	0.9031
1276	lð	10	0.008	0.9031
1276	lż	10	0.008	0.9031
1276	mﬂ	10	0.008	0.9031
1276	rﬁ	10	0.008	0.9031
1276	zù	10	0.008	0.9031
1276	àt	10	0.008	0.9031
1276	àu	10	0.008	0.9031
1276	âf	10	0.008	0.9031
1276	íf	10	0.008	0.9031
1276	îd	10	0.008	0.9031
1276	ð$	10	0.008	0.9031
1276	ñy	10	0.008	0.9031
1276	úd	10	0.008	0.9031
1276	úz	10	0.008	0.9031
1276	ÿg	10	0.008	0.9031
1276	ć$	10	0.008	0.9031
1276	ıu	10	0.008	0.9031
1276	ło	10	0.008	0.9031
1276	œi	10	0.008	0.9031
1276	κa	10	0.008	0.9031
1276	οß	10	0.008	0.9031
1276	υb	10	0.008	0.9031
1276	дh	10	0.008	0.9031
1276	ﬁs	10	0.008	0.9031
1276	ﬂä	10	0.008	0.9031
1277	-ß	9	0.0072	0.8573
1277	-á	9	0.0072	0.8573
1277	aè	9	0.0072	0.8573
1277	bî	9	0.0072	0.8573
1277	bò	9	0.0072	0.8573
1277	cο	9	0.0072	0.8573
1277	eâ	9	0.0072	0.8573
1277	fυ	9	0.0072	0.8573
1277	gô	9	0.0072	0.8573
1277	gø	9	0.0072	0.8573
1277	ić	9	0.0072	0.8573
1277	kı	9	0.0072	0.8573
1277	mê	9	0.0072	0.8573
1277	mî	9	0.0072	0.8573
1277	mā	9	0.0072	0.8573
1277	nì	9	0.0072	0.8573
1277	ož	9	0.0072	0.8573
1277	pﬁ	9	0.0072	0.8573
1277	sõ	9	0.0072	0.8573
1277	uò	9	0.0072	0.8573
1277	wà	9	0.0072	0.8573
1277	xé	9	0.0072	0.8573
1277	zú	9	0.0072	0.8573
1277	ºn	9	0.0072	0.8573
1277	ãº	9	0.0072	0.8573
1277	äw	9	0.0072	0.8573
1277	äö	9	0.0072	0.8573
1277	åe	9	0.0072	0.8573
1277	êi	9	0.0072	0.8573
1277	ýz	9	0.0072	0.8573
1277	ıe	9	0.0072	0.8573
1277	ıi	9	0.0072	0.8573
1277	ın	9	0.0072	0.8573
1277	βr	9	0.0072	0.8573
1277	μο	9	0.0072	0.8573
1277	οw	9	0.0072	0.8573
1278	-ı	8	0.0064	0.8062
1278	ağ	8	0.0064	0.8062
1278	aﬂ	8	0.0064	0.8062
1278	bυ	8	0.0064	0.8062
1278	cö	8	0.0064	0.8062
1278	cη	8	0.0064	0.8062
1278	dê	8	0.0064	0.8062
1278	gí	8	0.0064	0.8062
1278	hд	8	0.0064	0.8062
1278	hь	8	0.0064	0.8062
1278	iû	8	0.0064	0.8062
1278	iν	8	0.0064	0.8062
1278	jí	8	0.0064	0.8062
1278	jù	8	0.0064	0.8062
1278	lť	8	0.0064	0.8062
1278	lﬂ	8	0.0064	0.8062
1278	në	8	0.0064	0.8062
1278	nд	8	0.0064	0.8062
1278	oì	8	0.0064	0.8062
1278	oﬁ	8	0.0064	0.8062
1278	qf	8	0.0064	0.8062
1278	sê	8	0.0064	0.8062
1278	sﬂ	8	0.0064	0.8062
1278	vî	8	0.0064	0.8062
1278	wõ	8	0.0064	0.8062
1278	xö	8	0.0064	0.8062
1278	zû	8	0.0064	0.8062
1278	µg	8	0.0064	0.8062
1278	ºo	8	0.0064	0.8062
1278	âa	8	0.0064	0.8062
1278	âh	8	0.0064	0.8062
1278	ãw	8	0.0064	0.8062
1278	äy	8	0.0064	0.8062
1278	æs	8	0.0064	0.8062
1278	çh	8	0.0064	0.8062
1278	èz	8	0.0064	0.8062
1278	êl	8	0.0064	0.8062
1278	î$	8	0.0064	0.8062
1278	îk	8	0.0064	0.8062
1278	ðh	8	0.0064	0.8062
1278	ñé	8	0.0064	0.8062
1278	öğ	8	0.0064	0.8062
1278	þo	8	0.0064	0.8062
1278	ğü	8	0.0064	0.8062
1278	ıl	8	0.0064	0.8062
1278	ōt	8	0.0064	0.8062
1278	βl	8	0.0064	0.8062
1278	μr	8	0.0064	0.8062
1278	νn	8	0.0064	0.8062
1278	цc	8	0.0064	0.8062
1278	цl	8	0.0064	0.8062
1278	ьg	8	0.0064	0.8062
1278	ﬁg	8	0.0064	0.8062
1278	ﬁo	8	0.0064	0.8062
1279	^œ	7	0.0056	0.7482
1279	dř	7	0.0056	0.7482
1279	fî	7	0.0056	0.7482
1279	fı	7	0.0056	0.7482
1279	fο	7	0.0056	0.7482
1279	hý	7	0.0056	0.7482
1279	jå	7	0.0056	0.7482
1279	kż	7	0.0056	0.7482
1279	mο	7	0.0056	0.7482
1279	nß	7	0.0056	0.7482
1279	oń	7	0.0056	0.7482
1279	pı	7	0.0056	0.7482
1279	pυ	7	0.0056	0.7482
1279	pд	7	0.0056	0.7482
1279	sł	7	0.0056	0.7482
1279	tç	7	0.0056	0.7482
1279	uà	7	0.0056	0.7482
1279	vï	7	0.0056	0.7482
1279	wå	7	0.0056	0.7482
1279	wù	7	0.0056	0.7482
1279	xü	7	0.0056	0.7482
1279	yó	7	0.0056	0.7482
1279	zè	7	0.0056	0.7482
1279	ºc	7	0.0056	0.7482
1279	àp	7	0.0056	0.7482
1279	áí	7	0.0056	0.7482
1279	âg	7	0.0056	0.7482
1279	è-	7	0.0056	0.7482
1279	èa	7	0.0056	0.7482
1279	éå	7	0.0056	0.7482
1279	êé	7	0.0056	0.7482
1279	íà	7	0.0056	0.7482
1279	îf	7	0.0056	0.7482
1279	ïu	7	0.0056	0.7482
1279	ñs	7	0.0056	0.7482
1279	òn	7	0.0056	0.7482
1279	óc	7	0.0056	0.7482
1279	óg	7	0.0056	0.7482
1279	ôå	7	0.0056	0.7482
1279	ûf	7	0.0056	0.7482
1279	ł$	7	0.0056	0.7482
1279	ń$	7	0.0056	0.7482
1279	μä	7	0.0056	0.7482
1279	τe	7	0.0056	0.7482
1279	ьt	7	0.0056	0.7482
1279	ﬁi	7	0.0056	0.7482
1279	ﬁk	7	0.0056	0.7482
1279	ﬂs	7	0.0056	0.7482
1280	'î	6	0.0048	0.6812
1280	^ō	6	0.0048	0.6812
1280	aô	6	0.0048	0.6812
1280	aя	6	0.0048	0.6812
1280	bõ	6	0.0048	0.6812
1280	bο	6	0.0048	0.6812
1280	cﬁ	6	0.0048	0.6812
1280	dâ	6	0.0048	0.6812
1280	dÿ	6	0.0048	0.6812
1280	dž	6	0.0048	0.6812
1280	dﬂ	6	0.0048	0.6812
1280	eæ	6	0.0048	0.6812
1280	eû	6	0.0048	0.6812
1280	eþ	6	0.0048	0.6812
1280	eя	6	0.0048	0.6812
1280	fà	6	0.0048	0.6812
1280	fæ	6	0.0048	0.6812
1280	fø	6	0.0048	0.6812
1280	hß	6	0.0048	0.6812
1280	kî	6	0.0048	0.6812
1280	nÿ	6	0.0048	0.6812
1280	oþ	6	0.0048	0.6812
1280	pï	6	0.0048	0.6812
1280	qj	6	0.0048	0.6812
1280	rď	6	0.0048	0.6812
1280	sš	6	0.0048	0.6812
1280	uî	6	0.0048	0.6812
1280	uş	6	0.0048	0.6812
1280	yú	6	0.0048	0.6812
1280	yı	6	0.0048	0.6812
1280	zł	6	0.0048	0.6812
1280	zь	6	0.0048	0.6812
1280	º'	6	0.0048	0.6812
1280	ßß	6	0.0048	0.6812
1280	àì	6	0.0048	0.6812
1280	àí	6	0.0048	0.6812
1280	àõ	6	0.0048	0.6812
1280	áò	6	0.0048	0.6812
1280	âb	6	0.0048	0.6812
1280	äá	6	0.0048	0.6812
1280	æn	6	0.0048	0.6812
1280	çå	6	0.0048	0.6812
1280	çû	6	0.0048	0.6812
1280	èë	6	0.0048	0.6812
1280	èí	6	0.0048	0.6812
1280	èò	6	0.0048	0.6812
1280	êà	6	0.0048	0.6812
1280	ëü	6	0.0048	0.6812
1280	ìn	6	0.0048	0.6812
1280	ìè	6	0.0048	0.6812
1280	ìû	6	0.0048	0.6812
1280	íí	6	0.0048	0.6812
1280	íî	6	0.0048	0.6812
1280	íû	6	0.0048	0.6812
1280	îî	6	0.0048	0.6812
1280	îñ	6	0.0048	0.6812
1280	îþ	6	0.0048	0.6812
1280	ñf	6	0.0048	0.6812
1280	ñò	6	0.0048	0.6812
1280	òa	6	0.0048	0.6812
1280	òs	6	0.0048	0.6812
1280	òè	6	0.0048	0.6812
1280	óá	6	0.0048	0.6812
1280	ôè	6	0.0048	0.6812
1280	õõ	6	0.0048	0.6812
1280	ùs	6	0.0048	0.6812
1280	ú-	6	0.0048	0.6812
1280	ûe	6	0.0048	0.6812
1280	ûê	6	0.0048	0.6812
1280	ûõ	6	0.0048	0.6812
1280	üá	6	0.0048	0.6812
1280	üì	6	0.0048	0.6812
1280	ÿm	6	0.0048	0.6812
1280	ÿç	6	0.0048	0.6812
1280	āl	6	0.0048	0.6812
1280	čo	6	0.0048	0.6812
1280	ıs	6	0.0048	0.6812
1280	ıy	6	0.0048	0.6812
1280	ōs	6	0.0048	0.6812
1280	że	6	0.0048	0.6812
1280	ƒu	6	0.0048	0.6812
1280	βi	6	0.0048	0.6812
1280	βu	6	0.0048	0.6812
1280	νu	6	0.0048	0.6812
1280	οk	6	0.0048	0.6812
1280	ρr	6	0.0048	0.6812
1280	τa	6	0.0048	0.6812
1280	ҫo	6	0.0048	0.6812
1280	ﬂb	6	0.0048	0.6812
1281	^ł	5	0.004	0.6021
1281	bà	5	0.004	0.6021
1281	bÿ	5	0.004	0.6021
1281	dă	5	0.004	0.6021
1281	dь	5	0.004	0.6021
1281	fó	5	0.004	0.6021
1281	gù	5	0.004	0.6021
1281	hū	5	0.004	0.6021
1281	hﬁ	5	0.004	0.6021
1281	iâ	5	0.004	0.6021
1281	iø	5	0.004	0.6021
1281	iı	5	0.004	0.6021
1281	jš	5	0.004	0.6021
1281	lц	5	0.004	0.6021
1281	mì	5	0.004	0.6021
1281	nﬁ	5	0.004	0.6021
1281	oè	5	0.004	0.6021
1281	oó	5	0.004	0.6021
1281	oυ	5	0.004	0.6021
1281	oﬂ	5	0.004	0.6021
1281	pý	5	0.004	0.6021
1281	ræ	5	0.004	0.6021
1281	sÿ	5	0.004	0.6021
1281	uı	5	0.004	0.6021
1281	vq	5	0.004	0.6021
1281	væ	5	0.004	0.6021
1281	wı	5	0.004	0.6021
1281	wд	5	0.004	0.6021
1281	wﬁ	5	0.004	0.6021
1281	yā	5	0.004	0.6021
1281	zí	5	0.004	0.6021
1281	zÿ	5	0.004	0.6021
1281	ßy	5	0.004	0.6021
1281	áa	5	0.004	0.6021
1281	ãv	5	0.004	0.6021
1281	æd	5	0.004	0.6021
1281	æk	5	0.004	0.6021
1281	çá	5	0.004	0.6021
1281	çï	5	0.004	0.6021
1281	èf	5	0.004	0.6021
1281	ëd	5	0.004	0.6021
1281	ïï	5	0.004	0.6021
1281	ñn	5	0.004	0.6021
1281	ñï	5	0.004	0.6021
1281	öj	5	0.004	0.6021
1281	öü	5	0.004	0.6021
1281	øj	5	0.004	0.6021
1281	ùg	5	0.004	0.6021
1281	ûô	5	0.004	0.6021
1281	üã	5	0.004	0.6021
1281	ÿw	5	0.004	0.6021
1281	če	5	0.004	0.6021
1281	čs	5	0.004	0.6021
1281	ıo	5	0.004	0.6021
1281	ōc	5	0.004	0.6021
1281	ōg	5	0.004	0.6021
1281	œc	5	0.004	0.6021
1281	œr	5	0.004	0.6021
1281	şt	5	0.004	0.6021
1281	šp	5	0.004	0.6021
1281	šá	5	0.004	0.6021
1281	αi	5	0.004	0.6021
1281	αp	5	0.004	0.6021
1281	ηä	5	0.004	0.6021
1281	κ$	5	0.004	0.6021
1281	κn	5	0.004	0.6021
1281	μö	5	0.004	0.6021
1281	μü	5	0.004	0.6021
1281	μυ	5	0.004	0.6021
1281	ρe	5	0.004	0.6021
1281	ρl	5	0.004	0.6021
1281	υz	5	0.004	0.6021
1281	дl	5	0.004	0.6021
1281	дs	5	0.004	0.6021
1281	цs	5	0.004	0.6021
1282	-ã	4	0.0032	0.5051
1282	^ð	4	0.0032	0.5051
1282	cκ	4	0.0032	0.5051
1282	dà	4	0.0032	0.5051
1282	gš	4	0.0032	0.5051
1282	gд	4	0.0032	0.5051
1282	hæ	4	0.0032	0.5051
1282	hù	4	0.0032	0.5051
1282	hā	4	0.0032	0.5051
1282	hτ	4	0.0032	0.5051
1282	hﬂ	4	0.0032	0.5051
1282	ië	4	0.0032	0.5051
1282	jï	4	0.0032	0.5051
1282	jû	4	0.0032	0.5051
1282	jυ	4	0.0032	0.5051
1282	kō	4	0.0032	0.5051
1282	kř	4	0.0032	0.5051
1282	lë	4	0.0032	0.5051
1282	lā	4	0.0032	0.5051
1282	lď	4	0.0032	0.5051
1282	mß	4	0.0032	0.5051
1282	mū	4	0.0032	0.5051
1282	mд	4	0.0032	0.5051
1282	nõ	4	0.0032	0.5051
1282	oç	4	0.0032	0.5051
1282	pî	4	0.0032	0.5051
1282	rë	4	0.0032	0.5051
1282	rõ	4	0.0032	0.5051
1282	rĺ	4	0.0032	0.5051
1282	rц	4	0.0032	0.5051
1282	tæ	4	0.0032	0.5051
1282	uë	4	0.0032	0.5051
1282	uя	4	0.0032	0.5051
1282	vú	4	0.0032	0.5051
1282	vı	4	0.0032	0.5051
1282	vš	4	0.0032	0.5051
1282	wë	4	0.0032	0.5051
1282	yß	4	0.0032	0.5051
1282	yí	4	0.0032	0.5051
1282	zâ	4	0.0032	0.5051
1282	àb	4	0.0032	0.5051
1282	àc	4	0.0032	0.5051
1282	àg	4	0.0032	0.5051
1282	ài	4	0.0032	0.5051
1282	á'	4	0.0032	0.5051
1282	â-	4	0.0032	0.5051
1282	âé	4	0.0032	0.5051
1282	âï	4	0.0032	0.5051
1282	âž	4	0.0032	0.5051
1282	äü	4	0.0032	0.5051
1282	åu	4	0.0032	0.5051
1282	åô	4	0.0032	0.5051
1282	æg	4	0.0032	0.5051
1282	èo	4	0.0032	0.5051
1282	èx	4	0.0032	0.5051
1282	êk	4	0.0032	0.5051
1282	ëg	4	0.0032	0.5051
1282	ëu	4	0.0032	0.5051
1282	ìy	4	0.0032	0.5051
1282	íz	4	0.0032	0.5051
1282	ôe	4	0.0032	0.5051
1282	ôf	4	0.0032	0.5051
1282	õb	4	0.0032	0.5051
1282	õh	4	0.0032	0.5051
1282	õl	4	0.0032	0.5051
1282	ùh	4	0.0032	0.5051
1282	úk	4	0.0032	0.5051
1282	ûj	4	0.0032	0.5051
1282	þý	4	0.0032	0.5051
1282	āw	4	0.0032	0.5051
1282	ğ$	4	0.0032	0.5051
1282	ğr	4	0.0032	0.5051
1282	ıa	4	0.0032	0.5051
1282	ĺq	4	0.0032	0.5051
1282	łu	4	0.0032	0.5051
1282	ōy	4	0.0032	0.5051
1282	ūn	4	0.0032	0.5051
1282	žs	4	0.0032	0.5051
1282	ƒs	4	0.0032	0.5051
1282	εn	4	0.0032	0.5051
1282	ηö	4	0.0032	0.5051
1282	κü	4	0.0032	0.5051
1282	κν	4	0.0032	0.5051
1282	νd	4	0.0032	0.5051
1282	νg	4	0.0032	0.5051
1282	ον	4	0.0032	0.5051
1282	ρi	4	0.0032	0.5051
1282	τ$	4	0.0032	0.5051
1282	дg	4	0.0032	0.5051
1282	цf	4	0.0032	0.5051
1282	цg	4	0.0032	0.5051
1282	ьm	4	0.0032	0.5051
1282	яt	4	0.0032	0.5051
1282	ﬁc	4	0.0032	0.5051
1282	ﬁu	4	0.0032	0.5051
1282	ﬂh	4	0.0032	0.5051
1282	ﬂn	4	0.0032	0.5051
1282	ﬂö	4	0.0032	0.5051
1283	'x	3	0.0024	0.3802
1283	ač	3	0.0024	0.3802
1283	bı	3	0.0024	0.3802
1283	bь	3	0.0024	0.3802
1283	cù	3	0.0024	0.3802
1283	dõ	3	0.0024	0.3802
1283	dœ	3	0.0024	0.3802
1283	eè	3	0.0024	0.3802
1283	eì	3	0.0024	0.3802
1283	eô	3	0.0024	0.3802
1283	eø	3	0.0024	0.3802
1283	fô	3	0.0024	0.3802
1283	gï	3	0.0024	0.3802
1283	gь	3	0.0024	0.3802
1283	hı	3	0.0024	0.3802
1283	iº	3	0.0024	0.3802
1283	jx	3	0.0024	0.3802
1283	jâ	3	0.0024	0.3802
1283	kž	3	0.0024	0.3802
1283	kд	3	0.0024	0.3802
1283	kﬁ	3	0.0024	0.3802
1283	lō	3	0.0024	0.3802
1283	mù	3	0.0024	0.3802
1283	mş	3	0.0024	0.3802
1283	nď	3	0.0024	0.3802
1283	nь	3	0.0024	0.3802
1283	nҫ	3	0.0024	0.3802
1283	oя	3	0.0024	0.3802
1283	pß	3	0.0024	0.3802
1283	pç	3	0.0024	0.3802
1283	pь	3	0.0024	0.3802
1283	rō	3	0.0024	0.3802
1283	rҫ	3	0.0024	0.3802
1283	sν	3	0.0024	0.3802
1283	tß	3	0.0024	0.3802
1283	uó	3	0.0024	0.3802
1283	uþ	3	0.0024	0.3802
1283	uś	3	0.0024	0.3802
1283	uτ	3	0.0024	0.3802
1283	vô	3	0.0024	0.3802
1283	vц	3	0.0024	0.3802
1283	wó	3	0.0024	0.3802
1283	wь	3	0.0024	0.3802
1283	xú	3	0.0024	0.3802
1283	yâ	3	0.0024	0.3802
1283	zï	3	0.0024	0.3802
1283	zο	3	0.0024	0.3802
1283	ßν	3	0.0024	0.3802
1283	áf	3	0.0024	0.3802
1283	âo	3	0.0024	0.3802
1283	âw	3	0.0024	0.3802
1283	âä	3	0.0024	0.3802
1283	âå	3	0.0024	0.3802
1283	äù	3	0.0024	0.3802
1283	äÿ	3	0.0024	0.3802
1283	åf	3	0.0024	0.3802
1283	åé	3	0.0024	0.3802
1283	æa	3	0.0024	0.3802
1283	æw	3	0.0024	0.3802
1283	æç	3	0.0024	0.3802
1283	çm	3	0.0024	0.3802
1283	çë	3	0.0024	0.3802
1283	èi	3	0.0024	0.3802
1283	éô	3	0.0024	0.3802
1283	ëõ	3	0.0024	0.3802
1283	ìl	3	0.0024	0.3802
1283	í-	3	0.0024	0.3802
1283	íq	3	0.0024	0.3802
1283	íá	3	0.0024	0.3802
1283	íå	3	0.0024	0.3802
1283	îb	3	0.0024	0.3802
1283	ïz	3	0.0024	0.3802
1283	ðg	3	0.0024	0.3802
1283	ðý	3	0.0024	0.3802
1283	óo	3	0.0024	0.3802
1283	ôß	3	0.0024	0.3802
1283	ôï	3	0.0024	0.3802
1283	õe	3	0.0024	0.3802
1283	öq	3	0.0024	0.3802
1283	öá	3	0.0024	0.3802
1283	öç	3	0.0024	0.3802
1283	øí	3	0.0024	0.3802
1283	ùf	3	0.0024	0.3802
1283	ùm	3	0.0024	0.3802
1283	ùt	3	0.0024	0.3802
1283	ùæ	3	0.0024	0.3802
1283	úg	3	0.0024	0.3802
1283	ûp	3	0.0024	0.3802
1283	ýp	3	0.0024	0.3802
1283	þj	3	0.0024	0.3802
1283	ÿd	3	0.0024	0.3802
1283	ÿp	3	0.0024	0.3802
1283	ąc	3	0.0024	0.3802
1283	čá	3	0.0024	0.3802
1283	ığ	3	0.0024	0.3802
1283	ış	3	0.0024	0.3802
1283	łk	3	0.0024	0.3802
1283	ńs	3	0.0024	0.3802
1283	ōb	3	0.0024	0.3802
1283	ōw	3	0.0024	0.3802
1283	śk	3	0.0024	0.3802
1283	şm	3	0.0024	0.3802
1283	şü	3	0.0024	0.3802
1283	šo	3	0.0024	0.3802
1283	šv	3	0.0024	0.3802
1283	šw	3	0.0024	0.3802
1283	ū$	3	0.0024	0.3802
1283	̇n	3	0.0024	0.3802
1283	α$	3	0.0024	0.3802
1283	αf	3	0.0024	0.3802
1283	βü	3	0.0024	0.3802
1283	εg	3	0.0024	0.3802
1283	ηt	3	0.0024	0.3802
1283	ηο	3	0.0024	0.3802
1283	κt	3	0.0024	0.3802
1283	κö	3	0.0024	0.3802
1283	ο-	3	0.0024	0.3802
1283	οz	3	0.0024	0.3802
1283	οο	3	0.0024	0.3802
1283	дc	3	0.0024	0.3802
1283	дf	3	0.0024	0.3802
1283	дz	3	0.0024	0.3802
1283	ьl	3	0.0024	0.3802
1283	ҫa	3	0.0024	0.3802
1283	ﬂt	3	0.0024	0.3802
1284	'à	2	0.0016	0.2041
1284	'á	2	0.0016	0.2041
1284	'â	2	0.0016	0.2041
1284	'í	2	0.0016	0.2041
1284	'ó	2	0.0016	0.2041
1284	-â	2	0.0016	0.2041
1284	-ç	2	0.0016	0.2041
1284	-ó	2	0.0016	0.2041
1284	-α	2	0.0016	0.2041
1284	-μ	2	0.0016	0.2041
1284	^ś	2	0.0016	0.2041
1284	^ż	2	0.0016	0.2041
1284	^д	2	0.0016	0.2041
1284	^п	2	0.0016	0.2041
1284	^ц	2	0.0016	0.2041
1284	^ད	2	0.0016	0.2041
1284	^㤹	2	0.0016	0.2041
1284	aæ	2	0.0016	0.2041
1284	aì	2	0.0016	0.2041
1284	aò	2	0.0016	0.2041
1284	aû	2	0.0016	0.2041
1284	aţ	2	0.0016	0.2041
1284	aҫ	2	0.0016	0.2041
1284	bť	2	0.0016	0.2041
1284	bд	2	0.0016	0.2041
1284	cº	2	0.0016	0.2041
1284	cæ	2	0.0016	0.2041
1284	cł	2	0.0016	0.2041
1284	dō	2	0.0016	0.2041
1284	dš	2	0.0016	0.2041
1284	eú	2	0.0016	0.2041
1284	eř	2	0.0016	0.2041
1284	eο	2	0.0016	0.2041
1284	fõ	2	0.0016	0.2041
1284	fž	2	0.0016	0.2041
1284	gñ	2	0.0016	0.2041
1284	h黤	2	0.0016	0.2041
1284	iğ	2	0.0016	0.2041
1284	iǎ	2	0.0016	0.2041
1284	i適	2	0.0016	0.2041
1284	jο	2	0.0016	0.2041
1284	kþ	2	0.0016	0.2041
1284	kﬂ	2	0.0016	0.2041
1284	lþ	2	0.0016	0.2041
1284	lč	2	0.0016	0.2041
1284	mý	2	0.0016	0.2041
1284	nº	2	0.0016	0.2041
1284	nù	2	0.0016	0.2041
1284	nþ	2	0.0016	0.2041
1284	nα	2	0.0016	0.2041
1284	nκ	2	0.0016	0.2041
1284	oà	2	0.0016	0.2041
1284	oú	2	0.0016	0.2041
1284	oý	2	0.0016	0.2041
1284	oœ	2	0.0016	0.2041
1284	oř	2	0.0016	0.2041
1284	oś	2	0.0016	0.2041
1284	oş	2	0.0016	0.2041
1284	pă	2	0.0016	0.2041
1284	pš	2	0.0016	0.2041
1284	qù	2	0.0016	0.2041
1284	rů	2	0.0016	0.2041
1284	rν	2	0.0016	0.2041
1284	rρ	2	0.0016	0.2041
1284	sд	2	0.0016	0.2041
1284	sь	2	0.0016	0.2041
1284	tù	2	0.0016	0.2041
1284	tē	2	0.0016	0.2041
1284	tě	2	0.0016	0.2041
1284	tц	2	0.0016	0.2041
1284	tﬁ	2	0.0016	0.2041
1284	uâ	2	0.0016	0.2041
1284	uč	2	0.0016	0.2041
1284	vâ	2	0.0016	0.2041
1284	vë	2	0.0016	0.2041
1284	võ	2	0.0016	0.2041
1284	vø	2	0.0016	0.2041
1284	wý	2	0.0016	0.2041
1284	wł	2	0.0016	0.2041
1284	wц	2	0.0016	0.2041
1284	wﬂ	2	0.0016	0.2041
1284	yê	2	0.0016	0.2041
1284	yð	2	0.0016	0.2041
1284	ył	2	0.0016	0.2041
1284	yū	2	0.0016	0.2041
1284	yο	2	0.0016	0.2041
1284	zå	2	0.0016	0.2041
1284	zõ	2	0.0016	0.2041
1284	zą	2	0.0016	0.2041
1284	zд	2	0.0016	0.2041
1284	zﬂ	2	0.0016	0.2041
1284	µ-	2	0.0016	0.2041
1284	ßí	2	0.0016	0.2041
1284	ßö	2	0.0016	0.2041
1284	àf	2	0.0016	0.2041
1284	àk	2	0.0016	0.2041
1284	áñ	2	0.0016	0.2041
1284	âk	2	0.0016	0.2041
1284	âœ	2	0.0016	0.2041
1284	ãq	2	0.0016	0.2041
1284	ãß	2	0.0016	0.2041
1284	ãþ	2	0.0016	0.2041
1284	äﬁ	2	0.0016	0.2041
1284	å-	2	0.0016	0.2041
1284	åm	2	0.0016	0.2041
1284	åå	2	0.0016	0.2041
1284	çw	2	0.0016	0.2041
1284	èá	2	0.0016	0.2041
1284	èö	2	0.0016	0.2041
1284	éì	2	0.0016	0.2041
1284	éí	2	0.0016	0.2041
1284	éﬁ	2	0.0016	0.2041
1284	ê-	2	0.0016	0.2041
1284	êg	2	0.0016	0.2041
1284	êá	2	0.0016	0.2041
1284	êå	2	0.0016	0.2041
1284	êê	2	0.0016	0.2041
1284	ëc	2	0.0016	0.2041
1284	ëf	2	0.0016	0.2041
1284	ëh	2	0.0016	0.2041
1284	ëk	2	0.0016	0.2041
1284	ì'	2	0.0016	0.2041
1284	ìg	2	0.0016	0.2041
1284	ìs	2	0.0016	0.2041
1284	ìv	2	0.0016	0.2041
1284	ìå	2	0.0016	0.2041
1284	íj	2	0.0016	0.2041
1284	íß	2	0.0016	0.2041
1284	íô	2	0.0016	0.2041
1284	î'	2	0.0016	0.2041
1284	îo	2	0.0016	0.2041
1284	îp	2	0.0016	0.2041
1284	ïy	2	0.0016	0.2041
1284	ðd	2	0.0016	0.2041
1284	ðf	2	0.0016	0.2041
1284	ðk	2	0.0016	0.2041
1284	ðî	2	0.0016	0.2041
1284	ñ-	2	0.0016	0.2041
1284	ñh	2	0.0016	0.2041
1284	ñå	2	0.0016	0.2041
1284	ò-	2	0.0016	0.2041
1284	òm	2	0.0016	0.2041
1284	ó-	2	0.0016	0.2041
1284	ój	2	0.0016	0.2041
1284	óy	2	0.0016	0.2041
1284	óã	2	0.0016	0.2041
1284	ôé	2	0.0016	0.2041
1284	õp	2	0.0016	0.2041
1284	õv	2	0.0016	0.2041
1284	öx	2	0.0016	0.2041
1284	öﬁ	2	0.0016	0.2041
1284	öﬂ	2	0.0016	0.2041
1284	ø-	2	0.0016	0.2041
1284	øp	2	0.0016	0.2041
1284	øt	2	0.0016	0.2041
1284	ùl	2	0.0016	0.2041
1284	ùž	2	0.0016	0.2041
1284	új	2	0.0016	0.2041
1284	úv	2	0.0016	0.2041
1284	üí	2	0.0016	0.2041
1284	üö	2	0.0016	0.2041
1284	ýe	2	0.0016	0.2041
1284	ýf	2	0.0016	0.2041
1284	ýw	2	0.0016	0.2041
1284	þf	2	0.0016	0.2041
1284	ÿk	2	0.0016	0.2041
1284	ăl	2	0.0016	0.2041
1284	či	2	0.0016	0.2041
1284	ēs	2	0.0016	0.2041
1284	ęs	2	0.0016	0.2041
1284	ěz	2	0.0016	0.2041
1284	ıb	2	0.0016	0.2041
1284	ıc	2	0.0016	0.2041
1284	ıd	2	0.0016	0.2041
1284	łę	2	0.0016	0.2041
1284	ō-	2	0.0016	0.2041
1284	ōe	2	0.0016	0.2041
1284	ōi	2	0.0016	0.2041
1284	ōj	2	0.0016	0.2041
1284	ōk	2	0.0016	0.2041
1284	ōm	2	0.0016	0.2041
1284	ōn	2	0.0016	0.2041
1284	œ$	2	0.0016	0.2041
1284	ří	2	0.0016	0.2041
1284	ś$	2	0.0016	0.2041
1284	śm	2	0.0016	0.2041
1284	św	2	0.0016	0.2041
1284	şk	2	0.0016	0.2041
1284	şl	2	0.0016	0.2041
1284	şı	2	0.0016	0.2041
1284	šè	2	0.0016	0.2041
1284	šč	2	0.0016	0.2041
1284	ţi	2	0.0016	0.2041
1284	ū-	2	0.0016	0.2041
1284	ůž	2	0.0016	0.2041
1284	żu	2	0.0016	0.2041
1284	žv	2	0.0016	0.2041
1284	ƒe	2	0.0016	0.2041
1284	ƒw	2	0.0016	0.2041
1284	ǎo	2	0.0016	0.2041
1284	ʻʻ	2	0.0016	0.2041
1284	̇h	2	0.0016	0.2041
1284	αc	2	0.0016	0.2041
1284	αh	2	0.0016	0.2041
1284	αs	2	0.0016	0.2041
1284	αt	2	0.0016	0.2041
1284	βa	2	0.0016	0.2041
1284	ε$	2	0.0016	0.2041
1284	εh	2	0.0016	0.2041
1284	ηo	2	0.0016	0.2041
1284	ηr	2	0.0016	0.2041
1284	ηu	2	0.0016	0.2041
1284	νl	2	0.0016	0.2041
1284	νκ	2	0.0016	0.2041
1284	ρ$	2	0.0016	0.2041
1284	τi	2	0.0016	0.2041
1284	τo	2	0.0016	0.2041
1284	τü	2	0.0016	0.2041
1284	το	2	0.0016	0.2041
1284	ай	2	0.0016	0.2041
1284	дb	2	0.0016	0.2041
1284	дd	2	0.0016	0.2041
1284	и$	2	0.0016	0.2041
1284	о$	2	0.0016	0.2041
1284	од	2	0.0016	0.2041
1284	по	2	0.0016	0.2041
1284	ця	2	0.0016	0.2041
1284	ьd	2	0.0016	0.2041
1284	ья	2	0.0016	0.2041
1284	གོ	2	0.0016	0.2041
1284	དག	2	0.0016	0.2041
1284	ནཔ	2	0.0016	0.2041
1284	པ$	2	0.0016	0.2041
1284	ོན	2	0.0016	0.2041
1284	ⰰ〵	2	0.0016	0.2041
1284	ⰲ昼	2	0.0016	0.2041
1284	ⴭ㨰	2	0.0016	0.2041
1284	〵ⴭ	2	0.0016	0.2041
1284	ㄽ㸴	2	0.0016	0.2041
1284	㤹㤹	2	0.0016	0.2041
1284	㤹㨰	2	0.0016	0.2041
1284	㨰ⰰ	2	0.0016	0.2041
1284	㨰ⰲ	2	0.0016	0.2041
1284	㱴是	2	0.0016	0.2041
1284	㵲晦	2	0.0016	0.2041
1284	㸴睷	2	0.0016	0.2041
1284	㹴$	2	0.0016	0.2041
1284	敬敮	2	0.0016	0.2041
1284	敮㱴	2	0.0016	0.2041
1284	敺ㄽ	2	0.0016	0.2041
1284	是湯	2	0.0016	0.2041
1284	昼湯	2	0.0016	0.2041
1284	晦晦	2	0.0016	0.2041
1284	晦楳	2	0.0016	0.2041
1284	楳敺	2	0.0016	0.2041
1284	湯㹴	2	0.0016	0.2041
1284	湯潣	2	0.0016	0.2041
1284	潣潬	2	0.0016	0.2041
1284	潬㵲	2	0.0016	0.2041
1284	瑢瑩	2	0.0016	0.2041
1284	瑩敬	2	0.0016	0.2041
1284	畳瑢	2	0.0016	0.2041
1284	癴畳	2	0.0016	0.2041
1284	睷癴	2	0.0016	0.2041
1284	適e	2	0.0016	0.2041
1284	黤t	2	0.0016	0.2041
1284	ﬁa	2	0.0016	0.2041
1284	ﬁj	2	0.0016	0.2041
1284	ﬁm	2	0.0016	0.2041
1284	ﬁﬂ	2	0.0016	0.2041
1284	ﬂg	2	0.0016	0.2041
1285	'ô	1	0.0008	-0.0969
1285	-æ	1	0.0008	-0.0969
1285	-ë	1	0.0008	-0.0969
1285	-ì	1	0.0008	-0.0969
1285	-î	1	0.0008	-0.0969
1285	-ï	1	0.0008	-0.0969
1285	-ø	1	0.0008	-0.0969
1285	-ý	1	0.0008	-0.0969
1285	-β	1	0.0008	-0.0969
1285	-η	1	0.0008	-0.0969
1285	-τ	1	0.0008	-0.0969
1285	^ë	1	0.0008	-0.0969
1285	^ò	1	0.0008	-0.0969
1285	^ę	1	0.0008	-0.0969
1285	^ƒ	1	0.0008	-0.0969
1285	^ʻ	1	0.0008	-0.0969
1285	^π	1	0.0008	-0.0969
1285	^в	1	0.0008	-0.0969
1285	^и	1	0.0008	-0.0969
1285	^с	1	0.0008	-0.0969
1285	^т	1	0.0008	-0.0969
1285	^у	1	0.0008	-0.0969
1285	^э	1	0.0008	-0.0969
1285	^я	1	0.0008	-0.0969
1285	^ِ	1	0.0008	-0.0969
1285	^ආ	1	0.0008	-0.0969
1285	^戦	1	0.0008	-0.0969
1285	^本	1	0.0008	-0.0969
1285	^膕	1	0.0008	-0.0969
1285	^马	1	0.0008	-0.0969
1285	aâ	1	0.0008	-0.0969
1285	aù	1	0.0008	-0.0969
1285	aý	1	0.0008	-0.0969
1285	ań	1	0.0008	-0.0969
1285	aō	1	0.0008	-0.0969
1285	aś	1	0.0008	-0.0969
1285	aη	1	0.0008	-0.0969
1285	aκ	1	0.0008	-0.0969
1285	aο	1	0.0008	-0.0969
1285	aﬀ	1	0.0008	-0.0969
1285	bß	1	0.0008	-0.0969
1285	bï	1	0.0008	-0.0969
1285	bþ	1	0.0008	-0.0969
1285	bц	1	0.0008	-0.0969
1285	cå	1	0.0008	-0.0969
1285	cî	1	0.0008	-0.0969
1285	cø	1	0.0008	-0.0969
1285	cý	1	0.0008	-0.0969
1285	dë	1	0.0008	-0.0969
1285	dù	1	0.0008	-0.0969
1285	dā	1	0.0008	-0.0969
1285	dē	1	0.0008	-0.0969
1285	dł	1	0.0008	-0.0969
1285	dд	1	0.0008	-0.0969
1285	dц	1	0.0008	-0.0969
1285	dﬁ	1	0.0008	-0.0969
1285	eë	1	0.0008	-0.0969
1285	eõ	1	0.0008	-0.0969
1285	eğ	1	0.0008	-0.0969
1285	eκ	1	0.0008	-0.0969
1285	eρ	1	0.0008	-0.0969
1285	eχ	1	0.0008	-0.0969
1285	eц	1	0.0008	-0.0969
1285	e遳	1	0.0008	-0.0969
1285	fì	1	0.0008	-0.0969
1285	fð	1	0.0008	-0.0969
1285	fò	1	0.0008	-0.0969
1285	fν	1	0.0008	-0.0969
1285	fτ	1	0.0008	-0.0969
1285	gß	1	0.0008	-0.0969
1285	gë	1	0.0008	-0.0969
1285	gì	1	0.0008	-0.0969
1285	gò	1	0.0008	-0.0969
1285	gÿ	1	0.0008	-0.0969
1285	gε	1	0.0008	-0.0969
1285	gκ	1	0.0008	-0.0969
1285	gτ	1	0.0008	-0.0969
1285	hѐ	1	0.0008	-0.0969
1285	iõ	1	0.0008	-0.0969
1285	ią	1	0.0008	-0.0969
1285	ię	1	0.0008	-0.0969
1285	ił	1	0.0008	-0.0969
1285	iń	1	0.0008	-0.0969
1285	iœ	1	0.0008	-0.0969
1285	iř	1	0.0008	-0.0969
1285	iυ	1	0.0008	-0.0969
1285	iҫ	1	0.0008	-0.0969
1285	iệ	1	0.0008	-0.0969
1285	jß	1	0.0008	-0.0969
1285	jë	1	0.0008	-0.0969
1285	jÿ	1	0.0008	-0.0969
1285	jī	1	0.0008	-0.0969
1285	jō	1	0.0008	-0.0969
1285	jь	1	0.0008	-0.0969
1285	kæ	1	0.0008	-0.0969
1285	kł	1	0.0008	-0.0969
1285	lē	1	0.0008	-0.0969
1285	lα	1	0.0008	-0.0969
1285	lη	1	0.0008	-0.0969
1285	lκ	1	0.0008	-0.0969
1285	lν	1	0.0008	-0.0969
1285	mæ	1	0.0008	-0.0969
1285	mþ	1	0.0008	-0.0969
1285	mō	1	0.0008	-0.0969
1285	mη	1	0.0008	-0.0969
1285	nò	1	0.0008	-0.0969
1285	ně	1	0.0008	-0.0969
1285	nō	1	0.0008	-0.0969
1285	nő	1	0.0008	-0.0969
1285	oč	1	0.0008	-0.0969
1285	pì	1	0.0008	-0.0969
1285	põ	1	0.0008	-0.0969
1285	pþ	1	0.0008	-0.0969
1285	pÿ	1	0.0008	-0.0969
1285	př	1	0.0008	-0.0969
1285	qó	1	0.0008	-0.0969
1285	rþ	1	0.0008	-0.0969
1285	rę	1	0.0008	-0.0969
1285	rκ	1	0.0008	-0.0969
1285	rτ	1	0.0008	-0.0969
1285	rа	1	0.0008	-0.0969
1285	sç	1	0.0008	-0.0969
1285	sý	1	0.0008	-0.0969
1285	sþ	1	0.0008	-0.0969
1285	să	1	0.0008	-0.0969
1285	są	1	0.0008	-0.0969
1285	sę	1	0.0008	-0.0969
1285	sα	1	0.0008	-0.0969
1285	sμ	1	0.0008	-0.0969
1285	sρ	1	0.0008	-0.0969
1285	sτ	1	0.0008	-0.0969
1285	sб	1	0.0008	-0.0969
1285	sц	1	0.0008	-0.0969
1285	tř	1	0.0008	-0.0969
1285	tž	1	0.0008	-0.0969
1285	tʻ	1	0.0008	-0.0969
1285	tν	1	0.0008	-0.0969
1285	uì	1	0.0008	-0.0969
1285	uï	1	0.0008	-0.0969
1285	uø	1	0.0008	-0.0969
1285	và	1	0.0008	-0.0969
1285	vù	1	0.0008	-0.0969
1285	vý	1	0.0008	-0.0969
1285	vă	1	0.0008	-0.0969
1285	vĩ	1	0.0008	-0.0969
1285	vş	1	0.0008	-0.0969
1285	vα	1	0.0008	-0.0969
1285	vﬁ	1	0.0008	-0.0969
1285	vﬂ	1	0.0008	-0.0969
1285	xá	1	0.0008	-0.0969
1285	xè	1	0.0008	-0.0969
1285	xó	1	0.0008	-0.0969
1285	yå	1	0.0008	-0.0969
1285	yç	1	0.0008	-0.0969
1285	yì	1	0.0008	-0.0969
1285	yî	1	0.0008	-0.0969
1285	yï	1	0.0008	-0.0969
1285	yń	1	0.0008	-0.0969
1285	yś	1	0.0008	-0.0969
1285	yš	1	0.0008	-0.0969
1285	yρ	1	0.0008	-0.0969
1285	yﬁ	1	0.0008	-0.0969
1285	zê	1	0.0008	-0.0969
1285	zō	1	0.0008	-0.0969
1285	zِ	1	0.0008	-0.0969
1285	ªd	1	0.0008	-0.0969
1285	ªv	1	0.0008	-0.0969
1285	µó	1	0.0008	-0.0969
1285	ºy	1	0.0008	-0.0969
1285	ºº	1	0.0008	-0.0969
1285	ßﬁ	1	0.0008	-0.0969
1285	àd	1	0.0008	-0.0969
1285	àe	1	0.0008	-0.0969
1285	àm	1	0.0008	-0.0969
1285	àã	1	0.0008	-0.0969
1285	áo	1	0.0008	-0.0969
1285	áq	1	0.0008	-0.0969
1285	áá	1	0.0008	-0.0969
1285	áê	1	0.0008	-0.0969
1285	áì	1	0.0008	-0.0969
1285	áø	1	0.0008	-0.0969
1285	áć	1	0.0008	-0.0969
1285	â'	1	0.0008	-0.0969
1285	âj	1	0.0008	-0.0969
1285	âv	1	0.0008	-0.0969
1285	âx	1	0.0008	-0.0969
1285	âñ	1	0.0008	-0.0969
1285	âô	1	0.0008	-0.0969
1285	ã'	1	0.0008	-0.0969
1285	ãy	1	0.0008	-0.0969
1285	ãª	1	0.0008	-0.0969
1285	ãé	1	0.0008	-0.0969
1285	ãí	1	0.0008	-0.0969
1285	ãð	1	0.0008	-0.0969
1285	ãó	1	0.0008	-0.0969
1285	äé	1	0.0008	-0.0969
1285	äě	1	0.0008	-0.0969
1285	åa	1	0.0008	-0.0969
1285	åc	1	0.0008	-0.0969
1285	åj	1	0.0008	-0.0969
1285	åw	1	0.0008	-0.0969
1285	åá	1	0.0008	-0.0969
1285	åâ	1	0.0008	-0.0969
1285	åã	1	0.0008	-0.0969
1285	åç	1	0.0008	-0.0969
1285	åñ	1	0.0008	-0.0969
1285	åž	1	0.0008	-0.0969
1285	æ-	1	0.0008	-0.0969
1285	æh	1	0.0008	-0.0969
1285	æo	1	0.0008	-0.0969
1285	æà	1	0.0008	-0.0969
1285	ææ	1	0.0008	-0.0969
1285	çr	1	0.0008	-0.0969
1285	çy	1	0.0008	-0.0969
1285	çä	1	0.0008	-0.0969
1285	çé	1	0.0008	-0.0969
1285	çô	1	0.0008	-0.0969
1285	çú	1	0.0008	-0.0969
1285	çü	1	0.0008	-0.0969
1285	çď	1	0.0008	-0.0969
1285	èj	1	0.0008	-0.0969
1285	èu	1	0.0008	-0.0969
1285	éñ	1	0.0008	-0.0969
1285	éü	1	0.0008	-0.0969
1285	êb	1	0.0008	-0.0969
1285	êh	1	0.0008	-0.0969
1285	êu	1	0.0008	-0.0969
1285	êz	1	0.0008	-0.0969
1285	êä	1	0.0008	-0.0969
1285	êñ	1	0.0008	-0.0969
1285	êô	1	0.0008	-0.0969
1285	ëb	1	0.0008	-0.0969
1285	ëv	1	0.0008	-0.0969
1285	ìm	1	0.0008	-0.0969
1285	ìt	1	0.0008	-0.0969
1285	ìá	1	0.0008	-0.0969
1285	ìã	1	0.0008	-0.0969
1285	ìì	1	0.0008	-0.0969
1285	ìò	1	0.0008	-0.0969
1285	íæ	1	0.0008	-0.0969
1285	íè	1	0.0008	-0.0969
1285	íé	1	0.0008	-0.0969
1285	íñ	1	0.0008	-0.0969
1285	íš	1	0.0008	-0.0969
1285	î-	1	0.0008	-0.0969
1285	îh	1	0.0008	-0.0969
1285	îi	1	0.0008	-0.0969
1285	îá	1	0.0008	-0.0969
1285	ï-	1	0.0008	-0.0969
1285	ïá	1	0.0008	-0.0969
1285	ïâ	1	0.0008	-0.0969
1285	ïë	1	0.0008	-0.0969
1285	ïû	1	0.0008	-0.0969
1285	ð-	1	0.0008	-0.0969
1285	ðn	1	0.0008	-0.0969
1285	ðç	1	0.0008	-0.0969
1285	ðó	1	0.0008	-0.0969
1285	ðô	1	0.0008	-0.0969
1285	ðö	1	0.0008	-0.0969
1285	ðü	1	0.0008	-0.0969
1285	ñc	1	0.0008	-0.0969
1285	ñd	1	0.0008	-0.0969
1285	ñj	1	0.0008	-0.0969
1285	ñì	1	0.0008	-0.0969
1285	ññ	1	0.0008	-0.0969
1285	òe	1	0.0008	-0.0969
1285	òr	1	0.0008	-0.0969
1285	òt	1	0.0008	-0.0969
1285	òµ	1	0.0008	-0.0969
1285	òë	1	0.0008	-0.0969
1285	óa	1	0.0008	-0.0969
1285	óx	1	0.0008	-0.0969
1285	óç	1	0.0008	-0.0969
1285	óú	1	0.0008	-0.0969
1285	ôv	1	0.0008	-0.0969
1285	ôá	1	0.0008	-0.0969
1285	ôæ	1	0.0008	-0.0969
1285	ôô	1	0.0008	-0.0969
1285	ôõ	1	0.0008	-0.0969
1285	õ-	1	0.0008	-0.0969
1285	õi	1	0.0008	-0.0969
1285	ö'	1	0.0008	-0.0969
1285	öñ	1	0.0008	-0.0969
1285	öν	1	0.0008	-0.0969
1285	øo	1	0.0008	-0.0969
1285	øu	1	0.0008	-0.0969
1285	øä	1	0.0008	-0.0969
1285	úe	1	0.0008	-0.0969
1285	úy	1	0.0008	-0.0969
1285	úç	1	0.0008	-0.0969
1285	úé	1	0.0008	-0.0969
1285	úñ	1	0.0008	-0.0969
1285	úď	1	0.0008	-0.0969
1285	ûk	1	0.0008	-0.0969
1285	ûy	1	0.0008	-0.0969
1285	ûó	1	0.0008	-0.0969
1285	üç	1	0.0008	-0.0969
1285	üñ	1	0.0008	-0.0969
1285	üş	1	0.0008	-0.0969
1285	ý-	1	0.0008	-0.0969
1285	ýa	1	0.0008	-0.0969
1285	ýo	1	0.0008	-0.0969
1285	þl	1	0.0008	-0.0969
1285	þu	1	0.0008	-0.0969
1285	þþ	1	0.0008	-0.0969
1285	ÿf	1	0.0008	-0.0969
1285	ÿj	1	0.0008	-0.0969
1285	ÿz	1	0.0008	-0.0969
1285	ăd	1	0.0008	-0.0969
1285	ăr	1	0.0008	-0.0969
1285	ăs	1	0.0008	-0.0969
1285	ąd	1	0.0008	-0.0969
1285	ćä	1	0.0008	-0.0969
1285	č$	1	0.0008	-0.0969
1285	čr	1	0.0008	-0.0969
1285	ďî	1	0.0008	-0.0969
1285	ďć	1	0.0008	-0.0969
1285	ē$	1	0.0008	-0.0969
1285	ēk	1	0.0008	-0.0969
1285	ę$	1	0.0008	-0.0969
1285	ęb	1	0.0008	-0.0969
1285	ęp	1	0.0008	-0.0969
1285	ęú	1	0.0008	-0.0969
1285	ě$	1	0.0008	-0.0969
1285	ěk	1	0.0008	-0.0969
1285	ğd	1	0.0008	-0.0969
1285	ği	1	0.0008	-0.0969
1285	ğm	1	0.0008	-0.0969
1285	ĩn	1	0.0008	-0.0969
1285	īn	1	0.0008	-0.0969
1285	ıh	1	0.0008	-0.0969
1285	ıp	1	0.0008	-0.0969
1285	ıw	1	0.0008	-0.0969
1285	ıí	1	0.0008	-0.0969
1285	ıü	1	0.0008	-0.0969
1285	ıﬂ	1	0.0008	-0.0969
1285	łc	1	0.0008	-0.0969
1285	łg	1	0.0008	-0.0969
1285	łs	1	0.0008	-0.0969
1285	ōf	1	0.0008	-0.0969
1285	ő$	1	0.0008	-0.0969
1285	œd	1	0.0008	-0.0969
1285	œh	1	0.0008	-0.0969
1285	œl	1	0.0008	-0.0969
1285	œm	1	0.0008	-0.0969
1285	œn	1	0.0008	-0.0969
1285	œs	1	0.0008	-0.0969
1285	œw	1	0.0008	-0.0969
1285	ře	1	0.0008	-0.0969
1285	řá	1	0.0008	-0.0969
1285	ş-	1	0.0008	-0.0969
1285	şg	1	0.0008	-0.0969
1285	šb	1	0.0008	-0.0969
1285	ūj	1	0.0008	-0.0969
1285	ūt	1	0.0008	-0.0969
1285	ž$	1	0.0008	-0.0969
1285	žc	1	0.0008	-0.0969
1285	žu	1	0.0008	-0.0969
1285	ƒπ	1	0.0008	-0.0969
1285	ʻ$	1	0.0008	-0.0969
1285	ʻw	1	0.0008	-0.0969
1285	̇l	1	0.0008	-0.0969
1285	ίν	1	0.0008	-0.0969
1285	αg	1	0.0008	-0.0969
1285	αm	1	0.0008	-0.0969
1285	αβ	1	0.0008	-0.0969
1285	βc	1	0.0008	-0.0969
1285	βο	1	0.0008	-0.0969
1285	εk	1	0.0008	-0.0969
1285	εl	1	0.0008	-0.0969
1285	ηl	1	0.0008	-0.0969
1285	ηw	1	0.0008	-0.0969
1285	ηα	1	0.0008	-0.0969
1285	ηі	1	0.0008	-0.0969
1285	κä	1	0.0008	-0.0969
1285	κα	1	0.0008	-0.0969
1285	μm	1	0.0008	-0.0969
1285	μs	1	0.0008	-0.0969
1285	νä	1	0.0008	-0.0969
1285	οa	1	0.0008	-0.0969
1285	οu	1	0.0008	-0.0969
1285	οv	1	0.0008	-0.0969
1285	οy	1	0.0008	-0.0969
1285	ου	1	0.0008	-0.0969
1285	π'	1	0.0008	-0.0969
1285	πί	1	0.0008	-0.0969
1285	ρa	1	0.0008	-0.0969
1285	ρo	1	0.0008	-0.0969
1285	ρt	1	0.0008	-0.0969
1285	τh	1	0.0008	-0.0969
1285	τj	1	0.0008	-0.0969
1285	τä	1	0.0008	-0.0969
1285	υ'	1	0.0008	-0.0969
1285	υi	1	0.0008	-0.0969
1285	υν	1	0.0008	-0.0969
1285	χp	1	0.0008	-0.0969
1285	аz	1	0.0008	-0.0969
1285	ан	1	0.0008	-0.0969
1285	бn	1	0.0008	-0.0969
1285	ве	1	0.0008	-0.0969
1285	вы	1	0.0008	-0.0969
1285	дm	1	0.0008	-0.0969
1285	да	1	0.0008	-0.0969
1285	ди	1	0.0008	-0.0969
1285	дн	1	0.0008	-0.0969
1285	ду	1	0.0008	-0.0969
1285	е$	1	0.0008	-0.0969
1285	ед	1	0.0008	-0.0969
1285	им	1	0.0008	-0.0969
1285	й$	1	0.0008	-0.0969
1285	йс	1	0.0008	-0.0969
1285	к$	1	0.0008	-0.0969
1285	ма	1	0.0008	-0.0969
1285	ни	1	0.0008	-0.0969
1285	нк	1	0.0008	-0.0969
1285	ов	1	0.0008	-0.0969
1285	ро	1	0.0008	-0.0969
1285	рр	1	0.0008	-0.0969
1285	сr	1	0.0008	-0.0969
1285	ся	1	0.0008	-0.0969
1285	та	1	0.0008	-0.0969
1285	то	1	0.0008	-0.0969
1285	у$	1	0.0008	-0.0969
1285	ух	1	0.0008	-0.0969
1285	хо	1	0.0008	-0.0969
1285	цb	1	0.0008	-0.0969
1285	цd	1	0.0008	-0.0969
1285	ше	1	0.0008	-0.0969
1285	ыш	1	0.0008	-0.0969
1285	ь$	1	0.0008	-0.0969
1285	эт	1	0.0008	-0.0969
1285	яd	1	0.0008	-0.0969
1285	яl	1	0.0008	-0.0969
1285	яn	1	0.0008	-0.0969
1285	яu	1	0.0008	-0.0969
1285	ѐm	1	0.0008	-0.0969
1285	ір	1	0.0008	-0.0969
1285	ِg	1	0.0008	-0.0969
1285	ِh	1	0.0008	-0.0969
1285	ආය	1	0.0008	-0.0969
1285	න්	1	0.0008	-0.0969
1285	බෝ	1	0.0008	-0.0969
1285	යු	1	0.0008	-0.0969
1285	වන	1	0.0008	-0.0969
1285	්$	1	0.0008	-0.0969
1285	ුබ	1	0.0008	-0.0969
1285	ෝව	1	0.0008	-0.0969
1285	ệt	1	0.0008	-0.0969
1285	业途	1	0.0008	-0.0969
1285	严禁	1	0.0008	-0.0969
1285	习交	1	0.0008	-0.0969
1285	于商	1	0.0008	-0.0969
1285	交流	1	0.0008	-0.0969
1285	仅供	1	0.0008	-0.0969
1285	伝$	1	0.0008	-0.0969
1285	供学	1	0.0008	-0.0969
1285	商业	1	0.0008	-0.0969
1285	外伝	1	0.0008	-0.0969
1285	女外	1	0.0008	-0.0969
1285	学习	1	0.0008	-0.0969
1285	少女	1	0.0008	-0.0969
1285	径$	1	0.0008	-0.0969
1285	戦闘	1	0.0008	-0.0969
1285	本片	1	0.0008	-0.0969
1285	流严	1	0.0008	-0.0969
1285	片仅	1	0.0008	-0.0969
1285	瑞$	1	0.0008	-0.0969
1285	用于	1	0.0008	-0.0969
1285	禁用	1	0.0008	-0.0969
1285	膕t	1	0.0008	-0.0969
1285	途径	1	0.0008	-0.0969
1285	遳n	1	0.0008	-0.0969
1285	闘少	1	0.0008	-0.0969
1285	马瑞	1	0.0008	-0.0969
1285	ﬀe	1	0.0008	-0.0969
1285	ﬁ'	1	0.0008	-0.0969
1285	ﬁh	1	0.0008	-0.0969
1285	ﬁv	1	0.0008	-0.0969
1285	ﬁx	1	0.0008	-0.0969
1285	ﬂd	1	0.0008	-0.0969
1285	ﬂf	1	0.0008	-0.0969
1285	ﬂl	1	0.0008	-0.0969
1285	ﬂp	1	0.0008	-0.0969
1285	ﬂv	1	0.0008	-0.0969
1285	ﬂy	1	0.0008	-0.0969
1285	ﬂı	1	0.0008	-0.0969
