Rank	Bigram	Frequency	Frequency per million	Zipf value
1	а$	9248829	44876.2668	7.652
2	е$	8287141	40210.058	7.6043
3	о$	5444925	26419.3345	7.4219
4	и$	5076378	24631.1067	7.3915
5	^с	4427874	21484.4987	7.3321
6	^н	3972970	19277.2579	7.285
7	^д	3676688	17839.6672	7.2514
8	на	2956204	14343.805	7.1567
9	^п	2665215	12931.8965	7.1117
10	то	2588077	12557.615	7.0989
11	^т	2538917	12319.0857	7.0906
12	не	2476361	12015.5575	7.0797
13	^м	2475240	12010.1183	7.0795
14	да	2464607	11958.5259	7.0777
15	ка	2396981	11630.3976	7.0656
16	ам	2164696	10503.327	7.0213
17	ра	2084185	10112.6794	7.0049
18	те	1968862	9553.1203	6.9801
19	^в	1898203	9210.2756	6.9643
20	ат	1877242	9108.5707	6.9595
21	та	1869470	9070.8602	6.9576
22	м$	1817479	8818.5945	6.9454
23	^о	1776873	8621.57	6.9356
24	ко	1756550	8522.9607	6.9306
25	^з	1724912	8369.4499	6.9227
26	^и	1718084	8336.3198	6.921
27	^к	1685999	8180.6401	6.9128
28	ва	1661731	8062.8892	6.9065
29	се	1643773	7975.7552	6.9018
30	де	1617789	7849.6781	6.8949
31	^г	1598167	7754.4702	6.8896
32	т$	1538961	7467.1966	6.8732
33	во	1526423	7406.3609	6.8696
34	от	1459689	7082.5607	6.8502
35	ме	1451868	7044.6124	6.8479
36	ре	1423244	6905.7258	6.8392
37	^е	1373891	6666.26	6.8239
38	ни	1343493	6518.7658	6.8142
39	по	1334506	6475.16	6.8113
40	го	1299594	6305.7634	6.7997
41	ст	1288250	6250.7211	6.7959
42	ја	1285624	6237.9795	6.795
43	ти	1274648	6184.7228	6.7913
44	мо	1233689	5985.9855	6.7771
45	од	1233542	5985.2723	6.7771
46	пр	1230461	5970.323	6.776
47	ен	1203941	5841.6452	6.7665
48	ов	1198728	5816.3512	6.7647
49	но	1197059	5808.253	6.764
50	^б	1191611	5781.8188	6.7621
51	шт	1180528	5728.0429	6.758
52	ш$	1148589	5573.0716	6.7461
53	за	1143033	5546.1133	6.744
54	ак	1128799	5477.0485	6.7385
55	ма	1125776	5462.3806	6.7374
56	до	1124620	5456.7716	6.7369
57	ав	1120820	5438.3336	6.7355
58	ек	1117659	5422.9961	6.7342
59	ви	1097947	5327.3514	6.7265
60	ли	1023325	4965.2778	6.6959
61	ед	953967	4628.7457	6.6655
62	ој	942948	4575.2804	6.6604
63	ле	930779	4516.2352	6.6548
64	ми	920079	4464.3177	6.6498
65	ет	891109	4323.7523	6.6359
66	аш	887919	4308.274	6.6343
67	ри	867924	4211.2563	6.6244
68	ор	863676	4190.6445	6.6223
69	ро	841231	4081.7391	6.6108
70	ве	835200	4052.4761	6.6077
71	ин	831577	4034.8969	6.6058
72	ла	819777	3977.6421	6.5996
73	ј$	811489	3937.4278	6.5952
74	н$	810911	3934.6233	6.5949
75	ем	793456	3849.9299	6.5855
76	ит	791127	3838.6293	6.5842
77	^ш	775531	3762.9559	6.5755
78	би	768011	3726.4681	6.5713
79	ол	755931	3667.8547	6.5644
80	ув	733718	3560.075	6.5515
81	ал	731275	3548.2213	6.55
82	ај	728957	3536.9741	6.5486
83	ќе	725130	3518.4051	6.5463
84	ис	719206	3489.6613	6.5428
85	д$	714565	3467.1427	6.54
86	^р	708376	3437.113	6.5362
87	си	706318	3427.1274	6.5349
88	ан	700823	3400.4651	6.5315
89	им	699639	3394.7202	6.5308
90	еш	698714	3390.232	6.5302
91	ар	685052	3323.9426	6.5217
92	у$	683365	3315.7571	6.5206
93	ди	666140	3232.1796	6.5095
94	^а	663187	3217.8513	6.5076
95	об	652666	3166.8024	6.5006
96	^ј	638399	3097.5774	6.491
97	ог	636528	3088.4991	6.4897
98	ер	634059	3076.5193	6.4881
99	са	633308	3072.8754	6.4875
100	ос	628276	3048.4596	6.4841
101	ас	625814	3036.5137	6.4824
102	^ќ	621345	3014.8297	6.4793
103	со	620164	3009.0993	6.4784
104	оа	590867	2866.9473	6.4574
105	га	590479	2865.0647	6.4571
106	в$	588077	2853.4099	6.4554
107	бе	580477	2816.5339	6.4497
108	ад	564311	2738.0948	6.4374
109	сл	562238	2728.0364	6.4359
110	ел	558649	2710.6222	6.4331
111	ба	543476	2637.0013	6.4211
112	тр	537528	2608.141	6.4163
113	^л	529294	2568.1888	6.4096
114	с$	502813	2439.7002	6.3873
115	па	497537	2414.1005	6.3828
116	бо	489791	2376.5162	6.3759
117	зн	476185	2310.4985	6.3637
118	бр	470761	2284.1806	6.3587
119	ид	459520	2229.6382	6.3482
120	же	455247	2208.9051	6.3442
121	ил	455215	2208.7499	6.3441
122	ож	454487	2205.2175	6.3435
123	лу	451691	2191.6511	6.3408
124	еб	446391	2165.9349	6.3356
125	ку	442277	2145.9734	6.3316
126	л$	436659	2118.7142	6.3261
127	он	436252	2116.7394	6.3257
128	ив	433679	2104.255	6.3231
129	иш	429483	2083.8956	6.3189
130	^у	427484	2074.1962	6.3168
131	ло	425423	2064.196	6.3148
132	ес	418171	2029.0086	6.3073
133	ше	393920	1911.3402	6.2813
134	иј	391677	1900.457	6.2789
135	из	384466	1865.4685	6.2708
136	дн	381076	1849.0198	6.2669
137	ик	380264	1845.0799	6.266
138	р$	378792	1837.9376	6.2643
139	тв	373147	1810.5475	6.2578
140	ом	369996	1795.2585	6.2541
141	че	368807	1789.4894	6.2527
142	ев	339764	1648.5698	6.2171
143	^ч	334205	1621.5969	6.2099
144	ег	333835	1619.8017	6.2095
145	вр	332407	1612.8729	6.2076
146	аа	323829	1571.2515	6.1962
147	ру	321882	1561.8045	6.1936
148	су	319005	1547.845	6.1897
149	чи	318921	1547.4374	6.1896
150	ие	317472	1540.4067	6.1876
151	к$	315808	1532.3328	6.1854
152	ги	313814	1522.6577	6.1826
153	ум	308964	1499.125	6.1758
154	ск	306435	1486.854	6.1723
155	ап	305067	1480.2164	6.1703
156	ци	297892	1445.4025	6.16
157	ок	295149	1432.0932	6.156
158	ир	293177	1422.5249	6.1531
159	жа	291519	1414.4801	6.1506
160	уш	287253	1393.781	6.1442
161	аж	286844	1391.7965	6.1436
162	сп	284026	1378.1233	6.1393
163	ио	282676	1371.5729	6.1372
164	ки	281985	1368.2201	6.1362
165	аб	281578	1366.2453	6.1355
166	гл	275455	1336.5359	6.126
167	јд	274830	1333.5033	6.125
168	др	263505	1278.5533	6.1067
169	гу	262564	1273.9875	6.1052
170	жи	254660	1235.6364	6.0919
171	аз	253647	1230.7213	6.0902
172	еј	241149	1170.0797	6.0682
173	кр	232277	1127.0318	6.0519
174	му	231257	1122.0827	6.05
175	гр	229653	1114.2999	6.047
176	ае	229114	1111.6846	6.046
177	лк	223877	1086.2742	6.0359
178	ту	221451	1074.503	6.0312
179	оз	208404	1011.1976	6.0048
180	уб	206795	1003.3905	6.0015
181	зб	205129	995.3069	5.998
182	^ф	202519	982.643	5.9924
183	ша	202003	980.1393	5.9913
184	ње	199737	969.1444	5.9864
185	уч	197634	958.9404	5.9818
186	^ж	195910	950.5754	5.978
187	оп	192085	932.0161	5.9694
188	иц	191846	930.8565	5.9689
189	еч	190122	922.4914	5.965
190	пи	189116	917.6102	5.9627
191	мн	185984	902.4134	5.9554
192	ош	182605	886.0182	5.9474
193	пе	178717	867.1532	5.9381
194	ањ	176390	855.8624	5.9324
195	нт	175068	849.4479	5.9291
196	ач	173483	841.7573	5.9252
197	ук	172974	839.2876	5.9239
198	ез	172052	834.8139	5.9216
199	зе	168165	815.9538	5.9117
200	аг	167753	813.9548	5.9106
201	иг	166862	809.6315	5.9083
202	ич	166461	807.6858	5.9072
203	см	164037	795.9243	5.9009
204	ши	163405	792.8578	5.8992
205	оч	162871	790.2668	5.8978
206	зо	160703	779.7474	5.892
207	ои	159758	775.1622	5.8894
208	це	158445	768.7914	5.8858
209	еќ	150747	731.4399	5.8642
210	бл	150230	728.9314	5.8627
211	чн	149893	727.2962	5.8617
212	сн	146932	712.9291	5.853
213	лн	146243	709.586	5.851
214	ча	144238	699.8576	5.845
215	ду	144177	699.5616	5.8448
216	св	143354	695.5683	5.8423
217	ур	143037	694.0302	5.8414
218	уд	141178	685.0101	5.8357
219	вн	141155	684.8985	5.8356
220	нс	140982	684.0591	5.8351
221	рт	140290	680.7015	5.833
222	ца	136876	664.1364	5.8223
223	рн	136654	663.0592	5.8216
224	зи	135552	657.7122	5.818
225	ну	133833	649.3714	5.8125
226	зв	133152	646.0672	5.8103
227	^х	131223	636.7075	5.8039
228	пл	130313	632.292	5.8009
229	тк	130308	632.2678	5.8009
230	јо	129240	627.0857	5.7973
231	чу	125726	610.0354	5.7854
232	дв	124254	602.8932	5.7802
233	гн	123945	601.3939	5.7792
234	ус	121734	590.6659	5.7713
235	зг	121197	588.0603	5.7694
236	^ц	120474	584.5522	5.7668
237	фа	117823	571.6893	5.7572
238	ср	116738	566.4247	5.7531
239	^џ	113935	552.8243	5.7426
240	рв	112708	546.8708	5.7379
241	кл	112520	545.9586	5.7372
242	тн	110529	536.298	5.7294
243	мр	107824	523.1731	5.7186
244	пу	104713	508.0782	5.7059
245	уп	102585	497.7529	5.697
246	вт	101747	493.6869	5.6935
247	чк	101679	493.3569	5.6932
248	еа	100704	488.6261	5.689
249	ќа	100514	487.7042	5.6882
250	ѓа	99623	483.381	5.6843
251	ут	99363	482.1195	5.6832
252	уг	98863	479.6934	5.681
253	зд	96201	466.7771	5.6691
254	чо	95135	461.6048	5.6643
255	ое	95125	461.5563	5.6642
256	ец	94185	456.9953	5.6599
257	вд	93694	454.6129	5.6576
258	вм	92954	451.0223	5.6542
259	шн	90721	440.1876	5.6436
260	рк	90108	437.2133	5.6407
261	јк	89732	435.3889	5.6389
262	г$	89623	434.86	5.6383
263	нд	89164	432.6329	5.6361
264	з$	88927	431.4829	5.635
265	ву	86508	419.7457	5.623
266	еп	84544	410.2162	5.613
267	ац	82949	402.4771	5.6047
268	вл	79075	383.68	5.584
269	ке	76387	370.6376	5.5689
270	рс	74852	363.1896	5.5601
271	рш	73557	356.9061	5.5526
272	кв	73215	355.2467	5.5505
273	ун	73099	354.6838	5.5498
274	зл	72078	349.7298	5.5437
275	кт	71619	347.5027	5.541
276	рд	69776	338.5603	5.5296
277	јт	69144	335.4938	5.5257
278	јн	68621	332.9561	5.5224
279	кс	67579	327.9002	5.5157
280	аѓ	66709	323.6789	5.5101
281	ѓе	66450	322.4222	5.5084
282	рз	66093	320.69	5.5061
283	уѓ	65908	319.7924	5.5049
284	фи	65406	317.3566	5.5015
285	уж	64233	311.6651	5.4937
286	бу	63128	306.3035	5.4862
287	ул	62431	302.9216	5.4813
288	џе	61199	296.9438	5.4727
289	тс	59448	288.4478	5.4601
290	шк	59425	288.3362	5.4599
291	ња	59317	287.8122	5.4591
292	жу	58777	285.192	5.4551
293	нц	58538	284.0324	5.4534
294	нк	58492	283.8092	5.453
295	рг	57584	279.4035	5.4462
296	фр	57487	278.9328	5.4455
297	ип	57121	277.1569	5.4427
298	иж	56762	275.415	5.44
299	жн	56370	273.513	5.437
300	ге	54394	263.9253	5.4215
301	фо	53087	257.5836	5.4109
302	ќи	53080	257.5496	5.4109
303	дл	53064	257.472	5.4107
304	ха	52689	255.6524	5.4076
305	рм	52531	254.8858	5.4063
306	вс	52194	253.2506	5.4036
307	ее	52106	252.8237	5.4028
308	рж	51594	250.3394	5.3985
309	ењ	50599	245.5115	5.3901
310	шо	50466	244.8662	5.3889
311	г-	50464	244.8565	5.3889
312	еж	49644	240.8778	5.3818
313	рл	48982	237.6657	5.376
314	нг	47949	232.6535	5.3667
315	зм	47737	231.6248	5.3648
316	оц	47441	230.1886	5.3621
317	фе	46984	227.9712	5.3579
318	ц$	45628	221.3917	5.3452
319	ау	44848	217.6071	5.3377
320	хо	44807	217.4082	5.3373
321	аќ	44667	216.7289	5.3359
322	мп	44267	214.788	5.332
323	кн	43897	212.9927	5.3284
324	шу	43871	212.8666	5.3281
325	јќ	43406	210.6104	5.3235
326	дг	42646	206.9228	5.3158
327	еф	41784	202.7403	5.3069
328	х$	41277	200.2802	5.3016
329	јс	40399	196.0201	5.2923
330	оќ	38591	187.2475	5.2724
331	ии	37385	181.3959	5.2586
332	п$	37248	180.7311	5.257
333	џо	36669	177.9217	5.2502
334	тп	36305	176.1556	5.2459
335	дб	35222	170.9008	5.2327
336	лс	34211	165.9953	5.2201
337	хе	33854	164.2631	5.2155
338	ју	33543	162.7541	5.2115
339	ињ	32796	159.1296	5.2018
340	јц	32429	157.3488	5.1969
341	аф	32390	157.1596	5.1963
342	пс	31794	154.2677	5.1883
343	ао	30939	150.1192	5.1764
344	иф	30763	149.2652	5.174
345	лт	29777	144.4811	5.1598
346	бн	29532	143.2923	5.1562
347	рб	29501	143.1419	5.1558
348	оф	29287	142.1035	5.1526
349	ч$	29113	141.2593	5.15
350	цр	28788	139.6823	5.1451
351	је	28779	139.6387	5.145
352	јл	28740	139.4494	5.1444
353	e$	28539	138.4742	5.1414
354	лж	28527	138.4159	5.1412
355	ох	27904	135.3931	5.1316
356	вк	27858	135.1699	5.1309
357	еу	27692	134.3644	5.1283
358	оо	27181	131.885	5.1202
359	'$	27107	131.5259	5.119
360	^ѓ	26417	128.178	5.1078
361	оу	26343	127.8189	5.1066
362	јм	26296	127.5909	5.1058
363	мб	25788	125.126	5.0973
364	иб	25602	124.2235	5.0942
365	ео	24791	120.2885	5.0802
366	мј	24649	119.5995	5.0777
367	љу	24523	118.9881	5.0755
368	хр	24372	118.2554	5.0728
369	рц	24337	118.0856	5.0722
370	уз	23794	115.4509	5.0624
371	б$	23632	114.6649	5.0594
372	дм	23566	114.3446	5.0582
373	лг	23556	114.2961	5.058
374	јз	23397	113.5246	5.0551
375	ќ$	23147	112.3116	5.0504
376	уа	22633	109.8176	5.0407
377	уќ	22630	109.8031	5.0406
378	-д	22061	107.0422	5.0296
379	џи	21940	106.4551	5.0272
380	мч	21906	106.2902	5.0265
381	зу	21232	103.0198	5.0129
382	тл	21158	102.6608	5.0114
383	a$	20820	101.0208	5.0044
384	јв	20175	97.8912	4.9907
385	аи	20037	97.2216	4.9878
386	ѓу	19700	95.5864	4.9804
387	-н	19397	94.1162	4.9737
388	ж$	19238	93.3447	4.9701
389	хи	18658	90.5305	4.9568
390	цн	18571	90.1084	4.9548
391	сф	18541	89.9628	4.9541
392	пт	18410	89.3272	4.951
393	рч	18371	89.138	4.9501
394	мц	18330	88.939	4.9491
395	ф$	18188	88.25	4.9457
396	е'	17846	86.5906	4.9375
397	^љ	17374	84.3004	4.9258
398	кц	16630	80.6905	4.9068
399	цо	16622	80.6516	4.9066
400	дс	16599	80.5401	4.906
401	жј	16239	78.7933	4.8965
402	иа	16172	78.4682	4.8947
403	ќн	15984	77.556	4.8896
404	ах	15920	77.2455	4.8879
405	еѓ	15865	76.9786	4.8864
406	^ѕ	15562	75.5084	4.878
407	пк	15431	74.8728	4.8743
408	мс	15360	74.5283	4.8723
409	мл	15133	73.4269	4.8659
410	оѓ	15119	73.3589	4.8655
411	лд	14844	72.0246	4.8575
412	нч	14503	70.37	4.8474
413	лј	14427	70.0013	4.8451
414	ух	14343	69.5937	4.8426
415	^t	14236	69.0745	4.8393
416	нф	14020	68.0265	4.8327
417	сч	13925	67.5655	4.8297
418	нз	13853	67.2162	4.8275
419	бј	13837	67.1385	4.827
420	фу	13810	67.0075	4.8261
421	^o	13774	66.8329	4.825
422	рп	13321	64.6349	4.8105
423	зр	12966	62.9124	4.7987
424	лм	12952	62.8444	4.7983
425	o$	12889	62.5387	4.7961
426	жб	12803	62.1215	4.7932
427	еи	12582	61.0492	4.7857
428	тт	12521	60.7532	4.7836
429	^m	12506	60.6804	4.783
430	лч	12485	60.5785	4.7823
431	лб	12425	60.2874	4.7802
432	уј	12277	59.5693	4.775
433	ех	11809	57.2985	4.7581
434	^a	11434	55.4789	4.7441
435	јб	11223	54.4551	4.736
436	јч	11098	53.8486	4.7312
437	цу	11090	53.8098	4.7309
438	-ѓ	10798	52.393	4.7193
439	жо	10631	51.5827	4.7125
440	фл	10587	51.3692	4.7107
441	пш	10465	50.7773	4.7057
442	џ$	10315	50.0494	4.6994
443	дд	10275	49.8554	4.6977
444	ѓо	10247	49.7195	4.6965
445	уе	10116	49.0839	4.6909
446	џа	9860	47.8417	4.6798
447	пн	9605	46.6044	4.6684
448	шл	9494	46.0659	4.6634
449	ѕв	9452	45.8621	4.6615
450	иу	9089	44.1008	4.6444
451	џу	9000	43.6689	4.6402
452	их	8924	43.3002	4.6365
453	пч	8834	42.8635	4.6321
454	уи	8830	42.8441	4.6319
455	вч	8818	42.7858	4.6313
456	км	8767	42.5384	4.6288
457	нџ	8738	42.3977	4.6273
458	бв	8731	42.3637	4.627
459	лц	8495	41.2186	4.6151
460	уц	8259	40.0735	4.6029
461	лф	8089	39.2487	4.5938
462	s$	7814	37.9143	4.5788
463	^s	7521	36.4927	4.5622
464	о-	7420	36.0026	4.5563
465	сц	7316	35.498	4.5502
466	жр	7195	34.9109	4.543
467	^c	7124	34.5664	4.5387
468	вј	7053	34.2219	4.5343
469	јг	7034	34.1297	4.5331
470	њу	7008	34.0035	4.5315
471	^њ	6978	33.858	4.5297
472	а-	6967	33.8046	4.529
473	цв	6915	33.5523	4.5257
474	мк	6898	33.4698	4.5247
475	ји	6893	33.4455	4.5243
476	^k	6831	33.1447	4.5204
477	ѕи	6806	33.0234	4.5188
478	вц	6741	32.708	4.5147
479	дз	6727	32.6401	4.5138
480	ѓи	6705	32.5333	4.5123
481	јп	6603	32.0384	4.5057
482	оњ	6592	31.9851	4.5049
483	рџ	6572	31.888	4.5036
484	и'	6563	31.8443	4.503
485	тм	6405	31.0777	4.4924
486	t$	6378	30.9467	4.4906
487	нр	6366	30.8885	4.4898
488	ху	6295	30.544	4.4849
489	-р	6279	30.4664	4.4838
490	n$	6238	30.2674	4.481
491	лв	6145	29.8162	4.4745
492	цк	6105	29.6221	4.4716
493	д-	6070	29.4523	4.4691
494	нe	5999	29.1078	4.464
495	er	5954	28.8894	4.4607
496	to	5926	28.7536	4.4587
497	фт	5795	28.1179	4.449
498	^b	5629	27.3125	4.4364
499	y$	5609	27.2154	4.4348
500	^e	5602	27.1815	4.4343
501	an	5589	27.1184	4.4333
502	шп	5484	26.6089	4.425
503	^r	5480	26.5895	4.4247
504	^d	5447	26.4294	4.4221
505	r$	5423	26.313	4.4202
506	вп	5389	26.148	4.4174
507	и-	5369	26.0509	4.4158
508	in	5364	26.0267	4.4154
509	^j	5346	25.9393	4.414
509	пј	5346	25.9393	4.414
510	дa	5333	25.8763	4.4129
511	гс	5314	25.7841	4.4114
512	d$	5261	25.5269	4.407
513	иќ	5122	24.8525	4.3954
514	рф	5112	24.8039	4.3945
515	нв	5008	24.2993	4.3856
516	тх	4884	23.6977	4.3747
517	ќт	4597	22.3051	4.3484
518	зј	4517	21.9169	4.3408
519	хн	4479	21.7326	4.3371
520	he	4404	21.3687	4.3298
521	еџ	4354	21.1261	4.3248
522	ља	4353	21.1212	4.3247
523	mo	4325	20.9853	4.3219
524	вз	4285	20.7913	4.3179
525	рх	4213	20.4419	4.3105
526	on	4204	20.3982	4.3096
527	^h	4180	20.2818	4.3071
528	уф	4143	20.1023	4.3032
529	-т	4138	20.078	4.3027
530	мм	4126	20.0198	4.3015
531	^p	4116	19.9713	4.3004
532	^'	4114	19.9615	4.3002
533	th	4084	19.816	4.297
534	^i	4056	19.6801	4.294
535	ja	4052	19.6607	4.2936
536	ar	4031	19.5588	4.2913
537	мт	4007	19.4424	4.2887
538	^w	3985	19.3356	4.2864
539	re	3844	18.6515	4.2707
540	k$	3812	18.4962	4.2671
541	нл	3792	18.3992	4.2648
542	чл	3769	18.2876	4.2622
543	^l	3690	17.9043	4.253
544	е-	3673	17.8218	4.251
545	l$	3608	17.5064	4.2432
546	ma	3594	17.4385	4.2415
547	-ц	3593	17.4336	4.2414
548	тч	3563	17.288	4.2377
549	i$	3539	17.1716	4.2348
550	aк	3533	17.1425	4.2341
550	шм	3533	17.1425	4.2341
551	аџ	3524	17.0988	4.233
552	^n	3512	17.0406	4.2315
553	фб	3484	16.9047	4.228
554	аљ	3480	16.8853	4.2275
555	ne	3435	16.667	4.2219
556	њи	3388	16.4389	4.2159
557	пц	3373	16.3661	4.2139
558	st	3327	16.1429	4.208
559	^f	3298	16.0022	4.2042
560	ra	3286	15.944	4.2026
561	al	3268	15.8567	4.2002
562	-с	3264	15.8373	4.1997
563	нб	3262	15.8276	4.1994
564	^g	3254	15.7887	4.1983
565	-п	3251	15.7742	4.1979
566	сј	3189	15.4734	4.1896
567	es	3154	15.3035	4.1848
568	at	3135	15.2113	4.1822
569	-м	3115	15.1143	4.1794
570	j$	3101	15.0464	4.1774
571	-к	3094	15.0124	4.1765
572	жд	3064	14.8668	4.1722
573	or	3057	14.8329	4.1712
574	лш	3045	14.7747	4.1695
575	хм	3037	14.7358	4.1684
576	тф	3019	14.6485	4.1658
577	иџ	3002	14.566	4.1633
578	гт	2994	14.5272	4.1622
579	te	2968	14.401	4.1584
580	en	2966	14.3913	4.1581
581	le	2952	14.3234	4.156
582	мф	2902	14.0808	4.1486
583	нх	2901	14.0759	4.1485
584	шв	2890	14.0226	4.1468
585	ka	2877	13.9595	4.1449
586	ољ	2857	13.8625	4.1418
587	мв	2826	13.712	4.1371
588	oа	2823	13.6975	4.1366
589	m$	2815	13.6587	4.1354
590	ou	2788	13.5277	4.1312
591	li	2783	13.5034	4.1304
592	^y	2763	13.4064	4.1273
593	уџ	2740	13.2948	4.1237
594	њо	2732	13.2559	4.1224
595	јџ	2718	13.188	4.1202
596	лз	2713	13.1638	4.1194
597	бс	2704	13.1201	4.1179
598	ha	2691	13.057	4.1158
599	la	2672	12.9648	4.1128
600	гв	2665	12.9309	4.1116
601	т-	2655	12.8823	4.11
602	ll	2627	12.7465	4.1054
603	me	2602	12.6252	4.1012
604	ta	2596	12.5961	4.1002
605	оџ	2595	12.5912	4.1001
606	њ$	2587	12.5524	4.0987
607	ќу	2562	12.4311	4.0945
608	бљ	2530	12.2758	4.089
609	ro	2520	12.2273	4.0873
610	de	2506	12.1594	4.0849
611	уу	2497	12.1157	4.0833
612	ng	2481	12.0381	4.0806
613	ch	2455	11.9119	4.076
614	жл	2447	11.8731	4.0746
615	el	2409	11.6887	4.0678
616	н-	2389	11.5917	4.0641
617	ri	2367	11.4849	4.0601
618	тј	2334	11.3248	4.054
619	oв	2308	11.1987	4.0492
620	-в	2271	11.0191	4.0421
620	ea	2271	11.0191	4.0421
621	ko	2261	10.9706	4.0402
622	гд	2235	10.8444	4.0352
623	it	2228	10.8105	4.0338
624	am	2215	10.7474	4.0313
625	h$	2205	10.6989	4.0293
626	ok	2200	10.6746	4.0284
627	g$	2189	10.6213	4.0262
628	ce	2182	10.5873	4.0248
629	дк	2181	10.5824	4.0246
630	-б	2165	10.5048	4.0214
631	co	2151	10.4369	4.0186
632	is	2145	10.4078	4.0174
633	јр	2140	10.3835	4.0163
634	сe	2124	10.3059	4.0131
635	к-	2119	10.2816	4.0121
636	у-	2115	10.2622	4.0112
637	дц	2086	10.1215	4.0052
638	nd	2078	10.0827	4.0036
639	sa	2070	10.0439	4.0019
640	ca	2046	9.9274	3.9968
641	u$	2038	9.8886	3.9951
642	na	2029	9.8449	3.9932
643	nt	2027	9.8352	3.9928
644	aс	2018	9.7915	3.9908
645	сх	2012	9.7624	3.9896
646	se	2001	9.7091	3.9872
647	лп	1983	9.6217	3.9833
648	рј	1965	9.5344	3.9793
649	вг	1938	9.4034	3.9733
650	be	1927	9.35	3.9708
651	aм	1918	9.3063	3.9688
652	вш	1917	9.3015	3.9686
653	-а	1915	9.2918	3.9681
654	ve	1911	9.2724	3.9672
655	ac	1904	9.2384	3.9656
656	шр	1897	9.2044	3.964
657	сс	1894	9.1899	3.9633
658	бд	1877	9.1074	3.9594
659	pa	1875	9.0977	3.9589
660	ќо	1864	9.0443	3.9564
661	ho	1863	9.0395	3.9561
662	тe	1849	8.9715	3.9529
663	ke	1831	8.8842	3.9486
664	-о	1816	8.8114	3.945
664	om	1816	8.8114	3.945
665	о'	1795	8.7095	3.94
666	нш	1794	8.7047	3.9398
667	гз	1782	8.6464	3.9368
667	дe	1782	8.6464	3.9368
668	дј	1773	8.6028	3.9346
669	ow	1772	8.5979	3.9344
670	ic	1762	8.5494	3.9319
670	il	1762	8.5494	3.9319
671	тц	1755	8.5154	3.9302
672	нa	1741	8.4475	3.9267
673	р-	1740	8.4427	3.9265
674	lo	1729	8.3893	3.9237
675	-х	1719	8.3408	3.9212
676	bi	1714	8.3165	3.9199
677	as	1711	8.3019	3.9192
677	ti	1711	8.3019	3.9192
678	rо	1710	8.2971	3.9189
679	-и	1686	8.1806	3.9128
680	ck	1678	8.1418	3.9107
681	pe	1675	8.1273	3.9099
682	кo	1659	8.0496	3.9058
683	hi	1649	8.0011	3.9031
684	вљ	1626	7.8895	3.897
685	c$	1618	7.8507	3.8949
686	po	1605	7.7876	3.8914
687	ed	1604	7.7828	3.8911
688	жг	1599	7.7585	3.8898
689	us	1595	7.7391	3.8887
690	ak	1592	7.7245	3.8879
690	тo	1592	7.7245	3.8879
691	м-	1590	7.7148	3.8873
692	oд	1586	7.6954	3.8862
693	aт	1565	7.5935	3.8804
693	di	1565	7.5935	3.8804
694	шш	1550	7.5208	3.8763
695	no	1547	7.5062	3.8754
696	wa	1545	7.4965	3.8749
697	кк	1539	7.4674	3.8732
698	yo	1534	7.4431	3.8718
699	ee	1533	7.4383	3.8715
700	do	1526	7.4043	3.8695
701	кг	1520	7.3752	3.8678
702	кa	1486	7.2102	3.8579
703	ie	1482	7.1908	3.8568
703	oх	1482	7.1908	3.8568
704	ni	1476	7.1617	3.855
705	дп	1473	7.1471	3.8541
706	гм	1469	7.1277	3.8529
706	мд	1469	7.1277	3.8529
707	oo	1458	7.0744	3.8497
708	aj	1437	6.9725	3.8434
708	et	1437	6.9725	3.8434
709	сб	1424	6.9094	3.8394
710	ur	1416	6.8706	3.837
711	ge	1412	6.8512	3.8358
712	дх	1397	6.7784	3.8311
713	мe	1393	6.759	3.8299
714	oж	1381	6.7008	3.8261
715	-г	1380	6.6959	3.8258
716	хј	1377	6.6813	3.8249
717	un	1358	6.5892	3.8188
718	-л	1351	6.5552	3.8166
719	ad	1345	6.5261	3.8147
719	с-	1345	6.5261	3.8147
720	da	1326	6.4339	3.8085
721	mi	1324	6.4242	3.8078
722	иљ	1301	6.3126	3.8002
723	w$	1295	6.2835	3.7982
724	mи	1290	6.2592	3.7965
725	^v	1286	6.2398	3.7952
725	нж	1286	6.2398	3.7952
726	ba	1283	6.2252	3.7942
727	ol	1280	6.2107	3.7931
728	oт	1263	6.1282	3.7873
729	tr	1262	6.1234	3.787
730	л-	1260	6.1136	3.7863
731	go	1258	6.1039	3.7856
732	jа	1257	6.0991	3.7853
733	vi	1255	6.0894	3.7846
733	кф	1255	6.0894	3.7846
734	-е	1252	6.0748	3.7835
735	^u	1240	6.0166	3.7794
736	bo	1225	5.9438	3.7741
737	rs	1218	5.9099	3.7716
738	tи	1215	5.8953	3.7705
739	-з	1214	5.8905	3.7702
740	em	1203	5.8371	3.7662
741	тa	1202	5.8322	3.7658
742	ig	1198	5.8128	3.7644
743	јш	1197	5.808	3.764
744	пa	1191	5.7789	3.7618
745	ry	1182	5.7352	3.7585
746	ot	1171	5.6818	3.7545
747	дт	1167	5.6624	3.753
748	p$	1166	5.6576	3.7526
749	тб	1159	5.6236	3.75
750	фн	1158	5.6187	3.7496
751	oj	1155	5.6042	3.7485
751	sh	1155	5.6042	3.7485
752	кш	1151	5.5848	3.747
753	уо	1143	5.546	3.744
754	пх	1129	5.478	3.7386
755	tо	1127	5.4683	3.7379
756	eн	1125	5.4586	3.7371
757	f$	1124	5.4538	3.7367
758	x$	1122	5.4441	3.7359
759	oр	1121	5.4392	3.7355
760	бб	1108	5.3761	3.7305
761	je	1107	5.3713	3.7301
762	вo	1106	5.3664	3.7297
763	вa	1095	5.3131	3.7253
764	оj	1092	5.2985	3.7242
765	so	1088	5.2791	3.7226
766	ѐ$	1072	5.2015	3.7161
767	ey	1065	5.1675	3.7133
768	ay	1064	5.1626	3.7129
768	os	1064	5.1626	3.7129
769	ј-	1059	5.1384	3.7108
770	ir	1056	5.1238	3.7096
771	ec	1045	5.0704	3.705
772	жв	1041	5.051	3.7034
773	љи	1040	5.0462	3.703
774	-ч	1037	5.0316	3.7017
774	oл	1037	5.0316	3.7017
775	si	1034	5.0171	3.7005
775	мз	1034	5.0171	3.7005
776	јф	1033	5.0122	3.7
777	мш	1027	4.9831	3.6975
778	eк	1026	4.9783	3.6971
779	чм	1020	4.9491	3.6945
780	ut	1016	4.9297	3.6928
781	wi	1012	4.9103	3.6911
781	хт	1012	4.9103	3.6911
782	бз	1002	4.8618	3.6868
783	op	996	4.8327	3.6842
784	-ш	994	4.823	3.6833
785	è$	992	4.8133	3.6824
786	we	988	4.7939	3.6807
787	ia	984	4.7745	3.6789
788	нн	982	4.7648	3.678
789	ељ	956	4.6386	3.6664
790	ai	955	4.6338	3.6659
791	фс	947	4.5949	3.6623
792	rr	945	4.5852	3.6614
793	гб	937	4.5464	3.6577
794	ki	936	4.5416	3.6572
794	кх	936	4.5416	3.6572
795	чт	928	4.5028	3.6535
796	ap	927	4.4979	3.653
796	чј	927	4.4979	3.653
797	nn	926	4.493	3.6525
798	rа	923	4.4785	3.6511
799	нo	910	4.4154	3.645
800	jo	901	4.3717	3.6407
800	od	901	4.3717	3.6407
801	тг	897	4.3523	3.6387
802	eт	894	4.3378	3.6373
803	оr	886	4.299	3.6334
804	gh	882	4.2796	3.6314
805	рe	880	4.2699	3.6304
806	nc	877	4.2553	3.6289
807	иj	865	4.1971	3.6229
808	еj	863	4.1874	3.6219
809	yb	862	4.1825	3.6214
809	нј	862	4.1825	3.6214
810	id	858	4.1631	3.6194
811	лх	856	4.1534	3.6184
812	нм	854	4.1437	3.6174
813	лe	851	4.1291	3.6159
814	av	850	4.1243	3.6154
815	su	849	4.1194	3.6148
816	сд	848	4.1146	3.6143
816	сѐ	848	4.1146	3.6143
817	кј	845	4.1	3.6128
818	ov	843	4.0903	3.6118
819	eд	842	4.0855	3.6112
820	ga	841	4.0806	3.6107
821	pr	840	4.0758	3.6102
822	њс	835	4.0515	3.6076
823	ev	827	4.0127	3.6034
824	-ј	826	4.0078	3.6029
825	хх	824	3.9981	3.6019
826	иѓ	821	3.9836	3.6003
827	сè	820	3.9787	3.5997
828	rt	812	3.9399	3.5955
829	aв	811	3.9351	3.595
829	wh	811	3.9351	3.595
830	eм	805	3.9059	3.5917
831	ss	804	3.9011	3.5912
832	im	803	3.8962	3.5906
833	ns	801	3.8865	3.5896
834	io	799	3.8768	3.5885
835	а'	798	3.872	3.5879
835	нѓ	798	3.872	3.5879
835	рр	798	3.872	3.5879
836	uc	794	3.8526	3.5858
837	br	790	3.8332	3.5836
838	tt	788	3.8235	3.5825
839	au	781	3.7895	3.5786
840	зк	780	3.7846	3.578
841	ld	774	3.7555	3.5747
842	шј	770	3.7361	3.5724
843	by	767	3.7216	3.5707
844	oc	766	3.7167	3.5702
845	лр	755	3.6633	3.5639
846	кб	754	3.6585	3.5633
847	wo	751	3.6439	3.5616
848	ul	746	3.6197	3.5587
849	рa	743	3.6051	3.5569
850	гo	742	3.6003	3.5563
851	дo	741	3.5954	3.5557
852	eв	740	3.5906	3.5552
853	fo	731	3.5469	3.5498
854	fi	730	3.542	3.5492
855	'б	727	3.5275	3.5475
856	aл	726	3.5226	3.5469
857	пo	725	3.5178	3.5463
858	гп	722	3.5032	3.5445
859	mо	707	3.4304	3.5353
860	aa	705	3.4207	3.5341
861	tu	703	3.411	3.5329
862	gr	700	3.3965	3.531
862	rd	700	3.3965	3.531
862	зa	700	3.3965	3.531
863	bu	699	3.3916	3.5304
863	of	699	3.3916	3.5304
864	дф	694	3.3674	3.5273
865	ej	691	3.3528	3.5254
866	oa	684	3.3188	3.521
867	'р	681	3.3043	3.5191
867	-ф	681	3.3043	3.5191
868	fe	679	3.2946	3.5178
869	b$	677	3.2849	3.5165
869	аj	677	3.2849	3.5165
869	вe	677	3.2849	3.5165
869	чв	677	3.2849	3.5165
870	п-	676	3.28	3.5159
871	sc	671	3.2558	3.5127
872	's	670	3.2509	3.512
873	oј	664	3.2218	3.5081
874	ru	656	3.183	3.5028
875	iv	655	3.1781	3.5022
876	мa	652	3.1636	3.5002
877	cт	649	3.149	3.4982
878	ep	648	3.1442	3.4975
879	hu	644	3.1248	3.4948
879	ѝ$	644	3.1248	3.4948
880	в-	641	3.1102	3.4928
881	fr	639	3.1005	3.4914
882	ci	638	3.0956	3.4907
883	фк	637	3.0908	3.4901
884	јх	628	3.0471	3.4839
885	рѓ	626	3.0374	3.4825
886	va	614	2.9792	3.4741
887	џв	613	2.9743	3.4734
888	eш	609	2.9549	3.4705
889	fa	607	2.9452	3.4691
890	'к	605	2.9355	3.4677
891	мo	602	2.921	3.4655
892	''	601	2.9161	3.4648
893	sp	599	2.9064	3.4634
893	љо	599	2.9064	3.4634
894	ip	594	2.8821	3.4597
894	my	594	2.8821	3.4597
895	зп	592	2.8724	3.4582
896	ub	591	2.8676	3.4575
897	ag	587	2.8482	3.4546
898	aн	585	2.8385	3.4531
899	ht	583	2.8288	3.4516
900	^z	577	2.7997	3.4471
901	pi	575	2.79	3.4456
902	oс	573	2.7803	3.4441
903	еr	572	2.7754	3.4433
904	лa	570	2.7657	3.4418
905	бe	568	2.756	3.4403
905	гф	568	2.756	3.4403
906	oк	566	2.7463	3.4387
907	eл	564	2.7366	3.4372
908	bl	562	2.7269	3.4357
908	dr	562	2.7269	3.4357
909	gi	556	2.6978	3.431
909	лл	556	2.6978	3.431
910	ab	555	2.6929	3.4302
911	oн	554	2.6881	3.4294
912	ju	552	2.6784	3.4279
913	^x	550	2.6687	3.4263
914	ff	549	2.6638	3.4255
914	дж	549	2.6638	3.4255
915	lu	548	2.659	3.4247
915	жт	548	2.659	3.4247
916	kо	544	2.6395	3.4215
917	јј	541	2.625	3.4191
918	oh	537	2.6056	3.4159
919	ly	533	2.5862	3.4127
919	рo	533	2.5862	3.4127
920	mm	532	2.5813	3.4118
921	rn	530	2.5716	3.4102
922	pp	528	2.5619	3.4086
923	v$	525	2.5474	3.4061
924	кд	522	2.5328	3.4036
925	aш	512	2.4843	3.3952
925	vo	512	2.4843	3.3952
925	б-	512	2.4843	3.3952
925	тд	512	2.4843	3.3952
926	um	510	2.4746	3.3935
926	зч	510	2.4746	3.3935
927	ew	507	2.46	3.3909
928	ah	505	2.4503	3.3892
929	rl	504	2.4455	3.3884
930	aд	503	2.4406	3.3875
931	ob	501	2.4309	3.3858
932	aр	500	2.4261	3.3849
933	qu	498	2.4163	3.3832
934	љ$	495	2.4018	3.3805
935	ш-	491	2.3824	3.377
936	if	489	2.3727	3.3752
936	пб	489	2.3727	3.3752
937	нп	488	2.3678	3.3743
937	тз	488	2.3678	3.3743
938	eр	485	2.3533	3.3717
938	кч	485	2.3533	3.3717
939	ex	484	2.3484	3.3708
939	лњ	484	2.3484	3.3708
940	ug	483	2.3436	3.3699
941	х-	481	2.3339	3.3681
942	ds	480	2.329	3.3672
942	n'	480	2.329	3.3672
943	nu	479	2.3242	3.3663
943	жe	479	2.3242	3.3663
944	-џ	478	2.3193	3.3654
945	дч	475	2.3047	3.3626
946	pl	472	2.2902	3.3599
947	ze	469	2.2756	3.3571
948	ue	468	2.2708	3.3562
949	cr	467	2.2659	3.3552
950	-у	466	2.2611	3.3543
950	tl	466	2.2611	3.3543
950	вб	466	2.2611	3.3543
951	сг	465	2.2562	3.3534
952	ae	463	2.2465	3.3515
953	fl	462	2.2417	3.3506
954	jд	461	2.2368	3.3496
954	гх	461	2.2368	3.3496
954	ќe	461	2.2368	3.3496
955	фм	460	2.232	3.3487
956	аѕ	458	2.2223	3.3468
957	mа	456	2.2126	3.3449
957	ts	456	2.2126	3.3449
958	ik	455	2.2077	3.3439
959	фј	451	2.1883	3.3401
960	eб	450	2.1834	3.3391
960	мх	450	2.1834	3.3391
961	tр	449	2.1786	3.3382
962	cl	441	2.1398	3.3304
963	кп	440	2.1349	3.3294
964	'а	437	2.1204	3.3264
964	rу	437	2.1204	3.3264
964	зт	437	2.1204	3.3264
964	мг	437	2.1204	3.3264
965	sk	435	2.1107	3.3244
966	rk	434	2.1058	3.3234
966	гa	434	2.1058	3.3234
967	up	432	2.0961	3.3214
968	ek	431	2.0913	3.3204
969	сo	428	2.0767	3.3174
970	kа	426	2.067	3.3153
971	ei	420	2.0379	3.3092
972	oм	419	2.033	3.3081
973	rm	418	2.0282	3.3071
974	^ѝ	417	2.0233	3.3061
975	фч	415	2.0136	3.304
976	nk	414	2.0088	3.3029
976	za	414	2.0088	3.3029
976	бa	414	2.0088	3.3029
977	cи	413	2.0039	3.3019
978	ye	412	1.9991	3.3008
979	oб	409	1.9845	3.2977
980	'н	405	1.9651	3.2934
980	ty	405	1.9651	3.2934
981	wn	402	1.9505	3.2901
982	gu	399	1.936	3.2869
983	пp	398	1.9311	3.2858
984	-a	396	1.9214	3.2836
984	eb	396	1.9214	3.2836
985	ct	394	1.9117	3.2814
985	sl	394	1.9117	3.2814
986	'с	391	1.8972	3.2781
987	og	388	1.8826	3.2748
988	mp	386	1.8729	3.2725
988	хл	386	1.8729	3.2725
989	ud	381	1.8487	3.2669
990	m-	380	1.8438	3.2657
990	иc	380	1.8438	3.2657
991	ui	378	1.8341	3.2634
992	пф	376	1.8244	3.2611
993	mu	375	1.8195	3.26
993	рњ	375	1.8195	3.26
994	зс	374	1.8147	3.2588
995	д'	373	1.8098	3.2576
996	ps	371	1.8001	3.2553
997	^q	368	1.7856	3.2518
997	dy	368	1.7856	3.2518
998	rg	366	1.7759	3.2494
999	рљ	365	1.771	3.2482
1000	eг	364	1.7662	3.247
1001	тш	363	1.7613	3.2458
1002	ls	362	1.7565	3.2446
1002	oi	362	1.7565	3.2446
1003	rи	360	1.7468	3.2422
1004	ef	359	1.7419	3.241
1005	oг	357	1.7322	3.2386
1006	шд	356	1.7273	3.2374
1007	rл	350	1.6982	3.23
1007	сш	350	1.6982	3.23
1007	цм	350	1.6982	3.23
1008	пп	349	1.6934	3.2288
1008	чe	349	1.6934	3.2288
1008	ќв	349	1.6934	3.2288
1009	fu	348	1.6885	3.2275
1009	t'	348	1.6885	3.2275
1009	цл	348	1.6885	3.2275
1010	пд	347	1.6837	3.2263
1011	aw	344	1.6691	3.2225
1011	e-	344	1.6691	3.2225
1011	gl	344	1.6691	3.2225
1011	лџ	344	1.6691	3.2225
1012	гк	343	1.6643	3.2212
1013	ii	340	1.6497	3.2174
1013	z$	340	1.6497	3.2174
1014	pu	338	1.64	3.2148
1015	шe	337	1.6352	3.2136
1016	rc	334	1.6206	3.2097
1017	'з	333	1.6158	3.2084
1018	't	329	1.5963	3.2031
1019	чњ	328	1.5915	3.2018
1020	ya	327	1.5866	3.2005
1021	aх	326	1.5818	3.1992
1021	зз	326	1.5818	3.1992
1022	вв	324	1.5721	3.1965
1022	нѐ	324	1.5721	3.1965
1023	пм	323	1.5672	3.1951
1024	oy	322	1.5624	3.1938
1025	хa	319	1.5478	3.1897
1026	ър	318	1.543	3.1884
1027	иe	317	1.5381	3.187
1028	јa	315	1.5284	3.1842
1029	cл	313	1.5187	3.1815
1030	du	312	1.5139	3.1801
1031	pи	310	1.5042	3.1773
1032	'т	309	1.4993	3.1759
1032	kе	309	1.4993	3.1759
1033	ny	307	1.4896	3.1731
1033	кз	307	1.4896	3.1731
1034	hе	306	1.4847	3.1716
1034	yn	306	1.4847	3.1716
1035	e'	304	1.475	3.1688
1035	цд	304	1.475	3.1688
1036	ph	303	1.4702	3.1674
1036	пљ	303	1.4702	3.1674
1037	ks	301	1.4605	3.1645
1038	i'	300	1.4556	3.163
1038	rр	300	1.4556	3.163
1038	бo	300	1.4556	3.163
1039	az	299	1.4508	3.1616
1039	ib	299	1.4508	3.1616
1039	mb	299	1.4508	3.1616
1039	tа	299	1.4508	3.1616
1039	дш	299	1.4508	3.1616
1040	ље	298	1.4459	3.1601
1041	т'	296	1.4362	3.1572
1042	лo	295	1.4314	3.1558
1043	lk	294	1.4265	3.1543
1044	ц-	293	1.4217	3.1528
1045	mk	291	1.412	3.1498
1046	ax	290	1.4071	3.1483
1047	oп	289	1.4023	3.1468
1048	ѓ$	288	1.3974	3.1453
1049	зж	287	1.3926	3.1438
1050	oe	285	1.3828	3.1408
1051	'о	281	1.3634	3.1346
1051	aп	281	1.3634	3.1346
1052	eo	279	1.3537	3.1315
1053	ѕ$	278	1.3489	3.13
1054	уљ	277	1.344	3.1284
1055	-e	276	1.3392	3.1268
1055	eg	276	1.3392	3.1268
1056	'д	275	1.3343	3.1253
1057	фф	273	1.3246	3.1221
1058	wc	272	1.3198	3.1205
1058	оѕ	272	1.3198	3.1205
1059	'г	271	1.3149	3.1189
1059	gg	271	1.3149	3.1189
1059	pа	271	1.3149	3.1189
1059	tв	271	1.3149	3.1189
1060	sw	270	1.3101	3.1173
1061	mе	269	1.3052	3.1157
1061	ys	269	1.3052	3.1157
1062	fb	268	1.3004	3.1141
1062	гњ	268	1.3004	3.1141
1063	шс	267	1.2955	3.1124
1064	cu	266	1.2907	3.1108
1064	ez	266	1.2907	3.1108
1064	jо	266	1.2907	3.1108
1065	жм	261	1.2664	3.1026
1065	сa	261	1.2664	3.1026
1066	l-	260	1.2615	3.1009
1066	lt	260	1.2615	3.1009
1067	бм	259	1.2567	3.0992
1068	'm	257	1.247	3.0959
1068	eu	257	1.247	3.0959
1069	n-	256	1.2421	3.0942
1069	бт	256	1.2421	3.0942
1070	гш	252	1.2227	3.0873
1071	аr	250	1.213	3.0839
1071	пe	250	1.213	3.0839
1072	gs	249	1.2082	3.0821
1072	ua	249	1.2082	3.0821
1073	-ж	246	1.1936	3.0769
1073	hr	246	1.1936	3.0769
1074	'п	245	1.1888	3.0751
1074	ij	245	1.1888	3.0751
1075	ф-	244	1.1839	3.0733
1076	a-	243	1.1791	3.0716
1077	yl	242	1.1742	3.0697
1078	aж	240	1.1645	3.0661
1079	з-	239	1.1597	3.0643
1080	чр	238	1.1548	3.0625
1081	lj	236	1.1451	3.0588
1081	р'	236	1.1451	3.0588
1082	уњ	233	1.1305	3.0533
1083	aј	232	1.1257	3.0514
1083	ms	232	1.1257	3.0514
1084	oч	228	1.1063	3.0439
1085	cc	227	1.1014	3.0419
1085	zo	227	1.1014	3.0419
1085	нѝ	227	1.1014	3.0419
1086	tc	226	1.0966	3.04
1087	ox	224	1.0869	3.0362
1087	xi	224	1.0869	3.0362
1087	г'	224	1.0869	3.0362
1088	kn	223	1.082	3.0342
1088	sm	223	1.082	3.0342
1088	оa	223	1.082	3.0342
1088	пв	223	1.082	3.0342
1089	'и	220	1.0675	3.0284
1090	jс	219	1.0626	3.0264
1090	мќ	219	1.0626	3.0264
1091	aз	218	1.0578	3.0244
1091	ky	218	1.0578	3.0244
1091	њe	218	1.0578	3.0244
1092	kl	217	1.0529	3.0224
1093	dn	216	1.0481	3.0204
1093	иo	216	1.0481	3.0204
1094	aг	214	1.0383	3.0163
1094	ji	214	1.0383	3.0163
1095	жњ	212	1.0286	3.0122
1096	ix	211	1.0238	3.0102
1097	bb	210	1.0189	3.0081
1098	'в	209	1.0141	3.0061
1098	hn	209	1.0141	3.0061
1099	oи	206	0.9995	2.9998
1100	књ	204	0.9898	2.9955
1100	хс	204	0.9898	2.9955
1101	бч	202	0.9801	2.9913
1101	хв	202	0.9801	2.9913
1102	dd	201	0.9753	2.9891
1102	м'	201	0.9753	2.9891
1103	'м	200	0.9704	2.987
1104	ku	199	0.9656	2.9848
1104	мџ	199	0.9656	2.9848
1105	jк	197	0.9559	2.9804
1105	mn	197	0.9559	2.9804
1106	є$	196	0.951	2.9782
1106	јж	196	0.951	2.9782
1107	'л	194	0.9413	2.9737
1107	ao	194	0.9413	2.9737
1107	иr	194	0.9413	2.9737
1107	н'	194	0.9413	2.9737
1108	вџ	193	0.9365	2.9715
1109	сз	192	0.9316	2.9692
1109	сџ	192	0.9316	2.9692
1110	дџ	187	0.9073	2.9578
1111	kr	186	0.9025	2.9554
1112	iz	185	0.8976	2.9531
1112	вж	185	0.8976	2.9531
1113	lf	184	0.8928	2.9508
1113	mr	184	0.8928	2.9508
1113	ш'	184	0.8928	2.9508
1114	nj	183	0.8879	2.9484
1115	zi	181	0.8782	2.9436
1115	жa	181	0.8782	2.9436
1116	бк	180	0.8734	2.9412
1117	нè	177	0.8588	2.9339
1118	km	176	0.854	2.9315
1119	цп	175	0.8491	2.929
1120	-ќ	174	0.8443	2.9265
1120	r-	174	0.8443	2.9265
1121	'r	172	0.8346	2.9215
1121	cо	172	0.8346	2.9215
1122	kd	171	0.8297	2.9189
1122	шб	171	0.8297	2.9189
1123	-d	170	0.8249	2.9164
1123	kр	170	0.8249	2.9164
1123	sy	170	0.8249	2.9164
1123	цт	170	0.8249	2.9164
1124	-m	169	0.82	2.9138
1124	-o	169	0.82	2.9138
1125	hy	168	0.8152	2.9113
1125	nr	168	0.8152	2.9113
1126	ќк	167	0.8103	2.9086
1127	py	166	0.8054	2.906
1127	оc	166	0.8054	2.906
1127	тp	166	0.8054	2.906
1128	rp	165	0.8006	2.9034
1128	tе	165	0.8006	2.9034
1129	af	164	0.7957	2.9007
1129	ft	164	0.7957	2.9007
1129	њч	164	0.7957	2.9007
1130	oз	163	0.7909	2.8981
1131	nl	162	0.786	2.8954
1131	вє	162	0.786	2.8954
1132	eс	161	0.7812	2.8928
1132	ай	161	0.7812	2.8928
1133	gn	160	0.7763	2.89
1133	nz	160	0.7763	2.89
1133	rb	160	0.7763	2.89
1133	sn	160	0.7763	2.89
1134	jн	159	0.7715	2.8873
1134	нr	159	0.7715	2.8873
1135	oо	158	0.7666	2.8846
1135	tm	158	0.7666	2.8846
1135	zz	158	0.7666	2.8846
1135	зe	158	0.7666	2.8846
1136	o-	156	0.7569	2.879
1137	cy	155	0.7521	2.8763
1137	o'	155	0.7521	2.8763
1138	'l	154	0.7472	2.8734
1138	aа	154	0.7472	2.8734
1138	hm	154	0.7472	2.8734
1138	шч	154	0.7472	2.8734
1139	к'	153	0.7424	2.8706
1140	eз	152	0.7375	2.8678
1140	q$	152	0.7375	2.8678
1141	rv	151	0.7327	2.8649
1141	tу	151	0.7327	2.8649
1141	цџ	151	0.7327	2.8649
1142	aб	150	0.7278	2.862
1143	-h	149	0.723	2.8591
1143	бp	149	0.723	2.8591
1143	фц	149	0.723	2.8591
1144	td	148	0.7181	2.8562
1144	рќ	148	0.7181	2.8562
1144	фг	148	0.7181	2.8562
1145	cк	147	0.7133	2.8533
1145	зo	147	0.7133	2.8533
1145	зr	147	0.7133	2.8533
1146	u'	146	0.7084	2.8503
1146	бѕ	146	0.7084	2.8503
1147	oш	145	0.7036	2.8473
1147	нj	145	0.7036	2.8473
1148	gp	144	0.6987	2.8443
1148	mz	144	0.6987	2.8443
1148	иi	144	0.6987	2.8443
1149	bc	143	0.6939	2.8413
1149	цс	143	0.6939	2.8413
1150	хд	142	0.689	2.8382
1151	ч-	141	0.6841	2.8351
1152	с'	140	0.6793	2.8321
1153	rе	139	0.6744	2.8289
1154	'е	138	0.6696	2.8258
1154	cп	138	0.6696	2.8258
1154	mр	138	0.6696	2.8258
1154	s-	138	0.6696	2.8258
1155	bs	135	0.655	2.8162
1155	eч	135	0.655	2.8162
1155	jт	135	0.655	2.8162
1155	tw	135	0.655	2.8162
1155	тџ	135	0.655	2.8162
1156	'd	134	0.6502	2.813
1156	^ћ	134	0.6502	2.813
1156	lm	134	0.6502	2.813
1156	tv	134	0.6502	2.813
1157	rf	133	0.6453	2.8098
1157	шa	133	0.6453	2.8098
1158	-ѕ	132	0.6405	2.8065
1158	kи	132	0.6405	2.8065
1158	аё	132	0.6405	2.8065
1158	џп	132	0.6405	2.8065
1159	d-	131	0.6356	2.8032
1159	x-	131	0.6356	2.8032
1159	й$	131	0.6356	2.8032
1160	dv	129	0.6259	2.7965
1161	kу	128	0.6211	2.7932
1161	ия	128	0.6211	2.7932
1162	шз	126	0.6114	2.7863
1163	bt	125	0.6065	2.7828
1163	y-	125	0.6065	2.7828
1163	вp	125	0.6065	2.7828
1163	зњ	125	0.6065	2.7828
1163	кљ	125	0.6065	2.7828
1163	пќ	125	0.6065	2.7828
1164	eј	124	0.6017	2.7794
1164	i-	124	0.6017	2.7794
1164	t-	124	0.6017	2.7794
1164	кe	124	0.6017	2.7794
1165	-b	123	0.5968	2.7758
1165	дp	123	0.5968	2.7758
1165	џт	123	0.5968	2.7758
1166	lv	122	0.592	2.7723
1166	мљ	122	0.592	2.7723
1167	cу	121	0.5871	2.7687
1167	pу	121	0.5871	2.7687
1167	ће	121	0.5871	2.7687
1168	oе	120	0.5823	2.7651
1168	xx	120	0.5823	2.7651
1168	зф	120	0.5823	2.7651
1169	hl	119	0.5774	2.7615
1169	цх	119	0.5774	2.7615
1169	ѕе	119	0.5774	2.7615
1170	'ј	118	0.5725	2.7578
1170	kw	118	0.5725	2.7578
1170	vd	118	0.5725	2.7578
1170	vr	118	0.5725	2.7578
1170	гг	118	0.5725	2.7578
1170	ля	118	0.5725	2.7578
1170	пг	118	0.5725	2.7578
1171	тъ	117	0.5677	2.7541
1171	тќ	117	0.5677	2.7541
1171	я$	117	0.5677	2.7541
1171	љt	117	0.5677	2.7541
1172	jе	116	0.5628	2.7504
1172	yu	116	0.5628	2.7504
1172	ађ	116	0.5628	2.7504
1173	aч	115	0.558	2.7466
1174	cd	114	0.5531	2.7428
1174	ђа	114	0.5531	2.7428
1175	kt	113	0.5483	2.739
1175	mc	113	0.5483	2.739
1175	pt	113	0.5483	2.739
1175	ръ	113	0.5483	2.739
1176	бх	112	0.5434	2.7351
1177	c-	111	0.5386	2.7313
1177	rн	111	0.5386	2.7313
1177	кж	111	0.5386	2.7313
1177	ѕа	111	0.5386	2.7313
1178	eh	110	0.5337	2.7273
1178	sв	110	0.5337	2.7273
1178	uo	110	0.5337	2.7273
1178	y'	110	0.5337	2.7273
1178	yt	110	0.5337	2.7273
1178	хo	110	0.5337	2.7273
1179	mм	109	0.5289	2.7234
1179	уr	109	0.5289	2.7234
1180	cм	108	0.524	2.7193
1180	гј	108	0.524	2.7193
1180	зџ	108	0.524	2.7193
1180	сќ	108	0.524	2.7193
1180	цб	108	0.524	2.7193
1180	ёа	108	0.524	2.7193
1181	аa	107	0.5192	2.7153
1182	l'	106	0.5143	2.7112
1182	mн	106	0.5143	2.7112
1182	uh	106	0.5143	2.7112
1182	иp	106	0.5143	2.7112
1182	чa	106	0.5143	2.7112
1183	бш	105	0.5095	2.7071
1183	хe	105	0.5095	2.7071
1184	cs	104	0.5046	2.7029
1184	sи	104	0.5046	2.7029
1184	чд	104	0.5046	2.7029
1185	dg	103	0.4998	2.6988
1185	jл	103	0.4998	2.6988
1185	ln	103	0.4998	2.6988
1185	бп	103	0.4998	2.6988
1185	цe	103	0.4998	2.6988
1186	oу	102	0.4949	2.6945
1186	аp	102	0.4949	2.6945
1187	-c	101	0.4901	2.6903
1187	гч	101	0.4901	2.6903
1188	л'	100	0.4852	2.6859
1188	џм	100	0.4852	2.6859
1189	d'	99	0.4804	2.6816
1189	pd	99	0.4804	2.6816
1189	uk	99	0.4804	2.6816
1189	ѐу	99	0.4804	2.6816
1190	ws	98	0.4755	2.6772
1190	yi	98	0.4755	2.6772
1190	ж'	98	0.4755	2.6772
1191	aи	97	0.4707	2.6727
1191	oz	97	0.4707	2.6727
1191	vu	97	0.4707	2.6727
1191	бц	97	0.4707	2.6727
1191	съ	97	0.4707	2.6727
1192	'у	96	0.4658	2.6682
1192	jу	96	0.4658	2.6682
1192	sb	96	0.4658	2.6682
1192	ей	96	0.4658	2.6682
1193	фe	95	0.4609	2.6636
1194	'ш	94	0.4561	2.6591
1194	иa	94	0.4561	2.6591
1195	'c	93	0.4512	2.6544
1195	cp	93	0.4512	2.6544
1195	h-	93	0.4512	2.6544
1195	фх	93	0.4512	2.6544
1196	eж	92	0.4464	2.6497
1196	eп	92	0.4464	2.6497
1196	eќ	92	0.4464	2.6497
1196	аe	92	0.4464	2.6497
1197	'v	91	0.4415	2.6449
1197	^â	91	0.4415	2.6449
1197	dc	91	0.4415	2.6449
1197	sv	91	0.4415	2.6449
1197	ª$	91	0.4415	2.6449
1197	пз	91	0.4415	2.6449
1198	xp	90	0.4367	2.6402
1198	âª	90	0.4367	2.6402
1198	кќ	90	0.4367	2.6402
1198	ън	90	0.4367	2.6402
1199	iс	89	0.4318	2.6353
1199	yd	89	0.4318	2.6353
1199	цa	89	0.4318	2.6353
1200	iн	88	0.427	2.6304
1200	рѕ	88	0.427	2.6304
1200	тњ	88	0.427	2.6304
1201	-t	87	0.4221	2.6254
1201	cf	87	0.4221	2.6254
1201	dm	87	0.4221	2.6254
1202	'х	86	0.4173	2.6204
1202	lc	86	0.4173	2.6204
1202	uv	86	0.4173	2.6204
1202	зш	86	0.4173	2.6204
1202	фд	86	0.4173	2.6204
1203	вх	85	0.4124	2.6153
1203	цц	85	0.4124	2.6153
1204	sf	84	0.4076	2.6102
1204	нѕ	84	0.4076	2.6102
1204	хб	84	0.4076	2.6102
1205	cн	83	0.4027	2.605
1205	jв	83	0.4027	2.605
1205	nb	83	0.4027	2.605
1205	зц	83	0.4027	2.605
1205	џф	83	0.4027	2.605
1206	cm	82	0.3979	2.5998
1206	ih	82	0.3979	2.5998
1206	uz	82	0.3979	2.5998
1206	zn	82	0.3979	2.5998
1207	aе	81	0.393	2.5944
1207	ий	81	0.393	2.5944
1207	мъ	81	0.393	2.5944
1207	у'	81	0.393	2.5944
1208	nf	80	0.3882	2.5891
1208	еd	80	0.3882	2.5891
1208	шќ	80	0.3882	2.5891
1209	eц	79	0.3833	2.5835
1209	iд	79	0.3833	2.5835
1209	uj	79	0.3833	2.5835
1209	гж	79	0.3833	2.5835
1209	ът	79	0.3833	2.5835
1209	ят	79	0.3833	2.5835
1210	-n	78	0.3785	2.5781
1210	hs	78	0.3785	2.5781
1210	uf	78	0.3785	2.5781
1210	wr	78	0.3785	2.5781
1210	вњ	78	0.3785	2.5781
1210	вќ	78	0.3785	2.5781
1211	mt	77	0.3736	2.5724
1211	tn	77	0.3736	2.5724
1211	ym	77	0.3736	2.5724
1211	шњ	77	0.3736	2.5724
1212	-i	75	0.3639	2.561
1212	eу	75	0.3639	2.561
1212	kh	75	0.3639	2.561
1212	аk	75	0.3639	2.561
1212	дќ	75	0.3639	2.561
1212	къ	75	0.3639	2.561
1212	уc	75	0.3639	2.561
1213	-l	74	0.3591	2.5552
1213	iи	74	0.3591	2.5552
1213	iт	74	0.3591	2.5552
1213	oф	74	0.3591	2.5552
1213	рr	74	0.3591	2.5552
1214	hа	73	0.3542	2.5492
1214	lp	73	0.3542	2.5492
1214	nh	73	0.3542	2.5492
1214	жк	73	0.3542	2.5492
1214	кџ	73	0.3542	2.5492
1215	iq	72	0.3494	2.5433
1215	pm	72	0.3494	2.5433
1216	aњ	71	0.3445	2.5372
1216	eљ	71	0.3445	2.5372
1217	-s	70	0.3396	2.531
1217	aq	70	0.3396	2.531
1217	dj	70	0.3396	2.531
1217	lb	70	0.3396	2.531
1217	љд	70	0.3396	2.531
1218	aф	69	0.3348	2.5248
1218	фa	69	0.3348	2.5248
1219	'ф	68	0.3299	2.5184
1219	r'	68	0.3299	2.5184
1219	vy	68	0.3299	2.5184
1219	въ	68	0.3299	2.5184
1219	ьо	68	0.3299	2.5184
1219	яр	68	0.3299	2.5184
1219	џб	68	0.3299	2.5184
1220	dh	67	0.3251	2.512
1220	iu	67	0.3251	2.512
1220	xt	67	0.3251	2.512
1220	шф	67	0.3251	2.512
1220	јo	67	0.3251	2.512
1221	pт	66	0.3202	2.5054
1221	rф	66	0.3202	2.5054
1221	ѕр	66	0.3202	2.5054
1222	dw	65	0.3154	2.4989
1222	еk	65	0.3154	2.4989
1222	џг	65	0.3154	2.4989
1223	иk	64	0.3105	2.4921
1223	тѕ	64	0.3105	2.4921
1223	шo	64	0.3105	2.4921
1223	шг	64	0.3105	2.4921
1223	ѕо	64	0.3105	2.4921
1223	њт	64	0.3105	2.4921
1224	aљ	63	0.3057	2.4853
1224	cn	63	0.3057	2.4853
1224	cв	63	0.3057	2.4853
1224	df	63	0.3057	2.4853
1225	dl	62	0.3008	2.4783
1225	kk	62	0.3008	2.4783
1225	sq	62	0.3008	2.4783
1225	дr	62	0.3008	2.4783
1225	дѕ	62	0.3008	2.4783
1225	зх	62	0.3008	2.4783
1225	ъп	62	0.3008	2.4783
1226	-y	61	0.296	2.4713
1226	gt	61	0.296	2.4713
1226	s'	61	0.296	2.4713
1226	xa	61	0.296	2.4713
1226	yp	61	0.296	2.4713
1226	аd	61	0.296	2.4713
1226	гp	61	0.296	2.4713
1226	мж	61	0.296	2.4713
1227	-u	60	0.2911	2.464
1227	aу	60	0.2911	2.464
1227	kb	60	0.2911	2.464
1227	tz	60	0.2911	2.464
1227	uy	60	0.2911	2.464
1227	гџ	60	0.2911	2.464
1227	еa	60	0.2911	2.464
1227	цз	60	0.2911	2.464
1227	ще	60	0.2911	2.464
1228	-p	59	0.2863	2.4568
1228	гц	59	0.2863	2.4568
1228	сk	59	0.2863	2.4568
1228	љб	59	0.2863	2.4568
1228	ќл	59	0.2863	2.4568
1229	hw	58	0.2814	2.4493
1229	pш	58	0.2814	2.4493
1229	дњ	58	0.2814	2.4493
1230	iп	57	0.2766	2.4419
1230	аc	57	0.2766	2.4419
1230	лю	57	0.2766	2.4419
1231	'ч	56	0.2717	2.4341
1231	cb	56	0.2717	2.4341
1231	hи	56	0.2717	2.4341
1231	rв	56	0.2717	2.4341
1231	йн	56	0.2717	2.4341
1231	мp	56	0.2717	2.4341
1231	нќ	56	0.2717	2.4341
1231	ой	56	0.2717	2.4341
1231	хк	56	0.2717	2.4341
1232	aц	55	0.2669	2.4263
1232	iк	55	0.2669	2.4263
1232	lw	55	0.2669	2.4263
1232	rh	55	0.2669	2.4263
1232	tp	55	0.2669	2.4263
1232	чс	55	0.2669	2.4263
1232	ѓт	55	0.2669	2.4263
1233	'e	54	0.262	2.4183
1233	-r	54	0.262	2.4183
1233	a'	54	0.262	2.4183
1233	hb	54	0.262	2.4183
1233	hh	54	0.262	2.4183
1233	wl	54	0.262	2.4183
1233	гѓ	54	0.262	2.4183
1233	мj	54	0.262	2.4183
1233	оn	54	0.262	2.4183
1234	eи	53	0.2572	2.4103
1234	rz	53	0.2572	2.4103
1234	sr	53	0.2572	2.4103
1234	нc	53	0.2572	2.4103
1235	cа	52	0.2523	2.4019
1235	fs	52	0.2523	2.4019
1235	hd	52	0.2523	2.4019
1235	jk	52	0.2523	2.4019
1235	nm	52	0.2523	2.4019
1235	pn	52	0.2523	2.4019
1235	zu	52	0.2523	2.4019
1235	èi	52	0.2523	2.4019
1235	гѕ	52	0.2523	2.4019
1235	фп	52	0.2523	2.4019
1235	цј	52	0.2523	2.4019
1236	w-	51	0.2475	2.3936
1236	yr	51	0.2475	2.3936
1236	еi	51	0.2475	2.3936
1236	ж-	51	0.2475	2.3936
1236	йк	51	0.2475	2.3936
1236	оe	51	0.2475	2.3936
1237	'a	50	0.2426	2.3849
1237	-f	50	0.2426	2.3849
1237	-њ	50	0.2426	2.3849
1237	kл	50	0.2426	2.3849
1237	mj	50	0.2426	2.3849
1237	mу	50	0.2426	2.3849
1237	фш	50	0.2426	2.3849
1237	шџ	50	0.2426	2.3849
1237	ща	50	0.2426	2.3849
1237	ѓa	50	0.2426	2.3849
1237	ѕб	50	0.2426	2.3849
1237	џџ	50	0.2426	2.3849
1238	dм	49	0.2378	2.3762
1238	аt	49	0.2378	2.3762
1238	бг	49	0.2378	2.3762
1238	кp	49	0.2378	2.3762
1238	ря	49	0.2378	2.3762
1238	чб	49	0.2378	2.3762
1239	jc	48	0.2329	2.3672
1239	jз	48	0.2329	2.3672
1239	vx	48	0.2329	2.3672
1239	yc	48	0.2329	2.3672
1239	сé	48	0.2329	2.3672
1239	тy	48	0.2329	2.3672
1239	хп	48	0.2329	2.3672
1239	џe	48	0.2329	2.3672
1240	'n	47	0.228	2.3579
1240	'ѓ	47	0.228	2.3579
1240	bи	47	0.228	2.3579
1240	eа	47	0.228	2.3579
1240	fm	47	0.228	2.3579
1240	g-	47	0.228	2.3579
1240	pc	47	0.228	2.3579
1240	yf	47	0.228	2.3579
1240	é$	47	0.228	2.3579
1240	тж	47	0.228	2.3579
1240	ъл	47	0.228	2.3579
1240	яв	47	0.228	2.3579
1241	'ж	46	0.2232	2.3487
1241	iè	46	0.2232	2.3487
1241	iм	46	0.2232	2.3487
1241	pн	46	0.2232	2.3487
1241	wt	46	0.2232	2.3487
1241	èe	46	0.2232	2.3487
1241	бџ	46	0.2232	2.3487
1241	жз	46	0.2232	2.3487
1241	лj	46	0.2232	2.3487
1241	нњ	46	0.2232	2.3487
1241	ќќ	46	0.2232	2.3487
1241	џр	46	0.2232	2.3487
1242	dн	45	0.2183	2.3391
1242	iа	45	0.2183	2.3391
1242	jц	45	0.2183	2.3391
1242	p-	45	0.2183	2.3391
1242	yв	45	0.2183	2.3391
1242	аn	45	0.2183	2.3391
1242	лѕ	45	0.2183	2.3391
1242	пъ	45	0.2183	2.3391
1242	фo	45	0.2183	2.3391
1242	чч	45	0.2183	2.3391
1242	ѓe	45	0.2183	2.3391
1243	bm	44	0.2135	2.3294
1243	dt	44	0.2135	2.3294
1243	hо	44	0.2135	2.3294
1243	k-	44	0.2135	2.3294
1243	mh	44	0.2135	2.3294
1243	в'	44	0.2135	2.3294
1243	дъ	44	0.2135	2.3294
1243	мњ	44	0.2135	2.3294
1243	нъ	44	0.2135	2.3294
1243	ня	44	0.2135	2.3294
1243	ћe	44	0.2135	2.3294
1243	ќa	44	0.2135	2.3294
1244	-g	43	0.2086	2.3193
1244	eњ	43	0.2086	2.3193
1244	iæ	43	0.2086	2.3193
1244	nv	43	0.2086	2.3193
1244	sе	43	0.2086	2.3193
1244	лy	43	0.2086	2.3193
1244	пџ	43	0.2086	2.3193
1245	iв	42	0.2038	2.3092
1245	nе	42	0.2038	2.3092
1245	oц	42	0.2038	2.3092
1245	zl	42	0.2038	2.3092
1245	еe	42	0.2038	2.3092
1245	ещ	42	0.2038	2.3092
1245	лъ	42	0.2038	2.3092
1245	фв	42	0.2038	2.3092
1246	^щ	41	0.1989	2.2986
1246	eф	41	0.1989	2.2986
1246	tf	41	0.1989	2.2986
1246	њa	41	0.1989	2.2986
1247	'b	40	0.1941	2.288
1247	tb	40	0.1941	2.288
1247	лk	40	0.1941	2.288
1247	лљ	40	0.1941	2.288
1247	лќ	40	0.1941	2.288
1247	ъм	40	0.1941	2.288
1248	-k	39	0.1892	2.2769
1248	aè	39	0.1892	2.2769
1248	bе	39	0.1892	2.2769
1248	dp	39	0.1892	2.2769
1248	dи	39	0.1892	2.2769
1248	iљ	39	0.1892	2.2769
1248	nа	39	0.1892	2.2769
1248	vl	39	0.1892	2.2769
1248	xe	39	0.1892	2.2769
1248	бъ	39	0.1892	2.2769
1248	еs	39	0.1892	2.2769
1248	ищ	39	0.1892	2.2769
1248	хг	39	0.1892	2.2769
1248	цг	39	0.1892	2.2769
1248	ъс	39	0.1892	2.2769
1249	iз	38	0.1844	2.2658
1249	iо	38	0.1844	2.2658
1249	md	38	0.1844	2.2658
1249	vn	38	0.1844	2.2658
1249	yw	38	0.1844	2.2658
1249	аi	38	0.1844	2.2658
1249	пѓ	38	0.1844	2.2658
1249	уѕ	38	0.1844	2.2658
1249	чќ	38	0.1844	2.2658
1249	ък	38	0.1844	2.2658
1249	џo	38	0.1844	2.2658
1249	џс	38	0.1844	2.2658
1250	'p	37	0.1795	2.2541
1250	aѓ	37	0.1795	2.2541
1250	db	37	0.1795	2.2541
1250	kg	37	0.1795	2.2541
1250	mg	37	0.1795	2.2541
1250	sg	37	0.1795	2.2541
1250	мl	37	0.1795	2.2541
1250	џ-	37	0.1795	2.2541
1251	'g	36	0.1747	2.2423
1251	dе	36	0.1747	2.2423
1251	fy	36	0.1747	2.2423
1251	кc	36	0.1747	2.2423
1251	ц'	36	0.1747	2.2423
1251	чo	36	0.1747	2.2423
1252	-љ	35	0.1698	2.2299
1252	kv	35	0.1698	2.2299
1252	жu	35	0.1698	2.2299
1252	оu	35	0.1698	2.2299
1252	хч	35	0.1698	2.2299
1252	ѕ-	35	0.1698	2.2299
1253	^є	34	0.165	2.2175
1253	jп	34	0.165	2.2175
1253	lr	34	0.165	2.2175
1253	lа	34	0.165	2.2175
1253	lе	34	0.165	2.2175
1253	lо	34	0.165	2.2175
1253	oџ	34	0.165	2.2175
1253	š$	34	0.165	2.2175
1253	еt	34	0.165	2.2175
1253	кy	34	0.165	2.2175
1253	лl	34	0.165	2.2175
1253	оs	34	0.165	2.2175
1253	сt	34	0.165	2.2175
1253	уp	34	0.165	2.2175
1253	хз	34	0.165	2.2175
1253	шж	34	0.165	2.2175
1253	ъж	34	0.165	2.2175
1253	ќ-	34	0.165	2.2175
1254	-v	33	0.1601	2.2044
1254	b-	33	0.1601	2.2044
1254	lz	33	0.1601	2.2044
1254	xo	33	0.1601	2.2044
1254	xv	33	0.1601	2.2044
1254	вc	33	0.1601	2.2044
1254	еm	33	0.1601	2.2044
1254	еn	33	0.1601	2.2044
1254	жц	33	0.1601	2.2044
1254	кѕ	33	0.1601	2.2044
1254	ј'	33	0.1601	2.2044
1255	-w	32	0.1553	2.1912
1255	-z	32	0.1553	2.1912
1255	eq	32	0.1553	2.1912
1255	lg	32	0.1553	2.1912
1255	nw	32	0.1553	2.1912
1255	ux	32	0.1553	2.1912
1255	yк	32	0.1553	2.1912
1255	аl	32	0.1553	2.1912
1255	зљ	32	0.1553	2.1912
1255	шц	32	0.1553	2.1912
1255	њј	32	0.1553	2.1912
1256	aќ	31	0.1504	2.1772
1256	gd	31	0.1504	2.1772
1256	j-	31	0.1504	2.1772
1256	k'	31	0.1504	2.1772
1256	xc	31	0.1504	2.1772
1256	yh	31	0.1504	2.1772
1256	гj	31	0.1504	2.1772
1256	ль	31	0.1504	2.1772
1256	мѕ	31	0.1504	2.1772
1256	сѕ	31	0.1504	2.1772
1256	тu	31	0.1504	2.1772
1256	ф'	31	0.1504	2.1772
1256	љa	31	0.1504	2.1772
1257	aо	30	0.1456	2.1632
1257	jи	30	0.1456	2.1632
1257	pw	30	0.1456	2.1632
1257	pв	30	0.1456	2.1632
1257	rw	30	0.1456	2.1632
1257	uи	30	0.1456	2.1632
1257	еc	30	0.1456	2.1632
1257	жс	30	0.1456	2.1632
1257	чз	30	0.1456	2.1632
1257	ѓн	30	0.1456	2.1632
1257	ѕд	30	0.1456	2.1632
1257	ѕш	30	0.1456	2.1632
1257	љe	30	0.1456	2.1632
1258	iб	29	0.1407	2.1483
1258	oљ	29	0.1407	2.1483
1258	u-	29	0.1407	2.1483
1258	xl	29	0.1407	2.1483
1258	xy	29	0.1407	2.1483
1258	бњ	29	0.1407	2.1483
1258	ећ	29	0.1407	2.1483
1258	лr	29	0.1407	2.1483
1258	мy	29	0.1407	2.1483
1258	рc	29	0.1407	2.1483
1258	чп	29	0.1407	2.1483
1258	чш	29	0.1407	2.1483
1258	ю$	29	0.1407	2.1483
1258	ѕт	29	0.1407	2.1483
1258	ћi	29	0.1407	2.1483
1259	'ц	28	0.1359	2.1332
1259	eх	28	0.1359	2.1332
1259	jќ	28	0.1359	2.1332
1259	mw	28	0.1359	2.1332
1259	nн	28	0.1359	2.1332
1259	pк	28	0.1359	2.1332
1259	v-	28	0.1359	2.1332
1259	zd	28	0.1359	2.1332
1259	аm	28	0.1359	2.1332
1259	жш	28	0.1359	2.1332
1259	рi	28	0.1359	2.1332
1259	тi	28	0.1359	2.1332
1259	чф	28	0.1359	2.1332
1259	щи	28	0.1359	2.1332
1260	-x	27	0.131	2.1173
1260	eæ	27	0.131	2.1173
1260	eо	27	0.131	2.1173
1260	np	27	0.131	2.1173
1260	pf	27	0.131	2.1173
1260	tk	27	0.131	2.1173
1260	гъ	27	0.131	2.1173
1260	пj	27	0.131	2.1173
1260	шi	27	0.131	2.1173
1260	шљ	27	0.131	2.1173
1260	ѓр	27	0.131	2.1173
1260	ќм	27	0.131	2.1173
1261	cе	26	0.1262	2.1011
1261	jt	26	0.1262	2.1011
1261	kт	26	0.1262	2.1011
1261	sd	26	0.1262	2.1011
1261	xb	26	0.1262	2.1011
1261	xе	26	0.1262	2.1011
1261	аo	26	0.1262	2.1011
1261	дy	26	0.1262	2.1011
1261	жi	26	0.1262	2.1011
1261	оm	26	0.1262	2.1011
1261	ѓ-	26	0.1262	2.1011
1261	џд	26	0.1262	2.1011
1262	'џ	25	0.1213	2.0839
1262	-j	25	0.1213	2.0839
1262	dт	25	0.1213	2.0839
1262	gy	25	0.1213	2.0839
1262	kc	25	0.1213	2.0839
1262	pз	25	0.1213	2.0839
1262	tj	25	0.1213	2.0839
1262	wb	25	0.1213	2.0839
1262	zg	25	0.1213	2.0839
1262	æe	25	0.1213	2.0839
1262	æi	25	0.1213	2.0839
1262	èa	25	0.1213	2.0839
1262	ащ	25	0.1213	2.0839
1262	бф	25	0.1213	2.0839
1262	вф	25	0.1213	2.0839
1262	еѕ	25	0.1213	2.0839
1262	жj	25	0.1213	2.0839
1262	жж	25	0.1213	2.0839
1262	оw	25	0.1213	2.0839
1262	оy	25	0.1213	2.0839
1262	рs	25	0.1213	2.0839
1262	сж	25	0.1213	2.0839
1262	фз	25	0.1213	2.0839
1262	ъд	25	0.1213	2.0839
1262	ъз	25	0.1213	2.0839
1263	gm	24	0.1165	2.0663
1263	jd	24	0.1165	2.0663
1263	vf	24	0.1165	2.0663
1263	vе	24	0.1165	2.0663
1263	иn	24	0.1165	2.0663
1263	иu	24	0.1165	2.0663
1263	оx	24	0.1165	2.0663
1263	сh	24	0.1165	2.0663
1263	чk	24	0.1165	2.0663
1263	що	24	0.1165	2.0663
1263	јљ	24	0.1165	2.0663
1264	cр	23	0.1116	2.0477
1264	jб	23	0.1116	2.0477
1264	ml	23	0.1116	2.0477
1264	mл	23	0.1116	2.0477
1264	oћ	23	0.1116	2.0477
1264	sс	23	0.1116	2.0477
1264	uт	23	0.1116	2.0477
1264	yб	23	0.1116	2.0477
1264	yе	23	0.1116	2.0477
1264	yр	23	0.1116	2.0477
1264	zm	23	0.1116	2.0477
1264	zr	23	0.1116	2.0477
1264	zv	23	0.1116	2.0477
1264	æa	23	0.1116	2.0477
1264	бy	23	0.1116	2.0477
1264	йт	23	0.1116	2.0477
1264	оo	23	0.1116	2.0477
1264	ям	23	0.1116	2.0477
1264	ѕк	23	0.1116	2.0477
1265	bо	22	0.1067	2.0282
1265	gw	22	0.1067	2.0282
1265	kf	22	0.1067	2.0282
1265	mv	22	0.1067	2.0282
1265	oќ	22	0.1067	2.0282
1265	uu	22	0.1067	2.0282
1265	yо	22	0.1067	2.0282
1265	аї	22	0.1067	2.0282
1265	вя	22	0.1067	2.0282
1265	гy	22	0.1067	2.0282
1265	йс	22	0.1067	2.0282
1265	йъ	22	0.1067	2.0282
1265	рy	22	0.1067	2.0282
1265	хф	22	0.1067	2.0282
1265	як	22	0.1067	2.0282
1265	ѕм	22	0.1067	2.0282
1265	љн	22	0.1067	2.0282
1265	ћa	22	0.1067	2.0282
1266	dz	21	0.1019	2.0082
1266	dо	21	0.1019	2.0082
1266	g'	21	0.1019	2.0082
1266	gk	21	0.1019	2.0082
1266	iќ	21	0.1019	2.0082
1266	pг	21	0.1019	2.0082
1266	sо	21	0.1019	2.0082
1266	w'	21	0.1019	2.0082
1266	wо	21	0.1019	2.0082
1266	æu	21	0.1019	2.0082
1266	дя	21	0.1019	2.0082
1266	мc	21	0.1019	2.0082
1266	тc	21	0.1019	2.0082
1266	уa	21	0.1019	2.0082
1266	уo	21	0.1019	2.0082
1266	цo	21	0.1019	2.0082
1266	щ$	21	0.1019	2.0082
1266	юл	21	0.1019	2.0082
1266	їа	21	0.1019	2.0082
1266	џк	21	0.1019	2.0082
1267	^ї	20	0.097	1.9868
1267	dп	20	0.097	1.9868
1267	fc	20	0.097	1.9868
1267	gf	20	0.097	1.9868
1267	oè	20	0.097	1.9868
1267	pж	20	0.097	1.9868
1267	sj	20	0.097	1.9868
1267	sм	20	0.097	1.9868
1267	yg	20	0.097	1.9868
1267	yм	20	0.097	1.9868
1267	зъ	20	0.097	1.9868
1267	иъ	20	0.097	1.9868
1267	тx	20	0.097	1.9868
1267	ч'	20	0.097	1.9868
1267	чг	20	0.097	1.9868
1267	ъх	20	0.097	1.9868
1267	іo	20	0.097	1.9868
1267	љк	20	0.097	1.9868
1267	ћа	20	0.097	1.9868
1267	ћи	20	0.097	1.9868
1268	^ў	19	0.0922	1.9647
1268	aš	19	0.0922	1.9647
1268	aћ	19	0.0922	1.9647
1268	bp	19	0.0922	1.9647
1268	hk	19	0.0922	1.9647
1268	iг	19	0.0922	1.9647
1268	iе	19	0.0922	1.9647
1268	jм	19	0.0922	1.9647
1268	mп	19	0.0922	1.9647
1268	oκ	19	0.0922	1.9647
1268	pb	19	0.0922	1.9647
1268	pд	19	0.0922	1.9647
1268	pм	19	0.0922	1.9647
1268	q-	19	0.0922	1.9647
1268	rq	19	0.0922	1.9647
1268	uè	19	0.0922	1.9647
1268	xи	19	0.0922	1.9647
1268	yд	19	0.0922	1.9647
1268	zb	19	0.0922	1.9647
1268	κ$	19	0.0922	1.9647
1268	аs	19	0.0922	1.9647
1268	аy	19	0.0922	1.9647
1268	аћ	19	0.0922	1.9647
1268	еl	19	0.0922	1.9647
1268	иd	19	0.0922	1.9647
1268	йм	19	0.0922	1.9647
1268	кj	19	0.0922	1.9647
1268	мk	19	0.0922	1.9647
1268	ъв	19	0.0922	1.9647
1268	јr	19	0.0922	1.9647
1268	јѓ	19	0.0922	1.9647
1268	њн	19	0.0922	1.9647
1269	bh	18	0.0873	1.941
1269	eš	18	0.0873	1.941
1269	gе	18	0.0873	1.941
1269	h'	18	0.0873	1.941
1269	hp	18	0.0873	1.941
1269	iš	18	0.0873	1.941
1269	kp	18	0.0873	1.941
1269	kв	18	0.0873	1.941
1269	mf	18	0.0873	1.941
1269	rй	18	0.0873	1.941
1269	tg	18	0.0873	1.941
1269	uæ	18	0.0873	1.941
1269	vм	18	0.0873	1.941
1269	èu	18	0.0873	1.941
1269	že	18	0.0873	1.941
1269	гe	18	0.0873	1.941
1269	йд	18	0.0873	1.941
1269	мi	18	0.0873	1.941
1269	ощ	18	0.0873	1.941
1269	уj	18	0.0873	1.941
1269	хц	18	0.0873	1.941
1269	ѕл	18	0.0873	1.941
1269	њ-	18	0.0873	1.941
1269	џн	18	0.0873	1.941
1270	'h	17	0.0825	1.9165
1270	eћ	17	0.0825	1.9165
1270	gb	17	0.0825	1.9165
1270	iy	17	0.0825	1.9165
1270	tс	17	0.0825	1.9165
1270	uљ	17	0.0825	1.9165
1270	wk	17	0.0825	1.9165
1270	yл	17	0.0825	1.9165
1270	yч	17	0.0825	1.9165
1270	z-	17	0.0825	1.9165
1270	zy	17	0.0825	1.9165
1270	æ$	17	0.0825	1.9165
1270	бj	17	0.0825	1.9165
1270	йп	17	0.0825	1.9165
1270	тk	17	0.0825	1.9165
1270	хш	17	0.0825	1.9165
1270	цф	17	0.0825	1.9165
1270	шх	17	0.0825	1.9165
1270	ѕн	17	0.0825	1.9165
1270	ѕс	17	0.0825	1.9165
1270	џх	17	0.0825	1.9165
1271	^ъ	16	0.0776	1.8899
1271	dд	16	0.0776	1.8899
1271	f-	16	0.0776	1.8899
1271	jn	16	0.0776	1.8899
1271	pk	16	0.0776	1.8899
1271	sп	16	0.0776	1.8899
1271	wі	16	0.0776	1.8899
1271	xh	16	0.0776	1.8899
1271	yk	16	0.0776	1.8899
1271	yа	16	0.0776	1.8899
1271	èn	16	0.0776	1.8899
1271	аю	16	0.0776	1.8899
1271	з'	16	0.0776	1.8899
1271	йз	16	0.0776	1.8899
1271	мю	16	0.0776	1.8899
1271	нk	16	0.0776	1.8899
1271	оd	16	0.0776	1.8899
1271	оt	16	0.0776	1.8899
1271	пѕ	16	0.0776	1.8899
1271	тt	16	0.0776	1.8899
1271	фљ	16	0.0776	1.8899
1271	ъч	16	0.0776	1.8899
1271	ю-	16	0.0776	1.8899
1271	юб	16	0.0776	1.8899
1271	ђе	16	0.0776	1.8899
1271	ѓѓ	16	0.0776	1.8899
1271	ѕу	16	0.0776	1.8899
1271	јc	16	0.0776	1.8899
1272	'ќ	15	0.0728	1.8621
1272	^è	15	0.0728	1.8621
1272	^я	15	0.0728	1.8621
1272	cq	15	0.0728	1.8621
1272	dћ	15	0.0728	1.8621
1272	eѓ	15	0.0728	1.8621
1272	fп	15	0.0728	1.8621
1272	iј	15	0.0728	1.8621
1272	nс	15	0.0728	1.8621
1272	pч	15	0.0728	1.8621
1272	rс	15	0.0728	1.8621
1272	uq	15	0.0728	1.8621
1272	uр	15	0.0728	1.8621
1272	vj	15	0.0728	1.8621
1272	wd	15	0.0728	1.8621
1272	wu	15	0.0728	1.8621
1272	yш	15	0.0728	1.8621
1272	èk	15	0.0728	1.8621
1272	дљ	15	0.0728	1.8621
1272	еb	15	0.0728	1.8621
1272	иt	15	0.0728	1.8621
1272	оf	15	0.0728	1.8621
1272	оl	15	0.0728	1.8621
1272	сp	15	0.0728	1.8621
1272	тh	15	0.0728	1.8621
1272	уђ	15	0.0728	1.8621
1272	хъ	15	0.0728	1.8621
1272	шѕ	15	0.0728	1.8621
1272	юч	15	0.0728	1.8621
1272	ёб	15	0.0728	1.8621
1272	љl	15	0.0728	1.8621
1272	њх	15	0.0728	1.8621
1273	'w	14	0.0679	1.8319
1273	dx	14	0.0679	1.8319
1273	dа	14	0.0679	1.8319
1273	dс	14	0.0679	1.8319
1273	jl	14	0.0679	1.8319
1273	pg	14	0.0679	1.8319
1273	sр	14	0.0679	1.8319
1273	tб	14	0.0679	1.8319
1273	yy	14	0.0679	1.8319
1273	yп	14	0.0679	1.8319
1273	će	14	0.0679	1.8319
1273	б'	14	0.0679	1.8319
1273	еy	14	0.0679	1.8319
1273	йч	14	0.0679	1.8319
1273	оk	14	0.0679	1.8319
1273	сю	14	0.0679	1.8319
1273	сњ	14	0.0679	1.8319
1273	уґ	14	0.0679	1.8319
1273	цy	14	0.0679	1.8319
1273	чъ	14	0.0679	1.8319
1273	ъщ	14	0.0679	1.8319
1273	ян	14	0.0679	1.8319
1273	љш	14	0.0679	1.8319
1273	ґе	14	0.0679	1.8319
1274	'k	13	0.0631	1.8
1274	'o	13	0.0631	1.8
1274	'ѕ	13	0.0631	1.8
1274	bj	13	0.0631	1.8
1274	bа	13	0.0631	1.8
1274	dј	13	0.0631	1.8
1274	lт	13	0.0631	1.8
1274	uс	13	0.0631	1.8
1274	wy	13	0.0631	1.8
1274	yv	13	0.0631	1.8
1274	zh	13	0.0631	1.8
1274	аb	13	0.0631	1.8
1274	еo	13	0.0631	1.8
1274	лc	13	0.0631	1.8
1274	нd	13	0.0631	1.8
1274	рh	13	0.0631	1.8
1274	уk	13	0.0631	1.8
1274	чх	13	0.0631	1.8
1274	ъг	13	0.0631	1.8
1274	э$	13	0.0631	1.8
1274	яя	13	0.0631	1.8
1274	ѕп	13	0.0631	1.8
1274	ѕч	13	0.0631	1.8
1274	јe	13	0.0631	1.8
1274	јj	13	0.0631	1.8
1274	ќр	13	0.0631	1.8
1274	ќш	13	0.0631	1.8
1274	џл	13	0.0631	1.8
1275	'f	12	0.0582	1.7649
1275	cч	12	0.0582	1.7649
1275	eè	12	0.0582	1.7649
1275	hf	12	0.0582	1.7649
1275	hv	12	0.0582	1.7649
1275	ić	12	0.0582	1.7649
1275	uж	12	0.0582	1.7649
1275	uћ	12	0.0582	1.7649
1275	wg	12	0.0582	1.7649
1275	čk	12	0.0582	1.7649
1275	аu	12	0.0582	1.7649
1275	ає	12	0.0582	1.7649
1275	вѕ	12	0.0582	1.7649
1275	иx	12	0.0582	1.7649
1275	йs	12	0.0582	1.7649
1275	мd	12	0.0582	1.7649
1275	нь	12	0.0582	1.7649
1275	оi	12	0.0582	1.7649
1275	оv	12	0.0582	1.7649
1275	пж	12	0.0582	1.7649
1275	рu	12	0.0582	1.7649
1275	фќ	12	0.0582	1.7649
1275	чц	12	0.0582	1.7649
1275	ъц	12	0.0582	1.7649
1275	яз	12	0.0582	1.7649
1275	яс	12	0.0582	1.7649
1275	њк	12	0.0582	1.7649
1275	ґа	12	0.0582	1.7649
1276	^ю	11	0.0534	1.7275
1276	^ђ	11	0.0534	1.7275
1276	c'	11	0.0534	1.7275
1276	dž	11	0.0534	1.7275
1276	fk	11	0.0534	1.7275
1276	gj	11	0.0534	1.7275
1276	gq	11	0.0534	1.7275
1276	hc	11	0.0534	1.7275
1276	hg	11	0.0534	1.7275
1276	iw	11	0.0534	1.7275
1276	iж	11	0.0534	1.7275
1276	iр	11	0.0534	1.7275
1276	iш	11	0.0534	1.7275
1276	kн	11	0.0534	1.7275
1276	lh	11	0.0534	1.7275
1276	nи	11	0.0534	1.7275
1276	oq	11	0.0534	1.7275
1276	rx	11	0.0534	1.7275
1276	rћ	11	0.0534	1.7275
1276	vа	11	0.0534	1.7275
1276	yс	11	0.0534	1.7275
1276	zа	11	0.0534	1.7275
1276	ša	11	0.0534	1.7275
1276	гќ	11	0.0534	1.7275
1276	дѓ	11	0.0534	1.7275
1276	жп	11	0.0534	1.7275
1276	йл	11	0.0534	1.7275
1276	оћ	11	0.0534	1.7275
1276	пя	11	0.0534	1.7275
1276	сu	11	0.0534	1.7275
1276	сy	11	0.0534	1.7275
1276	тљ	11	0.0534	1.7275
1276	фp	11	0.0534	1.7275
1276	цp	11	0.0534	1.7275
1276	чy	11	0.0534	1.7275
1276	ъ$	11	0.0534	1.7275
1276	яч	11	0.0534	1.7275
1276	ђб	11	0.0534	1.7275
1276	ѓк	11	0.0534	1.7275
1276	ѓш	11	0.0534	1.7275
1276	љѕ	11	0.0534	1.7275
1276	ћ$	11	0.0534	1.7275
1276	ќд	11	0.0534	1.7275
1277	aæ	10	0.0485	1.6857
1277	b'	10	0.0485	1.6857
1277	fd	10	0.0485	1.6857
1277	gо	10	0.0485	1.6857
1277	nм	10	0.0485	1.6857
1277	p'	10	0.0485	1.6857
1277	pб	10	0.0485	1.6857
1277	qa	10	0.0485	1.6857
1277	rк	10	0.0485	1.6857
1277	tш	10	0.0485	1.6857
1277	uх	10	0.0485	1.6857
1277	vc	10	0.0485	1.6857
1277	wm	10	0.0485	1.6857
1277	xо	10	0.0485	1.6857
1277	yн	10	0.0485	1.6857
1277	ži	10	0.0485	1.6857
1277	аґ	10	0.0485	1.6857
1277	еh	10	0.0485	1.6857
1277	еx	10	0.0485	1.6857
1277	кq	10	0.0485	1.6857
1277	мь	10	0.0485	1.6857
1277	нy	10	0.0485	1.6857
1277	сl	10	0.0485	1.6857
1277	тd	10	0.0485	1.6857
1277	тv	10	0.0485	1.6857
1277	тя	10	0.0485	1.6857
1277	уe	10	0.0485	1.6857
1277	уx	10	0.0485	1.6857
1277	ъб	10	0.0485	1.6857
1277	ял	10	0.0485	1.6857
1277	јs	10	0.0485	1.6857
1277	џц	10	0.0485	1.6857
1278	'i	9	0.0437	1.6405
1278	'њ	9	0.0437	1.6405
1278	^й	9	0.0437	1.6405
1278	bd	9	0.0437	1.6405
1278	bf	9	0.0437	1.6405
1278	bw	9	0.0437	1.6405
1278	cg	9	0.0437	1.6405
1278	eč	9	0.0437	1.6405
1278	f'	9	0.0437	1.6405
1278	iл	9	0.0437	1.6405
1278	jb	9	0.0437	1.6405
1278	jf	9	0.0437	1.6405
1278	jv	9	0.0437	1.6405
1278	jг	9	0.0437	1.6405
1278	kк	9	0.0437	1.6405
1278	nx	9	0.0437	1.6405
1278	pс	9	0.0437	1.6405
1278	pц	9	0.0437	1.6405
1278	qр	9	0.0437	1.6405
1278	sј	9	0.0437	1.6405
1278	uв	9	0.0437	1.6405
1278	vh	9	0.0437	1.6405
1278	vk	9	0.0437	1.6405
1278	vt	9	0.0437	1.6405
1278	yг	9	0.0437	1.6405
1278	zp	9	0.0437	1.6405
1278	аx	9	0.0437	1.6405
1278	аі	9	0.0437	1.6405
1278	бж	9	0.0437	1.6405
1278	бя	9	0.0437	1.6405
1278	жѕ	9	0.0437	1.6405
1278	жќ	9	0.0437	1.6405
1278	кg	9	0.0437	1.6405
1278	лu	9	0.0437	1.6405
1278	ођ	9	0.0437	1.6405
1278	пњ	9	0.0437	1.6405
1278	рµ	9	0.0437	1.6405
1278	рю	9	0.0437	1.6405
1278	сj	9	0.0437	1.6405
1278	сr	9	0.0437	1.6405
1278	фѕ	9	0.0437	1.6405
1278	чж	9	0.0437	1.6405
1278	юм	9	0.0437	1.6405
1278	яб	9	0.0437	1.6405
1278	яш	9	0.0437	1.6405
1278	єа	9	0.0437	1.6405
1278	ѕг	9	0.0437	1.6405
1278	ѕј	9	0.0437	1.6405
1278	љ-	9	0.0437	1.6405
1278	љi	9	0.0437	1.6405
1278	љn	9	0.0437	1.6405
1278	љј	9	0.0437	1.6405
1278	њњ	9	0.0437	1.6405
1278	ќз	9	0.0437	1.6405
1278	ќп	9	0.0437	1.6405
1278	џ'	9	0.0437	1.6405
1279	^ż	8	0.0388	1.5888
1279	^τ	8	0.0388	1.5888
1279	cњ	8	0.0388	1.5888
1279	dв	8	0.0388	1.5888
1279	dу	8	0.0388	1.5888
1279	eе	8	0.0388	1.5888
1279	jh	8	0.0388	1.5888
1279	jj	8	0.0388	1.5888
1279	js	8	0.0388	1.5888
1279	lн	8	0.0388	1.5888
1279	lу	8	0.0388	1.5888
1279	mк	8	0.0388	1.5888
1279	pл	8	0.0388	1.5888
1279	qt	8	0.0388	1.5888
1279	qу	8	0.0388	1.5888
1279	rт	8	0.0388	1.5888
1279	vs	8	0.0388	1.5888
1279	vw	8	0.0388	1.5888
1279	wа	8	0.0388	1.5888
1279	yт	8	0.0388	1.5888
1279	zx	8	0.0388	1.5888
1279	ón	8	0.0388	1.5888
1279	ż$	8	0.0388	1.5888
1279	бs	8	0.0388	1.5888
1279	вi	8	0.0388	1.5888
1279	зќ	8	0.0388	1.5888
1279	иѕ	8	0.0388	1.5888
1279	йв	8	0.0388	1.5888
1279	кi	8	0.0388	1.5888
1279	кk	8	0.0388	1.5888
1279	мѓ	8	0.0388	1.5888
1279	нm	8	0.0388	1.5888
1279	нt	8	0.0388	1.5888
1279	пc	8	0.0388	1.5888
1279	пy	8	0.0388	1.5888
1279	ся	8	0.0388	1.5888
1279	уn	8	0.0388	1.5888
1279	цш	8	0.0388	1.5888
1279	цќ	8	0.0388	1.5888
1279	чѕ	8	0.0388	1.5888
1279	эн	8	0.0388	1.5888
1279	ё$	8	0.0388	1.5888
1279	ѓo	8	0.0388	1.5888
1279	ѓв	8	0.0388	1.5888
1279	ѕх	8	0.0388	1.5888
1279	іа	8	0.0388	1.5888
1279	љт	8	0.0388	1.5888
1279	њu	8	0.0388	1.5888
1279	њр	8	0.0388	1.5888
1279	ћu	8	0.0388	1.5888
1279	ќч	8	0.0388	1.5888
1279	џa	8	0.0388	1.5888
1279	џз	8	0.0388	1.5888
1280	^š	7	0.034	1.5315
1280	až	7	0.034	1.5315
1280	bn	7	0.034	1.5315
1280	bł	7	0.034	1.5315
1280	bб	7	0.034	1.5315
1280	cv	7	0.034	1.5315
1280	cф	7	0.034	1.5315
1280	fб	7	0.034	1.5315
1280	iž	7	0.034	1.5315
1280	jm	7	0.034	1.5315
1280	jp	7	0.034	1.5315
1280	jr	7	0.034	1.5315
1280	jz	7	0.034	1.5315
1280	kб	7	0.034	1.5315
1280	kц	7	0.034	1.5315
1280	lс	7	0.034	1.5315
1280	nq	7	0.034	1.5315
1280	oæ	7	0.034	1.5315
1280	ođ	7	0.034	1.5315
1280	oń	7	0.034	1.5315
1280	sx	7	0.034	1.5315
1280	sz	7	0.034	1.5315
1280	sа	7	0.034	1.5315
1280	tx	7	0.034	1.5315
1280	tг	7	0.034	1.5315
1280	tк	7	0.034	1.5315
1280	uе	7	0.034	1.5315
1280	uм	7	0.034	1.5315
1280	vб	7	0.034	1.5315
1280	wz	7	0.034	1.5315
1280	xm	7	0.034	1.5315
1280	yи	7	0.034	1.5315
1280	zj	7	0.034	1.5315
1280	đa	7	0.034	1.5315
1280	ło	7	0.034	1.5315
1280	ńs	7	0.034	1.5315
1280	аg	7	0.034	1.5315
1280	аv	7	0.034	1.5315
1280	вu	7	0.034	1.5315
1280	вy	7	0.034	1.5315
1280	дm	7	0.034	1.5315
1280	еu	7	0.034	1.5315
1280	еv	7	0.034	1.5315
1280	ея	7	0.034	1.5315
1280	жљ	7	0.034	1.5315
1280	зj	7	0.034	1.5315
1280	зp	7	0.034	1.5315
1280	зя	7	0.034	1.5315
1280	иs	7	0.034	1.5315
1280	йг	7	0.034	1.5315
1280	кt	7	0.034	1.5315
1280	кu	7	0.034	1.5315
1280	кю	7	0.034	1.5315
1280	лt	7	0.034	1.5315
1280	мb	7	0.034	1.5315
1280	мh	7	0.034	1.5315
1280	рn	7	0.034	1.5315
1280	рt	7	0.034	1.5315
1280	сi	7	0.034	1.5315
1280	хѕ	7	0.034	1.5315
1280	хџ	7	0.034	1.5315
1280	чp	7	0.034	1.5315
1280	эш	7	0.034	1.5315
1280	яг	7	0.034	1.5315
1280	яд	7	0.034	1.5315
1280	ѓм	7	0.034	1.5315
1280	ѓс	7	0.034	1.5315
1280	ѕo	7	0.034	1.5315
1280	ѕж	7	0.034	1.5315
1280	їe	7	0.034	1.5315
1280	їq	7	0.034	1.5315
1280	љс	7	0.034	1.5315
1280	њм	7	0.034	1.5315
1280	ћd	7	0.034	1.5315
1280	ќњ	7	0.034	1.5315
1280	џж	7	0.034	1.5315
1281	'j	6	0.0291	1.4639
1281	'љ	6	0.0291	1.4639
1281	ač	6	0.0291	1.4639
1281	bн	6	0.0291	1.4639
1281	bу	6	0.0291	1.4639
1281	dk	6	0.0291	1.4639
1281	dг	6	0.0291	1.4639
1281	dк	6	0.0291	1.4639
1281	fе	6	0.0291	1.4639
1281	gv	6	0.0291	1.4639
1281	gг	6	0.0291	1.4639
1281	ič	6	0.0291	1.4639
1281	iч	6	0.0291	1.4639
1281	iћ	6	0.0291	1.4639
1281	j'	6	0.0291	1.4639
1281	kд	6	0.0291	1.4639
1281	kс	6	0.0291	1.4639
1281	kј	6	0.0291	1.4639
1281	kќ	6	0.0291	1.4639
1281	lи	6	0.0291	1.4639
1281	mx	6	0.0291	1.4639
1281	mх	6	0.0291	1.4639
1281	nр	6	0.0291	1.4639
1281	nу	6	0.0291	1.4639
1281	oš	6	0.0291	1.4639
1281	oњ	6	0.0291	1.4639
1281	pе	6	0.0291	1.4639
1281	sл	6	0.0291	1.4639
1281	uй	6	0.0291	1.4639
1281	uн	6	0.0291	1.4639
1281	v'	6	0.0291	1.4639
1281	vm	6	0.0291	1.4639
1281	vv	6	0.0291	1.4639
1281	vв	6	0.0291	1.4639
1281	wv	6	0.0291	1.4639
1281	yx	6	0.0291	1.4639
1281	zó	6	0.0291	1.4639
1281	éу	6	0.0291	1.4639
1281	ða	6	0.0291	1.4639
1281	ši	6	0.0291	1.4639
1281	žu	6	0.0291	1.4639
1281	бd	6	0.0291	1.4639
1281	вq	6	0.0291	1.4639
1281	гљ	6	0.0291	1.4639
1281	зѕ	6	0.0291	1.4639
1281	иy	6	0.0291	1.4639
1281	мr	6	0.0291	1.4639
1281	мt	6	0.0291	1.4639
1281	мя	6	0.0291	1.4639
1281	оg	6	0.0291	1.4639
1281	оh	6	0.0291	1.4639
1281	оp	6	0.0291	1.4639
1281	оя	6	0.0291	1.4639
1281	рь	6	0.0291	1.4639
1281	хж	6	0.0291	1.4639
1281	цъ	6	0.0291	1.4639
1281	шd	6	0.0291	1.4639
1281	шъ	6	0.0291	1.4639
1281	шѓ	6	0.0291	1.4639
1281	щн	6	0.0291	1.4639
1281	ях	6	0.0291	1.4639
1281	ђ$	6	0.0291	1.4639
1281	љв	6	0.0291	1.4639
1281	љљ	6	0.0291	1.4639
1281	ќј	6	0.0291	1.4639
1282	'y	5	0.0243	1.3856
1282	^ž	5	0.0243	1.3856
1282	^ё	5	0.0243	1.3856
1282	añ	5	0.0243	1.3856
1282	bл	5	0.0243	1.3856
1282	cw	5	0.0243	1.3856
1282	dз	5	0.0243	1.3856
1282	ež	5	0.0243	1.3856
1282	fn	5	0.0243	1.3856
1282	fа	5	0.0243	1.3856
1282	fг	5	0.0243	1.3856
1282	fд	5	0.0243	1.3856
1282	fн	5	0.0243	1.3856
1282	fо	5	0.0243	1.3856
1282	gz	5	0.0243	1.3856
1282	gр	5	0.0243	1.3856
1282	hб	5	0.0243	1.3856
1282	hв	5	0.0243	1.3856
1282	hм	5	0.0243	1.3856
1282	iц	5	0.0243	1.3856
1282	jч	5	0.0243	1.3856
1282	kj	5	0.0243	1.3856
1282	kѕ	5	0.0243	1.3856
1282	kљ	5	0.0243	1.3856
1282	m'	5	0.0243	1.3856
1282	mс	5	0.0243	1.3856
1282	nп	5	0.0243	1.3856
1282	nт	5	0.0243	1.3856
1282	nэ	5	0.0243	1.3856
1282	nѕ	5	0.0243	1.3856
1282	pп	5	0.0243	1.3856
1282	qr	5	0.0243	1.3856
1282	sг	5	0.0243	1.3856
1282	sн	5	0.0243	1.3856
1282	uš	5	0.0243	1.3856
1282	uд	5	0.0243	1.3856
1282	uк	5	0.0243	1.3856
1282	vg	5	0.0243	1.3856
1282	wp	5	0.0243	1.3856
1282	ww	5	0.0243	1.3856
1282	x'	5	0.0243	1.3856
1282	xr	5	0.0243	1.3856
1282	xu	5	0.0243	1.3856
1282	xw	5	0.0243	1.3856
1282	xа	5	0.0243	1.3856
1282	yz	5	0.0243	1.3856
1282	zs	5	0.0243	1.3856
1282	ðu	5	0.0243	1.3856
1282	ño	5	0.0243	1.3856
1282	ću	5	0.0243	1.3856
1282	či	5	0.0243	1.3856
1282	šk	5	0.0243	1.3856
1282	τr	5	0.0243	1.3856
1282	аw	5	0.0243	1.3856
1282	бm	5	0.0243	1.3856
1282	вj	5	0.0243	1.3856
1282	гc	5	0.0243	1.3856
1282	дd	5	0.0243	1.3856
1282	еf	5	0.0243	1.3856
1282	еw	5	0.0243	1.3856
1282	жy	5	0.0243	1.3856
1282	зэ	5	0.0243	1.3856
1282	иh	5	0.0243	1.3856
1282	иm	5	0.0243	1.3856
1282	кd	5	0.0243	1.3856
1282	нi	5	0.0243	1.3856
1282	нn	5	0.0243	1.3856
1282	ню	5	0.0243	1.3856
1282	оz	5	0.0243	1.3856
1282	п'	5	0.0243	1.3856
1282	сd	5	0.0243	1.3856
1282	сs	5	0.0243	1.3856
1282	сь	5	0.0243	1.3856
1282	тb	5	0.0243	1.3856
1282	тj	5	0.0243	1.3856
1282	тl	5	0.0243	1.3856
1282	фъ	5	0.0243	1.3856
1282	хќ	5	0.0243	1.3856
1282	цњ	5	0.0243	1.3856
1282	ъш	5	0.0243	1.3856
1282	юн	5	0.0243	1.3856
1282	ют	5	0.0243	1.3856
1282	ђи	5	0.0243	1.3856
1282	ђу	5	0.0243	1.3856
1282	ѓц	5	0.0243	1.3856
1282	ѕѕ	5	0.0243	1.3856
1282	љk	5	0.0243	1.3856
1282	ќ'	5	0.0243	1.3856
1282	ќж	5	0.0243	1.3856
1283	^æ	4	0.0194	1.2878
1283	^č	4	0.0194	1.2878
1283	að	4	0.0194	1.2878
1283	ać	4	0.0194	1.2878
1283	aі	4	0.0194	1.2878
1283	bg	4	0.0194	1.2878
1283	bд	4	0.0194	1.2878
1283	bр	4	0.0194	1.2878
1283	cд	4	0.0194	1.2878
1283	dć	4	0.0194	1.2878
1283	fh	4	0.0194	1.2878
1283	fp	4	0.0194	1.2878
1283	fи	4	0.0194	1.2878
1283	fк	4	0.0194	1.2878
1283	fѕ	4	0.0194	1.2878
1283	gc	4	0.0194	1.2878
1283	gб	4	0.0194	1.2878
1283	gи	4	0.0194	1.2878
1283	gк	4	0.0194	1.2878
1283	hj	4	0.0194	1.2878
1283	hк	4	0.0194	1.2878
1283	hн	4	0.0194	1.2878
1283	iф	4	0.0194	1.2878
1283	iџ	4	0.0194	1.2878
1283	jg	4	0.0194	1.2878
1283	jљ	4	0.0194	1.2878
1283	kм	4	0.0194	1.2878
1283	lè	4	0.0194	1.2878
1283	lб	4	0.0194	1.2878
1283	lк	4	0.0194	1.2878
1283	lп	4	0.0194	1.2878
1283	mè	4	0.0194	1.2878
1283	mд	4	0.0194	1.2878
1283	mз	4	0.0194	1.2878
1283	mф	4	0.0194	1.2878
1283	mэ	4	0.0194	1.2878
1283	nè	4	0.0194	1.2878
1283	pj	4	0.0194	1.2878
1283	pq	4	0.0194	1.2878
1283	px	4	0.0194	1.2878
1283	pо	4	0.0194	1.2878
1283	pр	4	0.0194	1.2878
1283	qb	4	0.0194	1.2878
1283	qi	4	0.0194	1.2878
1283	rj	4	0.0194	1.2878
1283	rð	4	0.0194	1.2878
1283	rб	4	0.0194	1.2878
1283	sк	4	0.0194	1.2878
1283	sт	4	0.0194	1.2878
1283	sф	4	0.0194	1.2878
1283	tл	4	0.0194	1.2878
1283	tм	4	0.0194	1.2878
1283	tт	4	0.0194	1.2878
1283	tц	4	0.0194	1.2878
1283	uð	4	0.0194	1.2878
1283	uб	4	0.0194	1.2878
1283	wе	4	0.0194	1.2878
1283	wц	4	0.0194	1.2878
1283	xk	4	0.0194	1.2878
1283	yj	4	0.0194	1.2878
1283	yж	4	0.0194	1.2878
1283	zо	4	0.0194	1.2878
1283	µ$	4	0.0194	1.2878
1283	ðe	4	0.0194	1.2878
1283	ć$	4	0.0194	1.2878
1283	ču	4	0.0194	1.2878
1283	šl	4	0.0194	1.2878
1283	šn	4	0.0194	1.2878
1283	аf	4	0.0194	1.2878
1283	аz	4	0.0194	1.2878
1283	бk	4	0.0194	1.2878
1283	гm	4	0.0194	1.2878
1283	дi	4	0.0194	1.2878
1283	дn	4	0.0194	1.2878
1283	дs	4	0.0194	1.2878
1283	еg	4	0.0194	1.2878
1283	еp	4	0.0194	1.2878
1283	еq	4	0.0194	1.2878
1283	жo	4	0.0194	1.2878
1283	зw	4	0.0194	1.2878
1283	зѓ	4	0.0194	1.2878
1283	йо	4	0.0194	1.2878
1283	кl	4	0.0194	1.2878
1283	лi	4	0.0194	1.2878
1283	лѓ	4	0.0194	1.2878
1283	мm	4	0.0194	1.2878
1283	нэ	4	0.0194	1.2878
1283	нљ	4	0.0194	1.2878
1283	рj	4	0.0194	1.2878
1283	рl	4	0.0194	1.2878
1283	рv	4	0.0194	1.2878
1283	сn	4	0.0194	1.2878
1283	сђ	4	0.0194	1.2878
1283	тf	4	0.0194	1.2878
1283	тs	4	0.0194	1.2878
1283	тю	4	0.0194	1.2878
1283	уй	4	0.0194	1.2878
1283	ућ	4	0.0194	1.2878
1283	фk	4	0.0194	1.2878
1283	фџ	4	0.0194	1.2878
1283	хm	4	0.0194	1.2878
1283	цѕ	4	0.0194	1.2878
1283	шk	4	0.0194	1.2878
1283	щу	4	0.0194	1.2878
1283	щя	4	0.0194	1.2878
1283	ъо	4	0.0194	1.2878
1283	ъф	4	0.0194	1.2878
1283	эљ	4	0.0194	1.2878
1283	юг	4	0.0194	1.2878
1283	юд	4	0.0194	1.2878
1283	юс	4	0.0194	1.2878
1283	яж	4	0.0194	1.2878
1283	яй	4	0.0194	1.2878
1283	ђр	4	0.0194	1.2878
1283	ѓњ	4	0.0194	1.2878
1283	ѕt	4	0.0194	1.2878
1283	ѕu	4	0.0194	1.2878
1283	іa	4	0.0194	1.2878
1283	јi	4	0.0194	1.2878
1283	јl	4	0.0194	1.2878
1283	љu	4	0.0194	1.2878
1283	љл	4	0.0194	1.2878
1283	ћj	4	0.0194	1.2878
1283	ћl	4	0.0194	1.2878
1283	ћn	4	0.0194	1.2878
1283	ќб	4	0.0194	1.2878
1283	ќс	4	0.0194	1.2878
1283	ќџ	4	0.0194	1.2878
1283	ўs	4	0.0194	1.2878
1283	џј	4	0.0194	1.2878
1284	'q	3	0.0146	1.1644
1284	'u	3	0.0146	1.1644
1284	'z	3	0.0146	1.1644
1284	^э	3	0.0146	1.1644
1284	^і	3	0.0146	1.1644
1284	bx	3	0.0146	1.1644
1284	cx	3	0.0146	1.1644
1284	cй	3	0.0146	1.1644
1284	dq	3	0.0146	1.1644
1284	dл	3	0.0146	1.1644
1284	dш	3	0.0146	1.1644
1284	dќ	3	0.0146	1.1644
1284	eð	3	0.0146	1.1644
1284	fg	3	0.0146	1.1644
1284	fл	3	0.0146	1.1644
1284	hz	3	0.0146	1.1644
1284	hй	3	0.0146	1.1644
1284	hр	3	0.0146	1.1644
1284	hу	3	0.0146	1.1644
1284	hј	3	0.0146	1.1644
1284	iу	3	0.0146	1.1644
1284	jè	3	0.0146	1.1644
1284	kг	3	0.0146	1.1644
1284	kж	3	0.0146	1.1644
1284	kф	3	0.0146	1.1644
1284	lš	3	0.0146	1.1644
1284	lм	3	0.0146	1.1644
1284	lэ	3	0.0146	1.1644
1284	lј	3	0.0146	1.1644
1284	mй	3	0.0146	1.1644
1284	nк	3	0.0146	1.1644
1284	nо	3	0.0146	1.1644
1284	oѓ	3	0.0146	1.1644
1284	oї	3	0.0146	1.1644
1284	pљ	3	0.0146	1.1644
1284	qq	3	0.0146	1.1644
1284	qy	3	0.0146	1.1644
1284	qи	3	0.0146	1.1644
1284	rè	3	0.0146	1.1644
1284	rг	3	0.0146	1.1644
1284	rь	3	0.0146	1.1644
1284	rі	3	0.0146	1.1644
1284	rљ	3	0.0146	1.1644
1284	tј	3	0.0146	1.1644
1284	uw	3	0.0146	1.1644
1284	uć	3	0.0146	1.1644
1284	uč	3	0.0146	1.1644
1284	už	3	0.0146	1.1644
1284	uц	3	0.0146	1.1644
1284	uч	3	0.0146	1.1644
1284	vp	3	0.0146	1.1644
1284	vè	3	0.0146	1.1644
1284	vн	3	0.0146	1.1644
1284	vо	3	0.0146	1.1644
1284	wк	3	0.0146	1.1644
1284	wс	3	0.0146	1.1644
1284	wх	3	0.0146	1.1644
1284	wш	3	0.0146	1.1644
1284	xн	3	0.0146	1.1644
1284	zf	3	0.0146	1.1644
1284	zй	3	0.0146	1.1644
1284	zл	3	0.0146	1.1644
1284	µр	3	0.0146	1.1644
1284	ði	3	0.0146	1.1644
1284	č$	3	0.0146	1.1644
1284	št	3	0.0146	1.1644
1284	šæ	3	0.0146	1.1644
1284	šè	3	0.0146	1.1644
1284	аэ	3	0.0146	1.1644
1284	ая	3	0.0146	1.1644
1284	бi	3	0.0146	1.1644
1284	бu	3	0.0146	1.1644
1284	бщ	3	0.0146	1.1644
1284	вl	3	0.0146	1.1644
1284	вt	3	0.0146	1.1644
1284	гu	3	0.0146	1.1644
1284	дj	3	0.0146	1.1644
1284	дu	3	0.0146	1.1644
1284	еz	3	0.0146	1.1644
1284	еъ	3	0.0146	1.1644
1284	жl	3	0.0146	1.1644
1284	жч	3	0.0146	1.1644
1284	жъ	3	0.0146	1.1644
1284	жэ	3	0.0146	1.1644
1284	иv	3	0.0146	1.1644
1284	й-	3	0.0146	1.1644
1284	йn	3	0.0146	1.1644
1284	йе	3	0.0146	1.1644
1284	кь	3	0.0146	1.1644
1284	лэ	3	0.0146	1.1644
1284	мs	3	0.0146	1.1644
1284	мщ	3	0.0146	1.1644
1284	мё	3	0.0146	1.1644
1284	нb	3	0.0146	1.1644
1284	нf	3	0.0146	1.1644
1284	нu	3	0.0146	1.1644
1284	оэ	3	0.0146	1.1644
1284	рk	3	0.0146	1.1644
1284	рm	3	0.0146	1.1644
1284	рx	3	0.0146	1.1644
1284	рі	3	0.0146	1.1644
1284	сw	3	0.0146	1.1644
1284	сэ	3	0.0146	1.1644
1284	сћ	3	0.0146	1.1644
1284	тq	3	0.0146	1.1644
1284	тэ	3	0.0146	1.1644
1284	уd	3	0.0146	1.1644
1284	уg	3	0.0146	1.1644
1284	уs	3	0.0146	1.1644
1284	уъ	3	0.0146	1.1644
1284	цж	3	0.0146	1.1644
1284	чѓ	3	0.0146	1.1644
1284	шp	3	0.0146	1.1644
1284	щv	3	0.0146	1.1644
1284	щр	3	0.0146	1.1644
1284	ъъ	3	0.0146	1.1644
1284	ь$	3	0.0146	1.1644
1284	ьb	3	0.0146	1.1644
1284	эд	3	0.0146	1.1644
1284	юа	3	0.0146	1.1644
1284	юз	3	0.0146	1.1644
1284	яе	3	0.0146	1.1644
1284	яп	3	0.0146	1.1644
1284	ёл	3	0.0146	1.1644
1284	ѓд	3	0.0146	1.1644
1284	єб	3	0.0146	1.1644
1284	ѕз	3	0.0146	1.1644
1284	і$	3	0.0146	1.1644
1284	ір	3	0.0146	1.1644
1284	љж	3	0.0146	1.1644
1284	љм	3	0.0146	1.1644
1284	њд	3	0.0146	1.1644
1284	њп	3	0.0146	1.1644
1284	њц	3	0.0146	1.1644
1284	ћb	3	0.0146	1.1644
1284	ћн	3	0.0146	1.1644
1284	ќo	3	0.0146	1.1644
1284	ќѓ	3	0.0146	1.1644
1284	ќѕ	3	0.0146	1.1644
1284	ў$	3	0.0146	1.1644
1285	-q	2	0.0097	0.9868
1285	^ь	2	0.0097	0.9868
1285	^ґ	2	0.0097	0.9868
1285	aџ	2	0.0097	0.9868
1285	bq	2	0.0097	0.9868
1285	bz	2	0.0097	0.9868
1285	bк	2	0.0097	0.9868
1285	bм	2	0.0097	0.9868
1285	bс	2	0.0097	0.9868
1285	cб	2	0.0097	0.9868
1285	cц	2	0.0097	0.9868
1285	dр	2	0.0097	0.9868
1285	fj	2	0.0097	0.9868
1285	fx	2	0.0097	0.9868
1285	fм	2	0.0097	0.9868
1285	fт	2	0.0097	0.9868
1285	fш	2	0.0097	0.9868
1285	gм	2	0.0097	0.9868
1285	gн	2	0.0097	0.9868
1285	hд	2	0.0097	0.9868
1285	hѕ	2	0.0097	0.9868
1285	ið	2	0.0097	0.9868
1285	iй	2	0.0097	0.9868
1285	iх	2	0.0097	0.9868
1285	iњ	2	0.0097	0.9868
1285	jy	2	0.0097	0.9868
1285	jф	2	0.0097	0.9868
1285	jш	2	0.0097	0.9868
1285	jџ	2	0.0097	0.9868
1285	kп	2	0.0097	0.9868
1285	kщ	2	0.0097	0.9868
1285	lx	2	0.0097	0.9868
1285	lé	2	0.0097	0.9868
1285	lв	2	0.0097	0.9868
1285	lз	2	0.0097	0.9868
1285	lл	2	0.0097	0.9868
1285	mј	2	0.0097	0.9868
1285	nб	2	0.0097	0.9868
1285	nв	2	0.0097	0.9868
1285	nг	2	0.0097	0.9868
1285	nч	2	0.0097	0.9868
1285	nю	2	0.0097	0.9868
1285	nљ	2	0.0097	0.9868
1285	pv	2	0.0097	0.9868
1285	pz	2	0.0097	0.9868
1285	pй	2	0.0097	0.9868
1285	pј	2	0.0097	0.9868
1285	q'	2	0.0097	0.9868
1285	qd	2	0.0097	0.9868
1285	qh	2	0.0097	0.9868
1285	ql	2	0.0097	0.9868
1285	qv	2	0.0097	0.9868
1285	qа	2	0.0097	0.9868
1285	rд	2	0.0097	0.9868
1285	rм	2	0.0097	0.9868
1285	rп	2	0.0097	0.9868
1285	rј	2	0.0097	0.9868
1285	sб	2	0.0097	0.9868
1285	sз	2	0.0097	0.9868
1285	sй	2	0.0097	0.9868
1285	sі	2	0.0097	0.9868
1285	té	2	0.0097	0.9868
1285	tн	2	0.0097	0.9868
1285	tп	2	0.0097	0.9868
1285	tѕ	2	0.0097	0.9868
1285	uа	2	0.0097	0.9868
1285	uз	2	0.0097	0.9868
1285	uо	2	0.0097	0.9868
1285	uф	2	0.0097	0.9868
1285	uѕ	2	0.0097	0.9868
1285	vг	2	0.0097	0.9868
1285	vй	2	0.0097	0.9868
1285	vр	2	0.0097	0.9868
1285	wи	2	0.0097	0.9868
1285	wн	2	0.0097	0.9868
1285	wп	2	0.0097	0.9868
1285	xf	2	0.0097	0.9868
1285	xв	2	0.0097	0.9868
1285	xг	2	0.0097	0.9868
1285	xт	2	0.0097	0.9868
1285	xу	2	0.0097	0.9868
1285	yх	2	0.0097	0.9868
1285	zk	2	0.0097	0.9868
1285	zt	2	0.0097	0.9868
1285	zз	2	0.0097	0.9868
1285	zк	2	0.0097	0.9868
1285	µс	2	0.0097	0.9868
1285	æn	2	0.0097	0.9868
1285	èм	2	0.0097	0.9868
1285	ča	2	0.0097	0.9868
1285	če	2	0.0097	0.9868
1285	šo	2	0.0097	0.9868
1285	τh	2	0.0097	0.9868
1285	аh	2	0.0097	0.9868
1285	аq	2	0.0097	0.9868
1285	бc	2	0.0097	0.9868
1285	бl	2	0.0097	0.9868
1285	бn	2	0.0097	0.9868
1285	бr	2	0.0097	0.9868
1285	бv	2	0.0097	0.9868
1285	бћ	2	0.0097	0.9868
1285	бќ	2	0.0097	0.9868
1285	вd	2	0.0097	0.9868
1285	вk	2	0.0097	0.9868
1285	вщ	2	0.0097	0.9868
1285	гr	2	0.0097	0.9868
1285	дc	2	0.0097	0.9868
1285	дэ	2	0.0097	0.9868
1285	дю	2	0.0097	0.9868
1285	дё	2	0.0097	0.9868
1285	еў	2	0.0097	0.9868
1285	еґ	2	0.0097	0.9868
1285	жn	2	0.0097	0.9868
1285	жp	2	0.0097	0.9868
1285	жѓ	2	0.0097	0.9868
1285	зk	2	0.0097	0.9868
1285	зю	2	0.0097	0.9868
1285	иf	2	0.0097	0.9868
1285	иђ	2	0.0097	0.9868
1285	йe	2	0.0097	0.9868
1285	йl	2	0.0097	0.9868
1285	йи	2	0.0097	0.9868
1285	йу	2	0.0097	0.9868
1285	йф	2	0.0097	0.9868
1285	мg	2	0.0097	0.9868
1285	мw	2	0.0097	0.9868
1285	мэ	2	0.0097	0.9868
1285	нh	2	0.0097	0.9868
1285	нl	2	0.0097	0.9868
1285	нv	2	0.0097	0.9868
1285	нщ	2	0.0097	0.9868
1285	пh	2	0.0097	0.9868
1285	пk	2	0.0097	0.9868
1285	пw	2	0.0097	0.9868
1285	сѓ	2	0.0097	0.9868
1285	тѓ	2	0.0097	0.9868
1285	уh	2	0.0097	0.9868
1285	уi	2	0.0097	0.9868
1285	уl	2	0.0097	0.9868
1285	уw	2	0.0097	0.9868
1285	ущ	2	0.0097	0.9868
1285	фж	2	0.0097	0.9868
1285	фњ	2	0.0097	0.9868
1285	х'	2	0.0097	0.9868
1285	хb	2	0.0097	0.9868
1285	хs	2	0.0097	0.9868
1285	хt	2	0.0097	0.9868
1285	хy	2	0.0097	0.9868
1285	хѓ	2	0.0097	0.9868
1285	цi	2	0.0097	0.9868
1285	цk	2	0.0097	0.9868
1285	цч	2	0.0097	0.9868
1285	цщ	2	0.0097	0.9868
1285	чr	2	0.0097	0.9868
1285	чџ	2	0.0097	0.9868
1285	шt	2	0.0097	0.9868
1285	ьc	2	0.0097	0.9868
1285	эh	2	0.0097	0.9868
1285	эа	2	0.0097	0.9868
1285	эи	2	0.0097	0.9868
1285	эк	2	0.0097	0.9868
1285	эт	2	0.0097	0.9868
1285	юe	2	0.0097	0.9868
1285	юе	2	0.0097	0.9868
1285	юй	2	0.0097	0.9868
1285	юк	2	0.0097	0.9868
1285	юр	2	0.0097	0.9868
1285	яи	2	0.0097	0.9868
1285	ящ	2	0.0097	0.9868
1285	ёз	2	0.0097	0.9868
1285	ёу	2	0.0097	0.9868
1285	ѓг	2	0.0097	0.9868
1285	ѓј	2	0.0097	0.9868
1285	ѓќ	2	0.0097	0.9868
1285	ѕa	2	0.0097	0.9868
1285	ѕh	2	0.0097	0.9868
1285	ѕi	2	0.0097	0.9868
1285	ѕm	2	0.0097	0.9868
1285	іu	2	0.0097	0.9868
1285	іч	2	0.0097	0.9868
1285	іі	2	0.0097	0.9868
1285	їa	2	0.0097	0.9868
1285	јd	2	0.0097	0.9868
1285	јh	2	0.0097	0.9868
1285	јu	2	0.0097	0.9868
1285	јy	2	0.0097	0.9868
1285	јњ	2	0.0097	0.9868
1285	љo	2	0.0097	0.9868
1285	љц	2	0.0097	0.9868
1285	љч	2	0.0097	0.9868
1285	њc	2	0.0097	0.9868
1285	њo	2	0.0097	0.9868
1285	њб	2	0.0097	0.9868
1285	њв	2	0.0097	0.9868
1285	њг	2	0.0097	0.9868
1285	њз	2	0.0097	0.9868
1285	њл	2	0.0097	0.9868
1285	њѕ	2	0.0097	0.9868
1285	ћo	2	0.0097	0.9868
1285	ћв	2	0.0097	0.9868
1285	ќг	2	0.0097	0.9868
1285	ўa	2	0.0097	0.9868
1285	ўc	2	0.0097	0.9868
1285	ўe	2	0.0097	0.9868
1285	ўf	2	0.0097	0.9868
1285	ўr	2	0.0097	0.9868
1285	ўv	2	0.0097	0.9868
1285	ўе	2	0.0097	0.9868
1285	џc	2	0.0097	0.9868
1285	џч	2	0.0097	0.9868
1285	џѕ	2	0.0097	0.9868
1285	ґу	2	0.0097	0.9868
1286	'ъ	1	0.0049	0.6902
1286	'я	1	0.0049	0.6902
1286	-ђ	1	0.0049	0.6902
1286	^ª	1	0.0049	0.6902
1286	^ù	1	0.0049	0.6902
1286	^η	1	0.0049	0.6902
1286	bv	1	0.0049	0.6902
1286	cz	1	0.0049	0.6902
1286	cá	1	0.0049	0.6902
1286	cé	1	0.0049	0.6902
1286	có	1	0.0049	0.6902
1286	cú	1	0.0049	0.6902
1286	cс	1	0.0049	0.6902
1286	cш	1	0.0049	0.6902
1286	cј	1	0.0049	0.6902
1286	dб	1	0.0049	0.6902
1286	dч	1	0.0049	0.6902
1286	eć	1	0.0049	0.6902
1286	eї	1	0.0049	0.6902
1286	eџ	1	0.0049	0.6902
1286	eґ	1	0.0049	0.6902
1286	fв	1	0.0049	0.6902
1286	fз	1	0.0049	0.6902
1286	fс	1	0.0049	0.6902
1286	fу	1	0.0049	0.6902
1286	fј	1	0.0049	0.6902
1286	gð	1	0.0049	0.6902
1286	gп	1	0.0049	0.6902
1286	hq	1	0.0049	0.6902
1286	hл	1	0.0049	0.6902
1286	hс	1	0.0049	0.6902
1286	hт	1	0.0049	0.6902
1286	hц	1	0.0049	0.6902
1286	iѓ	1	0.0049	0.6902
1286	iі	1	0.0049	0.6902
1286	jx	1	0.0049	0.6902
1286	jž	1	0.0049	0.6902
1286	jј	1	0.0049	0.6902
1286	kz	1	0.0049	0.6902
1286	kз	1	0.0049	0.6902
1286	là	1	0.0049	0.6902
1286	lí	1	0.0049	0.6902
1286	lú	1	0.0049	0.6902
1286	lд	1	0.0049	0.6902
1286	lй	1	0.0049	0.6902
1286	lр	1	0.0049	0.6902
1286	má	1	0.0049	0.6902
1286	mó	1	0.0049	0.6902
1286	mб	1	0.0049	0.6902
1286	mж	1	0.0049	0.6902
1286	mт	1	0.0049	0.6902
1286	nð	1	0.0049	0.6902
1286	nč	1	0.0049	0.6902
1286	nй	1	0.0049	0.6902
1286	nл	1	0.0049	0.6902
1286	nј	1	0.0049	0.6902
1286	ož	1	0.0049	0.6902
1286	pè	1	0.0049	0.6902
1286	pф	1	0.0049	0.6902
1286	pі	1	0.0049	0.6902
1286	pќ	1	0.0049	0.6902
1286	qe	1	0.0049	0.6902
1286	qк	1	0.0049	0.6902
1286	ræ	1	0.0049	0.6902
1286	ré	1	0.0049	0.6902
1286	rć	1	0.0049	0.6902
1286	rč	1	0.0049	0.6902
1286	rš	1	0.0049	0.6902
1286	rž	1	0.0049	0.6902
1286	rш	1	0.0049	0.6902
1286	rѕ	1	0.0049	0.6902
1286	rњ	1	0.0049	0.6902
1286	sé	1	0.0049	0.6902
1286	sí	1	0.0049	0.6902
1286	sу	1	0.0049	0.6902
1286	sх	1	0.0049	0.6902
1286	sш	1	0.0049	0.6902
1286	sњ	1	0.0049	0.6902
1286	tq	1	0.0049	0.6902
1286	tè	1	0.0049	0.6902
1286	tí	1	0.0049	0.6902
1286	tљ	1	0.0049	0.6902
1286	uí	1	0.0049	0.6902
1286	uΰ	1	0.0049	0.6902
1286	uг	1	0.0049	0.6902
1286	uл	1	0.0049	0.6902
1286	uш	1	0.0049	0.6902
1286	uі	1	0.0049	0.6902
1286	vb	1	0.0049	0.6902
1286	vz	1	0.0049	0.6902
1286	vи	1	0.0049	0.6902
1286	vл	1	0.0049	0.6902
1286	vх	1	0.0049	0.6902
1286	vэ	1	0.0049	0.6902
1286	vј	1	0.0049	0.6902
1286	wf	1	0.0049	0.6902
1286	wj	1	0.0049	0.6902
1286	wq	1	0.0049	0.6902
1286	wx	1	0.0049	0.6902
1286	wд	1	0.0049	0.6902
1286	wу	1	0.0049	0.6902
1286	wь	1	0.0049	0.6902
1286	xj	1	0.0049	0.6902
1286	xn	1	0.0049	0.6902
1286	xq	1	0.0049	0.6902
1286	xí	1	0.0049	0.6902
1286	xд	1	0.0049	0.6902
1286	yq	1	0.0049	0.6902
1286	yé	1	0.0049	0.6902
1286	yз	1	0.0049	0.6902
1286	yу	1	0.0049	0.6902
1286	yј	1	0.0049	0.6902
1286	yџ	1	0.0049	0.6902
1286	zc	1	0.0049	0.6902
1286	zw	1	0.0049	0.6902
1286	zб	1	0.0049	0.6902
1286	zн	1	0.0049	0.6902
1286	à$	1	0.0049	0.6902
1286	ál	1	0.0049	0.6902
1286	áš	1	0.0049	0.6902
1286	â$	1	0.0049	0.6902
1286	çí	1	0.0049	0.6902
1286	èb	1	0.0049	0.6902
1286	èl	1	0.0049	0.6902
1286	èo	1	0.0049	0.6902
1286	èv	1	0.0049	0.6902
1286	èе	1	0.0049	0.6902
1286	èс	1	0.0049	0.6902
1286	èу	1	0.0049	0.6902
1286	èш	1	0.0049	0.6902
1286	éa	1	0.0049	0.6902
1286	ée	1	0.0049	0.6902
1286	él	1	0.0049	0.6902
1286	év	1	0.0049	0.6902
1286	í$	1	0.0049	0.6902
1286	ía	1	0.0049	0.6902
1286	ím	1	0.0049	0.6902
1286	ín	1	0.0049	0.6902
1286	ío	1	0.0049	0.6902
1286	ís	1	0.0049	0.6902
1286	ðo	1	0.0049	0.6902
1286	ù$	1	0.0049	0.6902
1286	úb	1	0.0049	0.6902
1286	úc	1	0.0049	0.6902
1286	ći	1	0.0049	0.6902
1286	ćn	1	0.0049	0.6902
1286	ćš	1	0.0049	0.6902
1286	čn	1	0.0049	0.6902
1286	čo	1	0.0049	0.6902
1286	čń	1	0.0049	0.6902
1286	ńç	1	0.0049	0.6902
1286	še	1	0.0049	0.6902
1286	šu	1	0.0049	0.6902
1286	šć	1	0.0049	0.6902
1286	šč	1	0.0049	0.6902
1286	ž$	1	0.0049	0.6902
1286	ža	1	0.0049	0.6902
1286	žd	1	0.0049	0.6902
1286	žk	1	0.0049	0.6902
1286	žn	1	0.0049	0.6902
1286	žo	1	0.0049	0.6902
1286	žv	1	0.0049	0.6902
1286	ΰ$	1	0.0049	0.6902
1286	ηe	1	0.0049	0.6902
1286	τo	1	0.0049	0.6902
1286	аъ	1	0.0049	0.6902
1286	аы	1	0.0049	0.6902
1286	бю	1	0.0049	0.6902
1286	вf	1	0.0049	0.6902
1286	вg	1	0.0049	0.6902
1286	вn	1	0.0049	0.6902
1286	вэ	1	0.0049	0.6902
1286	гh	1	0.0049	0.6902
1286	гs	1	0.0049	0.6902
1286	гщ	1	0.0049	0.6902
1286	гь	1	0.0049	0.6902
1286	гю	1	0.0049	0.6902
1286	гў	1	0.0049	0.6902
1286	дb	1	0.0049	0.6902
1286	дg	1	0.0049	0.6902
1286	дh	1	0.0049	0.6902
1286	дt	1	0.0049	0.6902
1286	дw	1	0.0049	0.6902
1286	дщ	1	0.0049	0.6902
1286	еь	1	0.0049	0.6902
1286	еђ	1	0.0049	0.6902
1286	жщ	1	0.0049	0.6902
1286	жя	1	0.0049	0.6902
1286	зi	1	0.0049	0.6902
1286	зs	1	0.0049	0.6902
1286	зy	1	0.0049	0.6902
1286	зь	1	0.0049	0.6902
1286	иl	1	0.0049	0.6902
1286	иq	1	0.0049	0.6902
1286	иэ	1	0.0049	0.6902
1286	ић	1	0.0049	0.6902
1286	й'	1	0.0049	0.6902
1286	йo	1	0.0049	0.6902
1286	йq	1	0.0049	0.6902
1286	йr	1	0.0049	0.6902
1286	йа	1	0.0049	0.6902
1286	йб	1	0.0049	0.6902
1286	йж	1	0.0049	0.6902
1286	йр	1	0.0049	0.6902
1286	йц	1	0.0049	0.6902
1286	йш	1	0.0049	0.6902
1286	йэ	1	0.0049	0.6902
1286	йј	1	0.0049	0.6902
1286	кf	1	0.0049	0.6902
1286	кm	1	0.0049	0.6902
1286	кn	1	0.0049	0.6902
1286	кs	1	0.0049	0.6902
1286	кэ	1	0.0049	0.6902
1286	кя	1	0.0049	0.6902
1286	лm	1	0.0049	0.6902
1286	лщ	1	0.0049	0.6902
1286	мn	1	0.0049	0.6902
1286	мu	1	0.0049	0.6902
1286	мv	1	0.0049	0.6902
1286	нp	1	0.0049	0.6902
1286	нs	1	0.0049	0.6902
1286	нx	1	0.0049	0.6902
1286	нé	1	0.0049	0.6902
1286	нй	1	0.0049	0.6902
1286	нђ	1	0.0049	0.6902
1286	оb	1	0.0049	0.6902
1286	оq	1	0.0049	0.6902
1286	оъ	1	0.0049	0.6902
1286	пm	1	0.0049	0.6902
1286	пщ	1	0.0049	0.6902
1286	рщ	1	0.0049	0.6902
1286	рэ	1	0.0049	0.6902
1286	рђ	1	0.0049	0.6902
1286	рє	1	0.0049	0.6902
1286	рї	1	0.0049	0.6902
1286	рћ	1	0.0049	0.6902
1286	рў	1	0.0049	0.6902
1286	рґ	1	0.0049	0.6902
1286	сm	1	0.0049	0.6902
1286	сv	1	0.0049	0.6902
1286	тm	1	0.0049	0.6902
1286	тn	1	0.0049	0.6902
1286	тr	1	0.0049	0.6902
1286	тz	1	0.0049	0.6902
1286	уb	1	0.0049	0.6902
1286	уm	1	0.0049	0.6902
1286	уq	1	0.0049	0.6902
1286	уt	1	0.0049	0.6902
1286	уv	1	0.0049	0.6902
1286	уя	1	0.0049	0.6902
1286	фt	1	0.0049	0.6902
1286	фю	1	0.0049	0.6902
1286	хd	1	0.0049	0.6902
1286	хi	1	0.0049	0.6902
1286	хj	1	0.0049	0.6902
1286	хl	1	0.0049	0.6902
1286	хp	1	0.0049	0.6902
1286	хь	1	0.0049	0.6902
1286	хя	1	0.0049	0.6902
1286	хі	1	0.0049	0.6902
1286	цj	1	0.0049	0.6902
1286	цx	1	0.0049	0.6902
1286	чh	1	0.0049	0.6902
1286	чu	1	0.0049	0.6902
1286	шb	1	0.0049	0.6902
1286	шs	1	0.0049	0.6902
1286	шy	1	0.0049	0.6902
1286	шщ	1	0.0049	0.6902
1286	шэ	1	0.0049	0.6902
1286	щл	1	0.0049	0.6902
1286	щс	1	0.0049	0.6902
1286	щќ	1	0.0049	0.6902
1286	ъе	1	0.0049	0.6902
1286	ъй	1	0.0049	0.6902
1286	ъу	1	0.0049	0.6902
1286	ыл	1	0.0049	0.6902
1286	ьr	1	0.0049	0.6902
1286	эc	1	0.0049	0.6902
1286	эm	1	0.0049	0.6902
1286	эе	1	0.0049	0.6902
1286	эз	1	0.0049	0.6902
1286	эй	1	0.0049	0.6902
1286	эм	1	0.0049	0.6902
1286	эр	1	0.0049	0.6902
1286	эс	1	0.0049	0.6902
1286	юв	1	0.0049	0.6902
1286	юж	1	0.0049	0.6902
1286	юи	1	0.0049	0.6902
1286	юш	1	0.0049	0.6902
1286	яа	1	0.0049	0.6902
1286	яу	1	0.0049	0.6902
1286	ѐш	1	0.0049	0.6902
1286	ёд	1	0.0049	0.6902
1286	ёе	1	0.0049	0.6902
1286	ёр	1	0.0049	0.6902
1286	ёс	1	0.0049	0.6902
1286	ѓy	1	0.0049	0.6902
1286	ѓб	1	0.0049	0.6902
1286	ѓж	1	0.0049	0.6902
1286	ѓз	1	0.0049	0.6902
1286	ѓл	1	0.0049	0.6902
1286	ѓп	1	0.0049	0.6902
1286	ѓѕ	1	0.0049	0.6902
1286	єр	1	0.0049	0.6902
1286	ѕc	1	0.0049	0.6902
1286	ѕl	1	0.0049	0.6902
1286	ѕц	1	0.0049	0.6902
1286	ѕѓ	1	0.0049	0.6902
1286	і-	1	0.0049	0.6902
1286	іt	1	0.0049	0.6902
1286	їd	1	0.0049	0.6902
1286	їl	1	0.0049	0.6902
1286	їs	1	0.0049	0.6902
1286	їy	1	0.0049	0.6902
1286	їб	1	0.0049	0.6902
1286	їп	1	0.0049	0.6902
1286	їс	1	0.0049	0.6902
1286	їу	1	0.0049	0.6902
1286	їѕ	1	0.0049	0.6902
1286	їљ	1	0.0049	0.6902
1286	јg	1	0.0049	0.6902
1286	јn	1	0.0049	0.6902
1286	јw	1	0.0049	0.6902
1286	јщ	1	0.0049	0.6902
1286	јѕ	1	0.0049	0.6902
1286	јћ	1	0.0049	0.6902
1286	љv	1	0.0049	0.6902
1286	љр	1	0.0049	0.6902
1286	њ'	1	0.0049	0.6902
1286	њl	1	0.0049	0.6902
1286	њm	1	0.0049	0.6902
1286	ћr	1	0.0049	0.6902
1286	ћк	1	0.0049	0.6902
1286	ћр	1	0.0049	0.6902
1286	ћт	1	0.0049	0.6902
1286	ќi	1	0.0049	0.6902
1286	ќm	1	0.0049	0.6902
1286	ќф	1	0.0049	0.6902
1286	ќц	1	0.0049	0.6902
1286	ќщ	1	0.0049	0.6902
1286	ўр	1	0.0049	0.6902
1286	ўт	1	0.0049	0.6902
1286	џy	1	0.0049	0.6902
1286	џш	1	0.0049	0.6902
1286	ґ$	1	0.0049	0.6902
1286	ґs	1	0.0049	0.6902
