Rank	Bigram	Frequency	Frequency per million	Zipf value
1	r$	33738864	34699.9752	7.5403
2	t$	26604553	27362.4308	7.4372
3	n$	23150609	23810.0951	7.3768
4	^d	22672385	23318.248	7.3677
5	a$	20139943	20713.6649	7.3163
6	^s	16974931	17458.4919	7.242
7	de	16776434	17254.3404	7.2369
8	e$	15713537	16161.1649	7.2085
9	^h	15086829	15516.604	7.1908
10	g$	14933971	15359.3916	7.1864
11	ar	14700621	15119.3942	7.1795
12	en	14554467	14969.0767	7.1752
13	^v	13615818	14003.6887	7.1462
14	et	13221549	13598.1882	7.1335
15	er	12512626	12869.0703	7.1095
16	^m	11234938	11554.9851	7.0628
17	in	11233956	11553.9751	7.0627
18	är	10631618	10934.4785	7.0388
19	an	10515041	10814.5805	7.034
20	^j	10044093	10330.2168	7.0141
21	^f	9761959	10040.0457	7.0017
22	te	9668726	9944.1568	6.9976
23	ja	9241714	9504.9806	6.978
24	^i	9057909	9315.9396	6.9692
25	tt	9054296	9312.2236	6.9691
26	ag	9002837	9259.2987	6.9666
27	^a	8667363	8914.2682	6.9501
28	ll	8332223	8569.5811	6.933
29	^t	7714014	7933.7613	6.8995
30	ra	7454351	7666.7014	6.8846
31	^k	7358743	7568.3698	6.879
32	ta	7193032	7397.9382	6.8691
33	^ä	7143108	7346.5921	6.8661
34	^b	7000080	7199.4897	6.8573
35	ig	6905880	7102.6062	6.8514
36	ör	6867561	7063.1956	6.849
37	at	6859293	7054.6921	6.8485
38	u$	6726935	6918.5636	6.84
39	m$	6719728	6911.1513	6.8396
40	^o	6689734	6880.3029	6.8376
41	om	6661775	6851.5474	6.8358
42	ha	6585878	6773.4884	6.8308
43	va	6490236	6675.1219	6.8245
44	^e	6421310	6604.2324	6.8198
45	d$	6413546	6596.2472	6.8193
46	st	6385502	6567.4043	6.8174
47	ka	6335291	6515.763	6.814
48	i$	6285747	6464.8076	6.8106
49	^n	6134230	6308.9744	6.8
50	nt	5963214	6133.0867	6.7877
51	å$	5933404	6102.4275	6.7855
52	du	5685007	5846.9545	6.7669
53	vi	5508960	5665.8925	6.7533
54	s$	5506972	5663.8478	6.7531
55	^p	5251352	5400.9461	6.7325
56	me	5122906	5268.841	6.7217
57	sk	5112301	5257.9339	6.7208
58	^g	5104144	5249.5446	6.7201
59	na	4784247	4920.5347	6.692
60	ad	4727104	4861.7639	6.6868
61	fö	4694271	4827.9956	6.6838
62	la	4685729	4819.2103	6.683
63	il	4666412	4799.343	6.6812
64	l$	4558588	4688.4474	6.671
65	ti	4458610	4585.6214	6.6614
66	or	4395188	4520.3927	6.6552
67	ng	4373985	4498.5857	6.6531
68	^l	4327855	4451.1416	6.6485
69	ge	4145841	4263.9426	6.6298
70	li	4093790	4210.4089	6.6243
71	re	3996429	4110.2744	6.6139
72	mi	3923694	4035.4674	6.6059
73	le	3906777	4018.0685	6.604
74	on	3883782	3994.4184	6.6015
75	nd	3677467	3782.2262	6.5777
76	al	3450035	3548.3154	6.55
77	di	3420454	3517.8917	6.5463
78	ch	3418937	3516.3315	6.5461
79	ne	3399105	3495.9345	6.5436
80	ve	3323701	3418.3825	6.5338
81	än	3318342	3412.8708	6.5331
82	oc	3192367	3283.3072	6.5163
83	ke	3166905	3257.1199	6.5128
84	h$	3131859	3221.0755	6.508
85	ck	3055045	3142.0734	6.4972
86	it	3000521	3085.9961	6.4894
87	nn	2987627	3072.7348	6.4875
88	el	2947288	3031.2467	6.4816
89	ns	2888182	2970.457	6.4728
90	ma	2881395	2963.4766	6.4718
91	ri	2877231	2959.194	6.4712
92	ed	2864691	2946.2968	6.4693
93	ko	2860991	2942.4914	6.4687
94	se	2836206	2917.0003	6.4649
95	da	2767399	2846.2333	6.4543
96	^r	2704509	2781.5517	6.4443
97	he	2686923	2763.4648	6.4415
98	sa	2640126	2715.3347	6.4338
99	ga	2630937	2705.8839	6.4323
100	is	2544459	2616.9424	6.4178
101	på	2521563	2593.3942	6.4139
102	ni	2488344	2559.2289	6.4081
103	so	2462744	2532.8996	6.4036
104	^u	2447805	2517.5351	6.401
105	hä	2348704	2415.611	6.383
106	tr	2330877	2397.2762	6.3797
107	rt	2149684	2210.9216	6.3446
108	k$	2143604	2204.6684	6.3433
109	så	2126759	2187.3435	6.3399
110	ro	2126411	2186.9856	6.3398
111	be	2106534	2166.5423	6.3358
112	ho	2096758	2156.4879	6.3337
113	äl	2090341	2149.8881	6.3324
114	mm	2075647	2134.7755	6.3294
115	ba	2044194	2102.4265	6.3227
116	år	2037283	2095.3186	6.3213
117	vä	2027720	2085.4832	6.3192
118	rs	1964249	2020.2041	6.3054
119	ss	1931650	1986.6765	6.2981
120	ut	1923023	1977.8037	6.2962
121	kt	1886454	1940.193	6.2878
122	pp	1870249	1923.5264	6.2841
123	am	1800175	1851.4562	6.2675
124	es	1771356	1821.8162	6.2605
125	as	1769448	1819.8539	6.26
126	ån	1757705	1807.7763	6.2571
127	v$	1701485	1749.9548	6.243
128	si	1700500	1748.9418	6.2428
129	pa	1647472	1694.4032	6.229
130	j$	1645537	1692.413	6.2285
131	ej	1645483	1692.3575	6.2285
132	rn	1587408	1632.6281	6.2129
133	un	1579936	1624.9433	6.2108
134	fa	1555225	1599.5283	6.204
135	av	1554322	1598.5996	6.2037
136	em	1549468	1593.6073	6.2024
137	ur	1474723	1516.7331	6.1809
138	rä	1461183	1502.8074	6.1769
139	fr	1458793	1500.3493	6.1762
140	to	1450146	1491.456	6.1736
141	ol	1448639	1489.906	6.1732
142	rd	1422159	1462.6717	6.1651
143	no	1397420	1437.228	6.1575
144	dr	1380290	1419.61	6.1522
145	ak	1373553	1412.6811	6.15
146	id	1370659	1409.7046	6.1491
147	sä	1368609	1407.5962	6.1485
148	åt	1367357	1406.3086	6.1481
149	pe	1313479	1350.8958	6.1306
150	br	1286132	1322.7697	6.1215
151	nå	1265085	1301.1232	6.1143
152	ku	1250859	1286.4919	6.1094
153	ot	1237150	1272.3924	6.1046
154	bl	1230575	1265.6301	6.1023
155	ät	1224656	1259.5425	6.1002
156	lä	1208190	1242.6074	6.0943
157	ul	1173510	1206.9395	6.0817
158	hu	1172829	1206.2391	6.0814
159	åg	1171986	1205.3721	6.0811
160	lt	1156436	1189.3791	6.0753
161	go	1142004	1174.536	6.0699
162	kl	1141334	1173.8469	6.0696
163	jä	1135283	1167.6235	6.0673
164	gö	1133050	1165.3269	6.0664
165	pr	1131852	1164.0948	6.066
166	nu	1131684	1163.922	6.0659
167	gå	1118602	1150.4674	6.0609
168	sl	1092638	1123.7637	6.0507
169	må	1079768	1110.5271	6.0455
170	gt	1079411	1110.1599	6.0454
171	äg	1055573	1085.6429	6.0357
172	ic	1051818	1081.7809	6.0341
173	ju	1041222	1070.8831	6.0297
174	nä	1035742	1065.2469	6.0275
175	os	1032172	1061.5752	6.026
176	fi	1029501	1058.8282	6.0248
177	gr	1025215	1054.4201	6.023
178	jo	1017003	1045.9741	6.0195
179	rå	1015143	1044.0611	6.0187
180	ld	1014960	1043.8729	6.0186
181	ls	1002354	1030.9078	6.0132
182	ik	992024	1020.2836	6.0087
183	p$	978645	1006.5234	6.0028
184	få	961604	988.997	5.9952
185	mo	953072	980.2219	5.9913
186	rk	934060	960.6684	5.9826
187	lo	921515	947.766	5.9767
188	lå	914118	940.1583	5.9732
189	öv	911866	937.8421	5.9721
190	ac	910525	936.4629	5.9715
191	bo	909051	934.9469	5.9708
192	tä	901654	927.3392	5.9672
193	ru	896972	922.5238	5.965
194	^c	895074	920.5718	5.9641
195	ts	890047	915.4016	5.9616
196	y$	880815	905.9066	5.9571
197	^å	879611	904.6683	5.9565
198	hö	864999	889.64	5.9492
199	us	850782	875.018	5.942
200	up	845522	869.6082	5.9393
201	^ö	835951	859.7645	5.9344
202	lu	830780	854.4462	5.9317
203	dä	799928	822.7154	5.9152
204	ås	797205	819.9148	5.9138
205	kr	795903	818.5757	5.9131
206	rl	792685	815.266	5.9113
207	nk	790649	813.172	5.9102
208	iv	787782	810.2234	5.9086
209	sp	783911	806.2421	5.9065
210	rr	775032	797.1102	5.9015
211	ap	772197	794.1944	5.8999
212	ki	771862	793.8499	5.8997
213	ok	744831	766.0488	5.8843
214	ft	741191	762.3051	5.8821
215	vå	724680	745.3238	5.8723
216	kä	722871	743.4633	5.8713
217	hi	722617	743.202	5.8711
218	od	713582	733.9096	5.8656
219	gi	710371	730.6072	5.8637
220	då	706091	726.2053	5.8611
221	yc	705130	725.2169	5.8605
222	fo	691129	710.817	5.8518
223	o$	689321	708.9575	5.8506
224	do	685172	704.6903	5.848
225	ev	685168	704.6862	5.848
226	op	679671	699.0326	5.8445
227	dd	674537	693.7524	5.8412
228	dö	659352	678.1348	5.8313
229	ål	651457	670.0149	5.8261
230	sn	647658	666.1077	5.8235
231	ir	643174	661.4959	5.8205
232	rf	636094	654.2143	5.8157
233	io	634973	653.0613	5.815
234	og	630722	648.6892	5.812
235	öd	627460	645.3343	5.8098
236	ie	622355	640.0839	5.8062
237	ty	618360	635.9751	5.8034
238	ek	613566	631.0445	5.8001
239	ly	605398	622.6438	5.7942
240	ef	585083	601.7501	5.7794
241	lj	583241	599.8557	5.778
242	je	582365	598.9547	5.7774
243	bi	581044	597.5961	5.7764
244	eg	570296	586.5419	5.7683
245	äm	569965	586.2015	5.768
246	po	561517	577.5128	5.7616
247	fe	556240	572.0855	5.7575
248	äk	553248	569.0082	5.7551
249	sv	542855	558.3192	5.7469
250	ob	539155	554.5138	5.7439
251	ff	538291	553.6252	5.7432
252	äs	536441	551.7225	5.7417
253	fl	531228	546.361	5.7375
254	ud	531064	546.1923	5.7373
255	gg	523318	538.2256	5.731
256	lv	523076	537.9767	5.7308
257	ry	521805	536.6695	5.7297
258	bb	519789	534.5961	5.728
259	rö	516698	531.4171	5.7254
260	hå	512488	527.0871	5.7219
261	pl	495083	509.1863	5.7069
262	tu	486653	500.5162	5.6994
263	tv	483906	497.6909	5.697
264	lk	477888	491.5015	5.6915
265	kn	477315	490.9122	5.691
266	kv	467602	480.9225	5.6821
267	tå	467026	480.3301	5.6815
268	rg	463380	476.5802	5.6781
269	ys	460572	473.6922	5.6755
270	eh	455980	468.9694	5.6711
271	um	455669	468.6495	5.6708
272	rm	453164	466.0732	5.6685
273	sj	448259	461.0285	5.6637
274	sö	442402	455.0046	5.658
275	ds	440551	453.1009	5.6562
276	ök	432450	444.7691	5.6481
277	ny	427880	440.0689	5.6435
278	mä	422659	434.6992	5.6382
279	hj	420430	432.4067	5.6359
280	gs	411392	423.1112	5.6265
281	mn	404563	416.0877	5.6192
282	my	392422	403.6008	5.606
283	lö	391978	403.1442	5.6055
284	ks	391501	402.6536	5.6049
285	if	390499	401.6231	5.6038
286	gl	388467	399.5332	5.6016
287	gj	387103	398.1303	5.6
288	im	385156	396.1279	5.5978
289	rb	380775	391.622	5.5929
290	ia	380158	390.9875	5.5922
291	kö	375384	386.0775	5.5867
292	gn	364126	374.4988	5.5735
293	ec	361901	372.2104	5.5708
294	sm	356047	366.1896	5.5637
295	mt	353264	363.3274	5.5603
296	gu	349465	359.4201	5.5556
297	ci	347978	357.8908	5.5538
298	ab	342397	352.1508	5.5467
299	äd	339570	349.2433	5.5431
300	tj	337006	346.6062	5.5398
301	äv	332279	341.7446	5.5337
302	uk	331820	341.2725	5.5331
303	ce	325908	335.1921	5.5253
304	mp	324105	333.3377	5.5229
305	lp	323206	332.4131	5.5217
306	öt	320582	329.7143	5.5181
307	ky	320330	329.4552	5.5178
308	ov	320296	329.4202	5.5178
309	af	315387	324.3714	5.511
310	pi	314364	323.3192	5.5096
311	lb	313589	322.5221	5.5086
312	rj	312243	321.1378	5.5067
313	bä	307981	316.7544	5.5007
314	yr	307900	316.6711	5.5006
315	ex	305356	314.0546	5.497
316	ug	303278	311.9174	5.494
317	rv	290956	299.2444	5.476
318	yt	288128	296.3358	5.4718
319	ög	282501	290.5485	5.4632
320	mö	282335	290.3778	5.463
321	yg	277620	285.5285	5.4556
322	tn	275059	282.8945	5.4516
323	vl	275000	282.8339	5.4515
324	th	273833	281.6336	5.4497
325	bö	273629	281.4238	5.4494
326	sy	271067	278.7888	5.4453
327	ös	264530	272.0656	5.4347
328	öm	263372	270.8746	5.4328
329	pt	261545	268.9956	5.4297
330	åd	261304	268.7477	5.4293
331	åk	261146	268.5852	5.4291
332	öl	258097	265.4493	5.424
333	fä	256935	264.2542	5.422
334	mr	255329	262.6025	5.4193
335	^w	254660	261.9144	5.4182
336	ca	252939	260.1444	5.4152
337	co	252085	259.2661	5.4137
338	sh	251065	258.217	5.412
339	ln	248463	255.5409	5.4075
340	tö	248345	255.4195	5.4073
341	dl	243416	250.3501	5.3985
342	fu	242408	249.3134	5.3967
343	yn	241105	247.9733	5.3944
344	äf	240422	247.2708	5.3932
345	ön	234812	241.501	5.3829
346	yd	233112	239.7526	5.3798
347	äc	230807	237.3819	5.3754
348	dn	227995	234.4898	5.3701
349	su	226717	233.1754	5.3677
350	ea	222093	228.4197	5.3587
351	ep	216813	222.9893	5.3483
352	gh	215447	221.5844	5.3455
353	mu	209974	215.9555	5.3344
354	ms	209610	215.5811	5.3336
355	of	206481	212.363	5.3271
356	bu	205239	211.0856	5.3245
357	nl	203965	209.7753	5.3218
358	ml	202202	207.9621	5.318
359	vs	200425	206.1345	5.3142
360	by	200152	205.8537	5.3136
361	yl	197619	203.2485	5.308
362	sc	195320	200.884	5.3029
363	tl	191396	196.8483	5.2941
364	nf	187098	192.4278	5.2843
365	öj	183793	189.0287	5.2765
366	öp	183395	188.6193	5.2756
367	x$	181144	186.3042	5.2702
368	ip	176187	181.206	5.2582
369	ih	175305	180.2989	5.256
370	oj	175292	180.2855	5.256
371	tf	172714	177.6341	5.2495
372	b$	168858	173.6682	5.2397
373	nv	167993	172.7786	5.2375
374	vo	167727	172.505	5.2368
375	vu	166266	171.0024	5.233
376	ps	164019	168.6914	5.2271
377	rh	160631	165.2069	5.218
378	au	160491	165.0629	5.2176
379	ey	157505	161.9918	5.2095
380	oo	156862	161.3305	5.2077
381	mb	156216	160.6661	5.2059
382	ub	153463	157.8347	5.1982
383	ee	153334	157.702	5.1978
384	äp	153320	157.6876	5.1978
385	ou	151306	155.6162	5.1921
386	gä	149670	153.9336	5.1873
387	uv	147486	151.6874	5.1809
388	pn	146688	150.8667	5.1786
389	nc	145616	149.7641	5.1754
390	dj	142627	146.69	5.1664
391	wa	137489	141.4056	5.1505
392	oa	133845	137.6578	5.1388
393	ai	133308	137.1055	5.1371
394	xa	132561	136.3372	5.1346
395	fy	128454	132.1132	5.1209
396	eb	127401	131.0302	5.1174
397	dy	127005	130.623	5.116
398	^y	126321	129.9195	5.1137
399	lm	125758	129.3404	5.1117
400	f$	124145	127.6815	5.1061
401	ay	122616	126.1089	5.1007
402	ym	121881	125.353	5.0981
403	gd	121845	125.316	5.098
404	ah	120734	124.1733	5.094
405	nb	120494	123.9265	5.0932
406	pu	120448	123.8792	5.093
407	ya	114677	117.9438	5.0717
408	ow	114442	117.7021	5.0708
409	jö	113886	117.1302	5.0687
410	oh	113009	116.2283	5.0653
411	kj	112859	116.074	5.0647
412	bå	111398	114.5714	5.0591
413	uc	108391	111.4787	5.0472
414	ib	108328	111.4139	5.0469
415	nh	108058	111.1362	5.0459
416	dv	107235	110.2898	5.0425
417	eo	106737	109.7776	5.0405
418	md	104878	107.8656	5.0329
419	yk	100636	103.5028	5.015
420	ue	98482	101.2874	5.0056
421	jk	97046	99.8105	4.9992
422	lf	97036	99.8002	4.9991
423	nö	96177	98.9168	4.9953
424	uf	96173	98.9127	4.9953
425	ö$	94362	97.0501	4.987
426	bj	94133	96.8145	4.9859
427	wi	93270	95.927	4.9819
428	ax	91994	94.6146	4.976
429	sb	91392	93.9955	4.9731
430	tm	90575	93.1552	4.9692
431	we	89756	92.3129	4.9653
432	aj	89040	91.5765	4.9618
433	oe	88576	91.0992	4.9595
434	w$	88486	91.0067	4.9591
435	åh	88001	90.5079	4.9567
436	sf	87025	89.5041	4.9518
437	ei	86192	88.6473	4.9477
438	vd	85992	88.4416	4.9467
439	vt	85104	87.5283	4.9421
440	ph	84228	86.6274	4.9377
441	jl	83610	85.9918	4.9345
442	tb	82783	85.1412	4.9301
443	ix	82071	84.4089	4.9264
444	hy	81045	83.3537	4.9209
445	nj	79518	81.7832	4.9127
446	yp	77875	80.0934	4.9036
447	lr	75687	77.8431	4.8912
448	cl	73865	75.9692	4.8806
449	xt	70776	72.7922	4.8621
450	ua	69638	71.6218	4.855
451	kå	69560	71.5415	4.8546
452	ew	69172	71.1425	4.8521
453	c$	68540	70.4925	4.8481
454	hn	67566	69.4907	4.8419
455	lg	66209	68.0951	4.8331
456	kh	65809	67.6837	4.8305
457	rp	62868	64.6589	4.8106
458	é$	62591	64.374	4.8087
459	tc	62367	64.1436	4.8072
460	xi	62058	63.8258	4.805
461	dg	61396	63.145	4.8003
462	pf	60605	62.3314	4.7947
463	jd	59986	61.6948	4.7902
464	^z	59961	61.6691	4.7901
465	eu	59282	60.9708	4.7851
466	rc	59251	60.9389	4.7849
467	äx	59037	60.7188	4.7833
468	nr	58756	60.4298	4.7813
469	yo	58328	59.9896	4.7781
470	sr	56741	58.3574	4.7661
471	vr	56467	58.0756	4.764
472	mh	55933	57.5264	4.7599
473	ui	55416	56.9946	4.7558
474	bs	54731	56.2901	4.7504
475	ji	54383	55.9322	4.7477
476	xe	54247	55.7923	4.7466
477	vn	54148	55.6905	4.7458
478	sd	54040	55.5794	4.7449
479	tk	53839	55.3727	4.7433
480	mf	53248	54.7649	4.7385
481	wo	53229	54.7453	4.7383
482	tg	52671	54.1714	4.7338
483	z$	52128	53.613	4.7293
484	ae	50444	51.881	4.715
485	cr	50203	51.6331	4.7129
486	cy	49048	50.4452	4.7028
487	za	49002	50.3979	4.7024
488	oi	47274	48.6207	4.6868
489	dé	46933	48.27	4.6837
490	dt	45983	47.2929	4.6748
491	åv	45487	46.7828	4.6701
492	oy	45270	46.5596	4.668
493	dk	44900	46.1791	4.6644
494	hr	44867	46.1451	4.6641
495	cc	44835	46.1122	4.6638
496	pä	43957	45.2092	4.6552
497	yf	43674	44.9181	4.6524
498	vk	43432	44.6692	4.65
499	qu	42836	44.0563	4.644
500	lh	41476	42.6575	4.63
501	db	40451	41.6033	4.6191
502	jt	40287	41.4346	4.6174
503	iu	39987	41.1261	4.6141
504	cu	39544	40.6705	4.6093
505	mk	39392	40.5142	4.6076
506	aw	38663	39.7644	4.5995
507	ye	38620	39.7202	4.599
508	zo	38502	39.5988	4.5977
509	-s	38230	39.319	4.5946
510	xp	38029	39.1123	4.5923
511	df	37245	38.306	4.5833
512	iz	36881	37.9316	4.579
513	az	36865	37.9152	4.5788
514	mj	36700	37.7455	4.5769
515	yv	36501	37.5408	4.5745
516	ct	35334	36.3406	4.5604
517	dm	34250	35.2257	4.5469
518	py	34240	35.2154	4.5467
519	js	34174	35.1475	4.5459
520	mg	34062	35.0323	4.5445
521	yh	33727	34.6878	4.5402
522	â$	33522	34.4769	4.5375
523	tp	33439	34.3916	4.5365
524	vb	32980	33.9195	4.5304
525	pd	32573	33.5009	4.5251
526	nm	32417	33.3405	4.523
527	mc	32236	33.1543	4.5205
528	ht	32197	33.1142	4.52
529	åe	32124	33.0391	4.519
530	a-	31545	32.4436	4.5111
531	sg	31528	32.4261	4.5109
532	e-	31332	32.2245	4.5082
533	bt	30712	31.5869	4.4995
534	wh	30466	31.3339	4.496
535	ox	30294	31.157	4.4936
536	aa	30162	31.0212	4.4917
537	zi	29812	30.6612	4.4866
538	n-	28375	29.1833	4.4651
539	ä$	27745	28.5354	4.4554
540	fj	27490	28.2731	4.4514
541	km	27336	28.1147	4.4489
542	fs	27117	27.8895	4.4454
543	vg	26941	27.7085	4.4426
544	gy	26583	27.3403	4.4368
545	ze	26443	27.1963	4.4345
546	pg	26302	27.0513	4.4322
547	's	25565	26.2933	4.4198
548	t-	25455	26.1801	4.418
549	^q	25130	25.8459	4.4124
550	dh	24788	25.4941	4.4064
551	s-	24187	24.876	4.3958
552	pm	24153	24.841	4.3952
553	zz	24131	24.8184	4.3948
554	gp	24065	24.7505	4.3936
555	mé	23987	24.6703	4.3922
556	gb	23822	24.5006	4.3892
557	wn	23573	24.2445	4.3846
558	xo	23300	23.9637	4.3796
559	gm	23297	23.9607	4.3795
560	én	22917	23.5698	4.3724
561	-k	22641	23.286	4.3671
562	-t	22207	22.8396	4.3587
563	-m	22161	22.7923	4.3578
564	dp	22137	22.7676	4.3573
565	ez	22018	22.6452	4.355
566	pö	21819	22.4406	4.351
567	oä	21726	22.3449	4.3492
568	vf	21719	22.3377	4.349
569	fb	21546	22.1598	4.3456
570	r-	21409	22.0189	4.3428
571	gk	21113	21.7144	4.3367
572	åp	21098	21.699	4.3364
573	-f	21022	21.6208	4.3349
574	ux	20974	21.5715	4.3339
575	-p	20967	21.5643	4.3337
576	-b	20459	21.0418	4.3231
577	vm	20350	20.9297	4.3208
578	åm	20247	20.8238	4.3186
579	sw	20154	20.7281	4.3166
580	hl	20060	20.6314	4.3145
581	gf	19935	20.5029	4.3118
582	mv	19923	20.4905	4.3116
583	kf	19847	20.4124	4.3099
584	np	19544	20.1007	4.3032
585	hm	19501	20.0565	4.3023
586	tz	19136	19.6811	4.294
587	-a	18900	19.4384	4.2887
588	vv	18821	19.3571	4.2868
589	kd	18753	19.2872	4.2853
590	ao	18690	19.2224	4.2838
591	kk	18465	18.991	4.2785
592	l-	17939	18.45	4.266
593	yx	17931	18.4418	4.2658
594	ii	17777	18.2834	4.2621
595	dw	17506	18.0047	4.2554
596	iä	16958	17.4411	4.2416
597	i-	16718	17.1942	4.2354
598	kb	16043	16.5	4.2175
599	td	15954	16.4085	4.2151
600	o-	15647	16.0927	4.2066
601	lc	15371	15.8089	4.1989
602	vö	15341	15.778	4.1981
603	-d	15329	15.7657	4.1977
604	d-	15302	15.7379	4.1969
605	ws	14851	15.2741	4.184
606	yb	14821	15.2432	4.1831
607	-h	14815	15.237	4.1829
607	gv	14815	15.237	4.1829
608	vj	14743	15.163	4.1808
609	-l	14597	15.0128	4.1765
610	pâ	14158	14.5613	4.1632
611	öf	14148	14.551	4.1629
612	kg	13802	14.1952	4.1521
613	öc	13591	13.9782	4.1455
614	oz	13515	13.9	4.143
615	uh	13357	13.7375	4.1379
616	ée	13281	13.6593	4.1354
617	nz	12977	13.3467	4.1254
618	pb	12633	12.9929	4.1137
619	-r	12404	12.7573	4.1058
620	tw	12315	12.6658	4.1026
621	iö	12195	12.5424	4.0984
622	xu	12113	12.4581	4.0955
623	hs	12047	12.3902	4.0931
624	sâ	11905	12.2441	4.0879
625	âr	11498	11.8255	4.0728
626	ij	11494	11.8214	4.0727
627	^x	11487	11.8142	4.0724
628	k-	11480	11.807	4.0721
629	vh	11453	11.7793	4.0711
630	kp	11340	11.663	4.0668
631	xl	11099	11.4152	4.0575
632	-g	11016	11.3298	4.0542
633	g-	11011	11.3247	4.054
634	öa	10855	11.1642	4.0478
635	-o	10633	10.9359	4.0389
636	v-	10349	10.6438	4.0271
637	uz	10304	10.5975	4.0252
638	åb	10285	10.578	4.0244
639	pk	10178	10.4679	4.0199
640	pj	10149	10.4381	4.0186
641	a'	9942	10.2252	4.0097
642	o'	9923	10.2057	4.0088
643	m-	9619	9.893	3.9953
644	y-	9476	9.7459	3.9888
645	åj	9285	9.5495	3.98
646	ân	9279	9.5433	3.9797
647	-v	9262	9.5258	3.9789
648	-e	9107	9.3664	3.9716
649	rw	9026	9.2831	3.9677
650	pv	8911	9.1648	3.9621
651	jn	8711	8.9591	3.9523
652	wl	8534	8.7771	3.9434
653	yu	8321	8.558	3.9324
654	n'	8157	8.3894	3.9237
655	p-	8004	8.232	3.9155
656	xn	7986	8.2135	3.9145
657	ât	7870	8.0942	3.9082
658	åf	7854	8.0777	3.9073
659	-n	7841	8.0644	3.9066
660	h-	7831	8.0541	3.906
661	öe	7813	8.0356	3.905
662	cs	7787	8.0088	3.9036
663	yw	7658	7.8762	3.8963
664	fn	7650	7.8679	3.8959
665	-i	7565	7.7805	3.891
666	wy	7453	7.6653	3.8845
667	-c	7434	7.6458	3.8834
668	hh	7419	7.6303	3.8825
669	âg	7337	7.546	3.8777
670	nâ	7275	7.4822	3.874
671	hw	7189	7.3938	3.8689
672	'$	6937	7.1346	3.8534
673	wr	6780	6.9731	3.8434
674	gw	6557	6.7438	3.8289
675	vy	6487	6.6718	3.8242
676	dc	6462	6.6461	3.8226
677	x-	6383	6.5648	3.8172
678	zy	6200	6.3766	3.8046
679	ré	6190	6.3663	3.8039
680	bd	6184	6.3602	3.8035
681	gâ	6175	6.3509	3.8028
682	-j	6147	6.3221	3.8009
683	'a	6140	6.3149	3.8004
684	fé	6082	6.2553	3.7962
685	^â	6024	6.1956	3.7921
686	zu	5902	6.0701	3.7832
687	wb	5879	6.0465	3.7815
688	té	5875	6.0424	3.7812
689	åa	5736	5.8994	3.7708
690	cg	5735	5.8984	3.7707
691	u-	5706	5.8685	3.7685
692	hf	5682	5.8439	3.7667
693	mâ	5615	5.775	3.7616
694	râ	5490	5.6464	3.7518
695	yi	5485	5.6412	3.7514
696	äh	5471	5.6269	3.7503
697	öb	5445	5.6001	3.7482
698	cd	5444	5.5991	3.7481
699	fâ	5374	5.5271	3.7425
700	uy	5371	5.524	3.7423
701	d'	5215	5.3636	3.7295
702	nw	5190	5.3378	3.7274
703	-u	5172	5.3193	3.7259
703	lâ	5172	5.3193	3.7259
704	e'	5129	5.2751	3.7222
705	'n	5083	5.2278	3.7183
706	cm	4978	5.1198	3.7093
707	öh	4916	5.056	3.7038
708	pc	4883	5.0221	3.7009
709	iq	4873	5.0118	3.7
710	uo	4835	4.9727	3.6966
711	sz	4765	4.9007	3.6903
712	^'	4743	4.8781	3.6883
713	q$	4713	4.8473	3.6855
714	ãr	4646	4.7783	3.6793
715	sq	4637	4.7691	3.6784
716	rz	4589	4.7197	3.6739
717	xf	4470	4.5973	3.6625
718	né	4431	4.5572	3.6587
719	wk	4416	4.5418	3.6572
720	kw	4356	4.4801	3.6513
721	âs	4335	4.4585	3.6492
722	lé	4321	4.4441	3.6478
723	hd	4286	4.4081	3.6443
724	jp	4262	4.3834	3.6418
725	l'	4186	4.3052	3.634
726	bn	4125	4.2425	3.6276
727	b-	4099	4.2158	3.6249
728	c-	4095	4.2117	3.6245
729	aq	4082	4.1983	3.6231
730	dâ	3955	4.0677	3.6093
731	uj	3939	4.0512	3.6076
732	äb	3893	4.0039	3.6025
733	vp	3867	3.9772	3.5996
734	âl	3817	3.9257	3.5939
735	hk	3772	3.8795	3.5888
736	cq	3759	3.8661	3.5873
737	vâ	3757	3.864	3.587
738	't	3728	3.8342	3.5837
739	iy	3717	3.8229	3.5824
740	t'	3708	3.8136	3.5813
741	hb	3654	3.7581	3.575
742	bh	3591	3.6933	3.5674
743	fm	3545	3.646	3.5618
744	wt	3490	3.5894	3.555
745	fg	3481	3.5802	3.5539
746	fd	3476	3.575	3.5533
747	hâ	3469	3.5678	3.5524
748	lw	3456	3.5545	3.5508
749	fk	3453	3.5514	3.5504
750	r'	3413	3.5102	3.5453
751	y'	3406	3.503	3.5444
752	zh	3328	3.4228	3.5344
753	uu	3297	3.3909	3.5303
754	bm	3255	3.3477	3.5247
755	wu	3130	3.2192	3.5077
756	xc	3085	3.1729	3.5015
757	eq	3060	3.1472	3.4979
758	lz	3053	3.14	3.4969
759	-w	3036	3.1225	3.4945
760	f-	3015	3.1009	3.4915
761	'r	3006	3.0916	3.4902
762	cn	2999	3.0844	3.4892
763	xk	2985	3.07	3.4871
764	zl	2974	3.0587	3.4855
765	ño	2930	3.0135	3.4791
766	i'	2928	3.0114	3.4788
767	hé	2888	2.9703	3.4728
768	fü	2853	2.9343	3.4675
769	üh	2840	2.9209	3.4655
770	j-	2825	2.9055	3.4632
771	eñ	2824	2.9044	3.4631
772	xs	2745	2.8232	3.4507
773	yj	2739	2.817	3.4498
774	^ã	2716	2.7934	3.4461
775	'c	2711	2.7882	3.4453
776	cé	2706	2.7831	3.4445
777	jy	2694	2.7707	3.4426
778	jm	2687	2.7635	3.4415
779	jj	2648	2.7234	3.4351
780	tâ	2632	2.707	3.4325
781	sé	2600	2.6741	3.4272
782	oå	2591	2.6648	3.4257
783	'm	2461	2.5311	3.4033
784	rq	2456	2.526	3.4024
785	wm	2444	2.5136	3.4003
786	á$	2425	2.4941	3.3969
787	xm	2418	2.4869	3.3957
788	'd	2398	2.4663	3.392
789	oö	2346	2.4128	3.3825
790	'b	2299	2.3645	3.3737
791	wd	2284	2.3491	3.3709
792	wf	2281	2.346	3.3703
793	bc	2254	2.3182	3.3652
794	eä	2233	2.2966	3.3611
794	éa	2233	2.2966	3.3611
795	xy	2228	2.2915	3.3601
796	án	2195	2.2575	3.3536
797	iw	2177	2.239	3.3501
798	jr	2171	2.2328	3.3488
799	å-	2098	2.1578	3.334
799	ün	2098	2.1578	3.334
800	ér	2075	2.1341	3.3292
801	cp	2073	2.1321	3.3288
802	k'	2071	2.13	3.3284
803	'e	2065	2.1238	3.3271
804	aå	2060	2.1187	3.3261
805	bk	2053	2.1115	3.3246
806	yå	2046	2.1043	3.3231
807	jå	2043	2.1012	3.3225
808	cb	2029	2.0868	3.3195
809	hc	2023	2.0806	3.3182
810	nx	2006	2.0631	3.3145
811	'u	2001	2.058	3.3134
812	qa	1960	2.0158	3.3044
813	és	1943	1.9983	3.3007
814	mw	1862	1.915	3.2822
815	xb	1839	1.8914	3.2768
816	gc	1811	1.8626	3.2701
817	pé	1807	1.8585	3.2692
818	ón	1762	1.8122	3.2582
819	åå	1759	1.8091	3.2575
820	zm	1740	1.7896	3.2528
821	jf	1731	1.7803	3.2505
822	à$	1707	1.7556	3.2444
823	äe	1701	1.7495	3.2429
824	bp	1673	1.7207	3.2357
825	^ν	1581	1.626	3.2111
826	zn	1579	1.624	3.2106
827	hp	1568	1.6127	3.2076
828	'l	1541	1.5849	3.2
829	âk	1533	1.5767	3.1977
830	xh	1515	1.5582	3.1926
831	g'	1508	1.551	3.1906
832	ør	1489	1.5314	3.1851
833	ää	1450	1.4913	3.1736
834	él	1437	1.4779	3.1696
835	âd	1433	1.4738	3.1684
836	-y	1422	1.4625	3.1651
837	hv	1416	1.4563	3.1633
838	éo	1415	1.4553	3.163
839	z-	1409	1.4491	3.1611
840	kc	1403	1.443	3.1593
841	-ö	1390	1.4296	3.1552
842	'h	1386	1.4255	3.154
843	mü	1385	1.4245	3.1537
844	hg	1376	1.4152	3.1508
845	zg	1356	1.3946	3.1444
846	uw	1354	1.3926	3.1438
847	^é	1338	1.3761	3.1386
848	ãn	1335	1.373	3.1377
849	jb	1326	1.3638	3.1348
850	ké	1324	1.3617	3.1341
851	w-	1315	1.3525	3.1311
852	u'	1302	1.3391	3.1268
853	ã$	1289	1.3257	3.1224
854	xx	1285	1.3216	3.1211
855	bf	1249	1.2846	3.1088
856	-ä	1239	1.2743	3.1053
857	s'	1224	1.2589	3.1
858	zt	1222	1.2568	3.0993
859	ár	1219	1.2537	3.0982
860	ĺ$	1197	1.2311	3.0903
861	åi	1166	1.1992	3.0789
862	öi	1160	1.193	3.0766
863	qi	1158	1.191	3.0759
864	zk	1154	1.1869	3.0744
865	äj	1151	1.1838	3.0733
866	dz	1150	1.1828	3.0729
867	zr	1142	1.1745	3.0699
868	rx	1141	1.1735	3.0695
869	ür	1109	1.1406	3.0571
870	cv	1102	1.1334	3.0544
871	nq	1093	1.1241	3.0508
872	fã	1089	1.12	3.0492
873	-z	1067	1.0974	3.0404
874	yz	1054	1.084	3.035
875	-å	1048	1.0779	3.0326
875	m'	1048	1.0779	3.0326
876	sã	1026	1.0552	3.0233
877	xv	1009	1.0377	3.0161
878	fp	1003	1.0316	3.0135
879	ét	1000	1.0285	3.0122
880	zp	997	1.0254	3.0109
881	zb	996	1.0244	3.0105
882	fh	994	1.0223	3.0096
883	cf	967	0.9945	2.9976
884	jø	966	0.9935	2.9972
885	má	963	0.9904	2.9958
886	zs	952	0.9791	2.9908
887	fc	945	0.9719	2.9876
888	eö	943	0.9699	2.9867
889	'v	942	0.9688	2.9862
890	eå	911	0.937	2.9717
891	åc	907	0.9328	2.9698
892	jé	903	0.9287	2.9679
893	cx	902	0.9277	2.9674
894	hã	899	0.9246	2.966
895	wg	886	0.9112	2.9596
896	nç	883	0.9082	2.9582
897	ém	877	0.902	2.9552
898	νa	875	0.8999	2.9542
899	jv	874	0.8989	2.9537
900	zv	872	0.8968	2.9527
901	-q	861	0.8855	2.9472
902	ço	848	0.8722	2.9406
903	rü	846	0.8701	2.9396
904	'o	845	0.8691	2.9391
904	ña	845	0.8691	2.9391
905	^á	838	0.8619	2.9355
906	tá	836	0.8598	2.9344
907	oq	827	0.8506	2.9297
907	äi	827	0.8506	2.9297
908	lá	822	0.8454	2.9271
909	vc	813	0.8362	2.9223
910	uq	812	0.8351	2.9217
911	xd	809	0.832	2.9201
912	cz	808	0.831	2.9196
913	'i	801	0.8238	2.9158
913	pá	801	0.8238	2.9158
914	rá	799	0.8218	2.9148
915	'k	783	0.8053	2.906
916	c'	774	0.796	2.9009
917	h'	768	0.7899	2.8976
917	mó	768	0.7899	2.8976
918	vã	756	0.7775	2.8907
919	wc	752	0.7734	2.8884
920	ãl	748	0.7693	2.8861
921	mz	743	0.7642	2.8832
922	wp	736	0.757	2.8791
923	át	733	0.7539	2.8773
924	ín	730	0.7508	2.8755
925	éb	708	0.7282	2.8623
926	ál	698	0.7179	2.8561
927	fv	697	0.7169	2.8555
928	xå	694	0.7138	2.8536
929	ég	692	0.7117	2.8523
930	bv	691	0.7107	2.8517
931	bg	690	0.7097	2.8511
932	âh	680	0.6994	2.8447
933	è$	679	0.6983	2.844
934	å'	678	0.6973	2.8434
935	èv	677	0.6963	2.8428
936	rè	676	0.6953	2.8422
937	jc	675	0.6942	2.8415
938	bw	673	0.6922	2.8402
938	xg	673	0.6922	2.8402
939	gé	671	0.6901	2.8389
940	sø	666	0.685	2.8357
941	ás	655	0.6737	2.8285
942	rã	654	0.6726	2.8278
943	bâ	650	0.6685	2.8251
944	nè	648	0.6665	2.8238
945	ép	644	0.6623	2.8211
946	ía	642	0.6603	2.8197
947	vx	635	0.6531	2.815
948	äâ	634	0.6521	2.8143
949	ãt	628	0.6459	2.8102
950	gü	623	0.6407	2.8067
950	jh	623	0.6407	2.8067
950	sá	623	0.6407	2.8067
950	ãg	623	0.6407	2.8067
951	iå	617	0.6346	2.8025
952	öo	616	0.6335	2.8017
953	lã	608	0.6253	2.7961
954	åö	606	0.6233	2.7947
955	åo	595	0.6119	2.7867
956	aä	594	0.6109	2.786
957	bé	589	0.6058	2.7823
958	^à	583	0.5996	2.7779
959	b'	578	0.5945	2.7742
960	j'	576	0.5924	2.7726
961	jg	575	0.5914	2.7719
962	nã	574	0.5904	2.7711
963	aö	570	0.5862	2.768
964	pw	566	0.5821	2.765
965	xw	563	0.579	2.7627
966	là	562	0.578	2.7619
966	vá	562	0.578	2.7619
967	νi	558	0.5739	2.7588
968	åu	557	0.5729	2.7581
969	í$	546	0.5616	2.7494
970	cj	541	0.5564	2.7454
971	ná	537	0.5523	2.7422
972	iñ	536	0.5513	2.7414
973	ö-	535	0.5502	2.7405
974	ék	531	0.5461	2.7373
975	èr	530	0.5451	2.7365
976	zj	529	0.5441	2.7357
977	èn	519	0.5338	2.7274
978	xr	508	0.5225	2.7181
978	ª$	508	0.5225	2.7181
978	نr	508	0.5225	2.7181
979	zc	506	0.5204	2.7163
979	âª	506	0.5204	2.7163
980	rø	496	0.5101	2.7077
980	ué	496	0.5101	2.7077
981	zw	495	0.5091	2.7068
982	xj	494	0.5081	2.7059
983	ä-	491	0.505	2.7033
984	ær	488	0.5019	2.7006
985	pĺ	487	0.5009	2.6998
986	uö	486	0.4998	2.6988
987	ĺr	485	0.4988	2.6979
988	gã	484	0.4978	2.6971
989	pã	482	0.4957	2.6952
990	ès	477	0.4906	2.6907
991	-x	474	0.4875	2.688
991	ça	474	0.4875	2.688
992	ié	463	0.4762	2.6778
993	sĺ	462	0.4752	2.6769
994	dè	461	0.4741	2.6759
994	éj	461	0.4741	2.6759
995	'g	460	0.4731	2.675
996	zü	457	0.47	2.6721
997	'f	454	0.4669	2.6692
998	yy	441	0.4536	2.6567
999	eé	435	0.4474	2.6507
1000	lí	429	0.4412	2.6446
1001	cw	428	0.4402	2.6437
1001	éc	428	0.4402	2.6437
1002	ró	427	0.4392	2.6427
1003	uä	426	0.4381	2.6416
1004	kâ	425	0.4371	2.6406
1005	há	424	0.4361	2.6396
1006	éd	421	0.433	2.6365
1007	fá	420	0.432	2.6355
1008	rí	417	0.4289	2.6324
1009	dã	415	0.4268	2.6302
1010	év	414	0.4258	2.6292
1011	ül	405	0.4165	2.6196
1012	kz	402	0.4135	2.6165
1012	νe	402	0.4135	2.6165
1013	öö	398	0.4093	2.612
1014	v'	395	0.4063	2.6088
1015	q-	393	0.4042	2.6066
1015	vé	393	0.4042	2.6066
1016	dá	391	0.4021	2.6043
1017	iè	389	0.4001	2.6022
1018	zd	388	0.3991	2.6011
1019	äu	387	0.398	2.5999
1020	gá	385	0.396	2.5977
1021	tã	383	0.3939	2.5954
1022	sí	380	0.3908	2.592
1023	oé	373	0.3836	2.5839
1023	ós	373	0.3836	2.5839
1023	ĺn	373	0.3836	2.5839
1024	hø	369	0.3795	2.5792
1025	qv	368	0.3785	2.5781
1026	añ	361	0.3713	2.5697
1026	zé	361	0.3713	2.5697
1027	é-	359	0.3692	2.5673
1028	ió	355	0.3651	2.5624
1028	ág	355	0.3651	2.5624
1029	ø$	353	0.3631	2.56
1030	ló	352	0.362	2.5587
1031	lè	351	0.361	2.5575
1032	uå	346	0.3559	2.5513
1032	ww	346	0.3559	2.5513
1033	tí	340	0.3497	2.5437
1034	hz	337	0.3466	2.5398
1035	νä	335	0.3445	2.5372
1036	mĺ	334	0.3435	2.5359
1037	qb	328	0.3373	2.528
1038	ó$	327	0.3363	2.5267
1039	'j	322	0.3312	2.5201
1039	lq	322	0.3312	2.5201
1040	ĺt	314	0.3229	2.5091
1041	ão	312	0.3209	2.5064
1042	jà	311	0.3199	2.505
1043	nü	308	0.3168	2.5008
1044	øn	305	0.3137	2.4965
1045	ãs	300	0.3085	2.4893
1046	'p	299	0.3075	2.4878
1047	tx	298	0.3065	2.4864
1048	^ø	297	0.3055	2.485
1049	aν	296	0.3044	2.4834
1050	jã	293	0.3013	2.479
1050	mø	293	0.3013	2.479
1051	ám	292	0.3003	2.4776
1051	ν$	292	0.3003	2.4776
1052	ñe	284	0.2921	2.4655
1053	p'	282	0.29	2.4624
1054	ãv	278	0.2859	2.4562
1055	mã	277	0.2849	2.4547
1055	xz	277	0.2849	2.4547
1056	qo	276	0.2839	2.4532
1057	gz	275	0.2828	2.4515
1058	kã	274	0.2818	2.4499
1059	pz	273	0.2808	2.4484
1060	gó	271	0.2787	2.4451
1060	üs	271	0.2787	2.4451
1061	mè	269	0.2767	2.442
1062	qq	267	0.2746	2.4387
1063	cí	265	0.2725	2.4354
1064	fĺ	264	0.2715	2.4338
1064	ه$	264	0.2715	2.4338
1065	ِr	263	0.2705	2.4322
1066	ãk	260	0.2674	2.4272
1067	äa	259	0.2664	2.4255
1068	^ن	258	0.2653	2.4237
1069	âv	256	0.2633	2.4205
1070	üg	255	0.2623	2.4188
1071	mx	254	0.2612	2.417
1072	ór	249	0.2561	2.4084
1073	zf	247	0.254	2.4048
1074	éf	244	0.251	2.3997
1075	nĺ	242	0.2489	2.396
1076	jó	238	0.2448	2.3888
1076	åä	238	0.2448	2.3888
1077	dü	230	0.2366	2.374
1077	rĺ	230	0.2366	2.374
1078	gĺ	223	0.2294	2.3606
1078	ãm	223	0.2294	2.3606
1079	éé	222	0.2283	2.3585
1080	ún	220	0.2263	2.3547
1080	ĺg	220	0.2263	2.3547
1081	uá	219	0.2252	2.3526
1082	èm	217	0.2232	2.3487
1083	mq	216	0.2222	2.3467
1083	qe	216	0.2222	2.3467
1084	dí	214	0.2201	2.3426
1084	gq	214	0.2201	2.3426
1084	éi	214	0.2201	2.3426
1084	ús	214	0.2201	2.3426
1085	w'	210	0.216	2.3345
1086	uñ	209	0.215	2.3324
1087	cá	208	0.2139	2.3302
1088	x'	206	0.2119	2.3261
1089	éu	205	0.2108	2.3239
1090	øl	203	0.2088	2.3197
1091	yä	199	0.2047	2.3111
1091	åz	199	0.2047	2.3111
1092	^æ	198	0.2036	2.3088
1092	dq	198	0.2036	2.3088
1092	õr	198	0.2036	2.3088
1093	øs	197	0.2026	2.3066
1094	jw	194	0.1995	2.2999
1095	bã	193	0.1985	2.2978
1095	ãd	193	0.1985	2.2978
1096	^ĺ	191	0.1964	2.2931
1097	ád	189	0.1944	2.2887
1098	ĺl	188	0.1934	2.2865
1099	px	187	0.1923	2.284
1099	ái	187	0.1923	2.284
1100	eó	185	0.1903	2.2794
1100	iá	185	0.1903	2.2794
1100	éh	185	0.1903	2.2794
1100	ĺs	185	0.1903	2.2794
1101	'w	184	0.1892	2.2769
1102	sú	183	0.1882	2.2746
1103	mí	181	0.1862	2.27
1103	qr	181	0.1862	2.27
1103	vĺ	181	0.1862	2.27
1104	bø	180	0.1851	2.2674
1105	lĺ	179	0.1841	2.2651
1105	ød	179	0.1841	2.2651
1106	óm	178	0.1831	2.2627
1106	øj	178	0.1831	2.2627
1107	^ç	176	0.181	2.2577
1108	yö	174	0.179	2.2529
1109	aé	170	0.1748	2.2425
1109	fw	170	0.1748	2.2425
1110	rç	169	0.1738	2.24
1110	sν	169	0.1738	2.24
1111	jü	168	0.1728	2.2375
1111	lü	168	0.1728	2.2375
1112	oñ	167	0.1718	2.235
1112	öν	167	0.1718	2.235
1113	bz	165	0.1697	2.2297
1114	fِ	164	0.1687	2.2271
1115	âe	163	0.1676	2.2243
1115	ãh	163	0.1676	2.2243
1115	èl	163	0.1676	2.2243
1115	úl	163	0.1676	2.2243
1116	ól	161	0.1656	2.2191
1117	óp	159	0.1635	2.2135
1118	lø	158	0.1625	2.2109
1118	rê	158	0.1625	2.2109
1118	ë$	158	0.1625	2.2109
1119	dx	157	0.1615	2.2082
1120	^ó	154	0.1584	2.1998
1121	wj	153	0.1574	2.197
1121	ák	153	0.1574	2.197
1121	øm	153	0.1574	2.197
1122	hè	152	0.1563	2.194
1122	qs	152	0.1563	2.194
1123	kx	149	0.1532	2.1853
1123	ít	149	0.1532	2.1853
1123	üe	149	0.1532	2.1853
1124	^è	148	0.1522	2.1824
1124	êt	148	0.1522	2.1824
1125	æl	147	0.1512	2.1796
1126	f'	146	0.1502	2.1767
1126	jæ	146	0.1502	2.1767
1127	øy	145	0.1491	2.1735
1128	væ	144	0.1481	2.1706
1129	aï	143	0.1471	2.1676
1130	dĺ	142	0.146	2.1644
1131	éz	141	0.145	2.1614
1131	ís	141	0.145	2.1614
1131	øh	141	0.145	2.1614
1132	ío	138	0.1419	2.152
1133	tó	137	0.1409	2.1489
1133	âm	137	0.1409	2.1489
1133	øe	137	0.1409	2.1489
1134	ûl	136	0.1399	2.1458
1135	z'	135	0.1388	2.1424
1136	hq	134	0.1378	2.1392
1136	uí	134	0.1378	2.1392
1136	æn	134	0.1378	2.1392
1137	gx	133	0.1368	2.1361
1137	hx	133	0.1368	2.1361
1137	kø	133	0.1368	2.1361
1138	^ñ	132	0.1358	2.1329
1139	bá	131	0.1347	2.1294
1140	în	130	0.1337	2.1261
1141	qw	129	0.1327	2.1229
1141	zá	129	0.1327	2.1229
1141	íg	129	0.1327	2.1229
1142	læ	128	0.1316	2.1193
1143	yq	127	0.1306	2.1159
1143	ôt	127	0.1306	2.1159
1144	oë	126	0.1296	2.1126
1144	ví	126	0.1296	2.1126
1145	aú	125	0.1286	2.1092
1146	æc	124	0.1275	2.1055
1146	نn	124	0.1275	2.1055
1147	bæ	123	0.1265	2.1021
1147	dó	123	0.1265	2.1021
1147	hن	123	0.1265	2.1021
1148	^í	122	0.1255	2.0986
1148	cæ	122	0.1255	2.0986
1148	fè	122	0.1255	2.0986
1148	ić	122	0.1255	2.0986
1148	ká	122	0.1255	2.0986
1148	öx	122	0.1255	2.0986
1148	νå	122	0.1255	2.0986
1149	zó	121	0.1244	2.0948
1149	âp	121	0.1244	2.0948
1150	üd	120	0.1234	2.0913
1151	já	118	0.1214	2.0842
1151	øv	118	0.1214	2.0842
1152	'y	117	0.1203	2.0803
1152	dú	117	0.1203	2.0803
1152	ír	117	0.1203	2.0803
1152	ò$	117	0.1203	2.0803
1153	aë	116	0.1193	2.0766
1153	ît	116	0.1193	2.0766
1154	æk	115	0.1183	2.073
1155	ûr	114	0.1172	2.0689
1155	üt	114	0.1172	2.0689
1156	ć$	113	0.1162	2.0652
1157	^º	112	0.1152	2.0615
1157	^î	112	0.1152	2.0615
1157	fõ	112	0.1152	2.0615
1157	hü	112	0.1152	2.0615
1157	pà	112	0.1152	2.0615
1158	wv	111	0.1142	2.0577
1159	có	109	0.1121	2.0496
1159	zx	109	0.1121	2.0496
1160	aí	108	0.1111	2.0457
1160	tè	108	0.1111	2.0457
1161	áv	107	0.11	2.0414
1162	^ü	106	0.109	2.0374
1163	ôm	105	0.108	2.0334
1163	ú$	105	0.108	2.0334
1164	lx	104	0.107	2.0294
1164	rô	104	0.107	2.0294
1165	aî	103	0.1059	2.0249
1165	êp	103	0.1059	2.0249
1165	ël	103	0.1059	2.0249
1166	pه	101	0.1039	2.0166
1166	íl	101	0.1039	2.0166
1167	tø	100	0.1028	2.012
1167	zq	100	0.1028	2.012
1167	æs	100	0.1028	2.012
1168	xö	99	0.1018	2.0077
1168	º$	99	0.1018	2.0077
1168	àn	99	0.1018	2.0077
1169	gû	97	0.0998	1.9991
1170	iã	96	0.0987	1.9943
1170	tü	96	0.0987	1.9943
1170	yé	96	0.0987	1.9943
1170	èo	96	0.0987	1.9943
1171	dû	95	0.0977	1.9899
1171	hĺ	95	0.0977	1.9899
1171	iν	95	0.0977	1.9899
1171	wä	95	0.0977	1.9899
1171	öy	95	0.0977	1.9899
1172	nø	94	0.0967	1.9854
1173	öu	92	0.0946	1.9759
1173	üc	92	0.0946	1.9759
1174	kü	91	0.0936	1.9713
1174	àr	91	0.0936	1.9713
1175	fø	90	0.0926	1.9666
1175	هr	90	0.0926	1.9666
1176	hó	89	0.0915	1.9614
1176	qy	89	0.0915	1.9614
1176	sه	89	0.0915	1.9614
1176	tà	89	0.0915	1.9614
1176	üb	89	0.0915	1.9614
1177	äo	85	0.0874	1.9415
1178	næ	84	0.0864	1.9365
1178	rِ	84	0.0864	1.9365
1178	vن	84	0.0864	1.9365
1179	^ú	82	0.0843	1.9258
1179	ní	82	0.0843	1.9258
1179	ì$	82	0.0843	1.9258
1179	øg	82	0.0843	1.9258
1180	eν	81	0.0833	1.9206
1180	qh	81	0.0833	1.9206
1180	wz	81	0.0833	1.9206
1180	áb	81	0.0833	1.9206
1180	âb	81	0.0833	1.9206
1181	bx	80	0.0823	1.9154
1181	ræ	80	0.0823	1.9154
1181	tĺ	80	0.0823	1.9154
1181	tν	80	0.0823	1.9154
1182	sx	79	0.0813	1.9101
1182	vw	79	0.0813	1.9101
1183	^с	78	0.0802	1.9042
1183	dن	78	0.0802	1.9042
1183	èe	78	0.0802	1.9042
1184	sà	77	0.0792	1.8987
1184	ãp	77	0.0792	1.8987
1184	õ$	77	0.0792	1.8987
1185	bü	75	0.0771	1.8871
1185	cô	75	0.0771	1.8871
1185	áz	75	0.0771	1.8871
1185	èg	75	0.0771	1.8871
1185	ĺd	75	0.0771	1.8871
1186	^õ	74	0.0761	1.8814
1187	qt	73	0.0751	1.8756
1187	íd	73	0.0751	1.8756
1188	'é	72	0.0741	1.8698
1188	iú	72	0.0741	1.8698
1188	tæ	72	0.0741	1.8698
1188	tú	72	0.0741	1.8698
1189	nú	71	0.073	1.8633
1189	âj	71	0.073	1.8633
1189	æg	71	0.073	1.8633
1190	'ä	70	0.072	1.8573
1190	eè	70	0.072	1.8573
1190	hæ	70	0.072	1.8573
1190	jz	70	0.072	1.8573
1190	oç	70	0.072	1.8573
1190	wq	70	0.072	1.8573
1190	àg	70	0.072	1.8573
1190	ãf	70	0.072	1.8573
1190	ót	70	0.072	1.8573
1190	ِk	70	0.072	1.8573
1191	hô	69	0.071	1.8513
1191	ä'	69	0.071	1.8513
1191	öä	69	0.071	1.8513
1191	هn	69	0.071	1.8513
1192	lν	68	0.0699	1.8445
1192	tq	68	0.0699	1.8445
1192	íc	68	0.0699	1.8445
1192	ïd	68	0.0699	1.8445
1192	ói	68	0.0699	1.8445
1192	ôn	68	0.0699	1.8445
1192	ù$	68	0.0699	1.8445
1193	hِ	67	0.0689	1.8382
1193	kν	67	0.0689	1.8382
1193	rن	67	0.0689	1.8382
1193	æm	67	0.0689	1.8382
1194	sæ	66	0.0679	1.8319
1194	yá	66	0.0679	1.8319
1195	^ì	65	0.0669	1.8254
1195	só	65	0.0669	1.8254
1195	âf	65	0.0669	1.8254
1195	ãc	65	0.0669	1.8254
1196	lı	64	0.0658	1.8182
1196	öw	64	0.0658	1.8182
1196	øb	64	0.0658	1.8182
1196	ü$	64	0.0658	1.8182
1196	þi	64	0.0658	1.8182
1196	ıl	64	0.0658	1.8182
1196	й$	64	0.0658	1.8182
1197	öz	63	0.0648	1.8116
1197	ĺk	63	0.0648	1.8116
1198	jن	61	0.0627	1.7973
1198	rà	61	0.0627	1.7973
1198	áp	61	0.0627	1.7973
1198	îl	61	0.0627	1.7973
1199	fx	60	0.0617	1.7903
1199	gø	60	0.0617	1.7903
1199	gه	60	0.0617	1.7903
1199	sû	60	0.0617	1.7903
1199	а$	60	0.0617	1.7903
1199	نs	60	0.0617	1.7903
1200	cú	59	0.0607	1.7832
1200	gà	59	0.0607	1.7832
1200	nه	59	0.0607	1.7832
1200	tò	59	0.0607	1.7832
1201	mà	58	0.0597	1.776
1201	nà	58	0.0597	1.776
1202	sì	57	0.0586	1.7679
1202	äy	57	0.0586	1.7679
1202	úm	57	0.0586	1.7679
1202	ý$	57	0.0586	1.7679
1203	lõ	56	0.0576	1.7604
1203	oã	56	0.0576	1.7604
1203	ët	56	0.0576	1.7604
1203	ík	56	0.0576	1.7604
1203	نl	56	0.0576	1.7604
1204	qd	55	0.0566	1.7528
1204	sè	55	0.0566	1.7528
1204	øi	55	0.0566	1.7528
1204	øt	55	0.0566	1.7528
1204	νu	55	0.0566	1.7528
1205	fه	54	0.0555	1.7443
1205	âi	54	0.0555	1.7443
1206	dî	53	0.0545	1.7364
1206	lî	53	0.0545	1.7364
1206	të	53	0.0545	1.7364
1206	î$	53	0.0545	1.7364
1206	ô$	53	0.0545	1.7364
1206	û$	53	0.0545	1.7364
1207	^š	52	0.0535	1.7284
1207	gæ	52	0.0535	1.7284
1207	gِ	52	0.0535	1.7284
1207	à-	52	0.0535	1.7284
1207	èt	52	0.0535	1.7284
1207	ím	52	0.0535	1.7284
1207	е$	52	0.0535	1.7284
1208	æt	51	0.0525	1.7202
1208	ên	51	0.0525	1.7202
1208	ñn	51	0.0525	1.7202
1209	fz	50	0.0514	1.711
1209	gè	50	0.0514	1.711
1209	kæ	50	0.0514	1.711
1209	nó	50	0.0514	1.711
1209	rú	50	0.0514	1.711
1209	sü	50	0.0514	1.711
1209	uν	50	0.0514	1.711
1209	óz	50	0.0514	1.711
1210	-é	49	0.0504	1.7024
1210	eń	49	0.0504	1.7024
1210	kí	49	0.0504	1.7024
1210	т$	49	0.0504	1.7024
1211	pq	48	0.0494	1.6937
1211	tô	48	0.0494	1.6937
1211	zö	48	0.0494	1.6937
1211	úr	48	0.0494	1.6937
1211	ši	48	0.0494	1.6937
1212	bq	47	0.0483	1.6839
1212	lن	47	0.0483	1.6839
1212	pó	47	0.0483	1.6839
1212	åx	47	0.0483	1.6839
1212	æv	47	0.0483	1.6839
1212	ív	47	0.0483	1.6839
1212	هg	47	0.0483	1.6839
1213	هt	46	0.0473	1.6749
1214	gõ	45	0.0463	1.6656
1214	jâ	45	0.0463	1.6656
1214	oν	45	0.0463	1.6656
1214	rû	45	0.0463	1.6656
1214	tõ	45	0.0463	1.6656
1214	àl	45	0.0463	1.6656
1214	ûn	45	0.0463	1.6656
1215	až	44	0.0453	1.6561
1215	qx	44	0.0453	1.6561
1215	tê	44	0.0453	1.6561
1215	ãj	44	0.0453	1.6561
1215	ën	44	0.0453	1.6561
1215	øk	44	0.0453	1.6561
1215	ša	44	0.0453	1.6561
1215	на	44	0.0453	1.6561
1216	^в	43	0.0442	1.6454
1216	dه	43	0.0442	1.6454
1216	fà	43	0.0442	1.6454
1216	nن	43	0.0442	1.6454
1217	^п	42	0.0432	1.6355
1217	tî	42	0.0432	1.6355
1217	vî	42	0.0432	1.6355
1217	ро	42	0.0432	1.6355
1217	ст	42	0.0432	1.6355
1217	نt	42	0.0432	1.6355
1218	'q	41	0.0422	1.6253
1218	aš	41	0.0422	1.6253
1218	pè	41	0.0422	1.6253
1218	äν	41	0.0422	1.6253
1218	éy	41	0.0422	1.6253
1218	ük	41	0.0422	1.6253
1219	^т	40	0.0411	1.6138
1219	^ؤ	40	0.0411	1.6138
1219	gí	40	0.0411	1.6138
1219	q'	40	0.0411	1.6138
1219	qc	40	0.0411	1.6138
1219	sن	40	0.0411	1.6138
1219	vz	40	0.0411	1.6138
1219	wå	40	0.0411	1.6138
1219	ِv	40	0.0411	1.6138
1220	^н	39	0.0401	1.6031
1220	gú	39	0.0401	1.6031
1220	và	39	0.0401	1.6031
1220	zí	39	0.0401	1.6031
1220	àt	39	0.0401	1.6031
1220	èc	39	0.0401	1.6031
1220	éä	39	0.0401	1.6031
1220	îg	39	0.0401	1.6031
1220	ñc	39	0.0401	1.6031
1220	ńo	39	0.0401	1.6031
1220	ِg	39	0.0401	1.6031
1221	''	38	0.0391	1.5922
1221	aç	38	0.0391	1.5922
1221	fæ	38	0.0391	1.5922
1221	kن	38	0.0391	1.5922
1221	où	38	0.0391	1.5922
1221	ác	38	0.0391	1.5922
1221	âa	38	0.0391	1.5922
1221	ö'	38	0.0391	1.5922
1221	и$	38	0.0391	1.5922
1221	نv	38	0.0391	1.5922
1222	aü	37	0.0381	1.5809
1222	dæ	37	0.0381	1.5809
1222	eı	37	0.0381	1.5809
1222	vه	37	0.0381	1.5809
1222	wx	37	0.0381	1.5809
1222	áh	37	0.0381	1.5809
1222	ê$	37	0.0381	1.5809
1222	ód	37	0.0381	1.5809
1222	õs	37	0.0381	1.5809
1222	ı$	37	0.0381	1.5809
1222	ıa	37	0.0381	1.5809
1223	'å	36	0.037	1.5682
1223	bó	36	0.037	1.5682
1223	iâ	36	0.037	1.5682
1223	tن	36	0.037	1.5682
1223	ой	36	0.037	1.5682
1223	ь$	36	0.037	1.5682
1224	lه	35	0.036	1.5563
1224	mه	35	0.036	1.5563
1224	nõ	35	0.036	1.5563
1224	ql	35	0.036	1.5563
1224	ет	35	0.036	1.5563
1225	bí	33	0.0339	1.5302
1225	hà	33	0.0339	1.5302
1225	uð	33	0.0339	1.5302
1225	áj	33	0.0339	1.5302
1225	ïs	33	0.0339	1.5302
1225	ób	33	0.0339	1.5302
1225	هs	33	0.0339	1.5302
1226	lú	32	0.0329	1.5172
1226	mê	32	0.0329	1.5172
1226	wü	32	0.0329	1.5172
1226	xä	32	0.0329	1.5172
1226	yú	32	0.0329	1.5172
1226	ße	32	0.0329	1.5172
1226	од	32	0.0329	1.5172
1226	я$	32	0.0329	1.5172
1227	dà	31	0.0319	1.5038
1227	pø	31	0.0319	1.5038
1227	qp	31	0.0319	1.5038
1227	õi	31	0.0319	1.5038
1227	øf	31	0.0319	1.5038
1227	о$	31	0.0319	1.5038
1227	نg	31	0.0319	1.5038
1228	rõ	30	0.0309	1.49
1228	âc	30	0.0309	1.49
1228	õt	30	0.0309	1.49
1228	õv	30	0.0309	1.49
1228	та	30	0.0309	1.49
1229	dø	29	0.0298	1.4742
1229	kó	29	0.0298	1.4742
1229	ðn	29	0.0298	1.4742
1229	ók	29	0.0298	1.4742
1230	^г	28	0.0288	1.4594
1230	bè	28	0.0288	1.4594
1230	cè	28	0.0288	1.4594
1230	fý	28	0.0288	1.4594
1230	rه	28	0.0288	1.4594
1230	yü	28	0.0288	1.4594
1230	zä	28	0.0288	1.4594
1230	åy	28	0.0288	1.4594
1230	ıi	28	0.0288	1.4594
1230	š$	28	0.0288	1.4594
1230	го	28	0.0288	1.4594
1230	هl	28	0.0288	1.4594
1231	'ö	27	0.0278	1.444
1231	^ô	27	0.0278	1.444
1231	^û	27	0.0278	1.444
1231	hí	27	0.0278	1.444
1231	jû	27	0.0278	1.444
1231	lô	27	0.0278	1.444
1231	wö	27	0.0278	1.444
1231	æd	27	0.0278	1.444
1231	îc	27	0.0278	1.444
1231	úa	27	0.0278	1.444
1231	út	27	0.0278	1.444
1231	žo	27	0.0278	1.444
1231	не	27	0.0278	1.444
1232	bن	26	0.0267	1.4265
1232	fí	26	0.0267	1.4265
1232	hõ	26	0.0267	1.4265
1232	oî	26	0.0267	1.4265
1232	vý	26	0.0267	1.4265
1232	yè	26	0.0267	1.4265
1232	úk	26	0.0267	1.4265
1232	но	26	0.0267	1.4265
1232	ре	26	0.0267	1.4265
1232	ю$	26	0.0267	1.4265
1233	fê	25	0.0257	1.4099
1233	iı	25	0.0257	1.4099
1233	êv	25	0.0257	1.4099
1233	ôr	25	0.0257	1.4099
1233	øc	25	0.0257	1.4099
1233	ть	25	0.0257	1.4099
1234	^б	24	0.0247	1.3927
1234	aâ	24	0.0247	1.3927
1234	dõ	24	0.0247	1.3927
1234	mî	24	0.0247	1.3927
1234	ný	24	0.0247	1.3927
1234	oâ	24	0.0247	1.3927
1234	oï	24	0.0247	1.3927
1234	às	24	0.0247	1.3927
1234	ââ	24	0.0247	1.3927
1234	óa	24	0.0247	1.3927
1234	øp	24	0.0247	1.3927
1234	ûm	24	0.0247	1.3927
1234	üi	24	0.0247	1.3927
1234	по	24	0.0247	1.3927
1235	^ه	23	0.0237	1.3747
1235	bú	23	0.0237	1.3747
1235	cä	23	0.0237	1.3747
1235	kِ	23	0.0237	1.3747
1235	qn	23	0.0237	1.3747
1235	tû	23	0.0237	1.3747
1235	äı	23	0.0237	1.3747
1235	îr	23	0.0237	1.3747
1235	ıe	23	0.0237	1.3747
1235	νs	23	0.0237	1.3747
1235	ко	23	0.0237	1.3747
1235	ؤn	23	0.0237	1.3747
1236	^ê	22	0.0226	1.3541
1236	nî	22	0.0226	1.3541
1236	ãe	22	0.0226	1.3541
1236	æ$	22	0.0226	1.3541
1236	ï$	22	0.0226	1.3541
1236	ów	22	0.0226	1.3541
1236	új	22	0.0226	1.3541
1236	ža	22	0.0226	1.3541
1236	νl	22	0.0226	1.3541
1236	νo	22	0.0226	1.3541
1236	у$	22	0.0226	1.3541
1237	^ı	21	0.0216	1.3345
1237	^з	21	0.0216	1.3345
1237	^и	21	0.0216	1.3345
1237	^к	21	0.0216	1.3345
1237	^р	21	0.0216	1.3345
1237	bõ	21	0.0216	1.3345
1237	fô	21	0.0216	1.3345
1237	oš	21	0.0216	1.3345
1237	uš	21	0.0216	1.3345
1237	íe	21	0.0216	1.3345
1237	óv	21	0.0216	1.3345
1237	ú-	21	0.0216	1.3345
1238	dë	20	0.0206	1.3139
1238	hه	20	0.0206	1.3139
1238	sõ	20	0.0206	1.3139
1238	vq	20	0.0206	1.3139
1238	zú	20	0.0206	1.3139
1238	äî	20	0.0206	1.3139
1238	éx	20	0.0206	1.3139
1238	íb	20	0.0206	1.3139
1238	îs	20	0.0206	1.3139
1238	ñr	20	0.0206	1.3139
1238	óh	20	0.0206	1.3139
1238	úd	20	0.0206	1.3139
1238	ер	20	0.0206	1.3139
1238	ло	20	0.0206	1.3139
1238	ор	20	0.0206	1.3139
1238	от	20	0.0206	1.3139
1239	^č	19	0.0195	1.29
1239	^у	19	0.0195	1.29
1239	bê	19	0.0195	1.29
1239	iþ	19	0.0195	1.29
1239	ký	19	0.0195	1.29
1239	uó	19	0.0195	1.29
1239	áe	19	0.0195	1.29
1239	ìe	19	0.0195	1.29
1239	ìn	19	0.0195	1.29
1239	õk	19	0.0195	1.29
1239	õl	19	0.0195	1.29
1239	ńa	19	0.0195	1.29
1239	ин	19	0.0195	1.29
1239	ни	19	0.0195	1.29
1239	че	19	0.0195	1.29
1240	'z	18	0.0185	1.2672
1240	^þ	18	0.0185	1.2672
1240	^о	18	0.0185	1.2672
1240	^ِ	18	0.0185	1.2672
1240	aı	18	0.0185	1.2672
1240	fq	18	0.0185	1.2672
1240	fñ	18	0.0185	1.2672
1240	kq	18	0.0185	1.2672
1240	mæ	18	0.0185	1.2672
1240	uâ	18	0.0185	1.2672
1240	yó	18	0.0185	1.2672
1240	â'	18	0.0185	1.2672
1240	êm	18	0.0185	1.2672
1240	ñ$	18	0.0185	1.2672
1240	ÿ$	18	0.0185	1.2672
1240	νr	18	0.0185	1.2672
1240	ая	18	0.0185	1.2672
1240	ка	18	0.0185	1.2672
1240	си	18	0.0185	1.2672
1240	ск	18	0.0185	1.2672
1240	ый	18	0.0185	1.2672
1240	ِn	18	0.0185	1.2672
1241	-à	17	0.0175	1.243
1241	^м	17	0.0175	1.243
1241	aß	17	0.0175	1.243
1241	bĺ	17	0.0175	1.243
1241	dô	17	0.0175	1.243
1241	iç	17	0.0175	1.243
1241	mù	17	0.0175	1.243
1241	nê	17	0.0175	1.243
1241	pí	17	0.0175	1.243
1241	rî	17	0.0175	1.243
1241	ºc	17	0.0175	1.243
1241	á-	17	0.0175	1.243
1241	ês	17	0.0175	1.243
1241	õd	17	0.0175	1.243
1241	úg	17	0.0175	1.243
1241	üa	17	0.0175	1.243
1241	д$	17	0.0175	1.243
1241	ом	17	0.0175	1.243
1242	^ă	16	0.0165	1.2175
1242	^β	16	0.0165	1.2175
1242	aþ	16	0.0165	1.2175
1242	cã	16	0.0165	1.2175
1242	eá	16	0.0165	1.2175
1242	eü	16	0.0165	1.2175
1242	jx	16	0.0165	1.2175
1242	lò	16	0.0165	1.2175
1242	lِ	16	0.0165	1.2175
1242	pê	16	0.0165	1.2175
1242	qj	16	0.0165	1.2175
1242	âo	16	0.0165	1.2175
1242	äö	16	0.0165	1.2175
1242	åw	16	0.0165	1.2175
1242	ïc	16	0.0165	1.2175
1242	ñl	16	0.0165	1.2175
1242	òn	16	0.0165	1.2175
1242	úp	16	0.0165	1.2175
1242	ве	16	0.0165	1.2175
1242	ны	16	0.0165	1.2175
1243	bِ	15	0.0154	1.1875
1243	eò	15	0.0154	1.1875
1243	eþ	15	0.0154	1.1875
1243	lа	15	0.0154	1.1875
1243	zå	15	0.0154	1.1875
1243	îä	15	0.0154	1.1875
1243	ñò	15	0.0154	1.1875
1243	ñó	15	0.0154	1.1875
1243	ôp	15	0.0154	1.1875
1243	ùi	15	0.0154	1.1875
1243	ĺh	15	0.0154	1.1875
1243	še	15	0.0154	1.1875
1243	že	15	0.0154	1.1875
1243	βе	15	0.0154	1.1875
1243	ан	15	0.0154	1.1875
1243	де	15	0.0154	1.1875
1243	еl	15	0.0154	1.1875
1243	уo	15	0.0154	1.1875
1244	^ï	14	0.0144	1.1584
1244	^ч	14	0.0144	1.1584
1244	dν	14	0.0144	1.1584
1244	iß	14	0.0144	1.1584
1244	pü	14	0.0144	1.1584
1244	rò	14	0.0144	1.1584
1244	sِ	14	0.0144	1.1584
1244	æb	14	0.0144	1.1584
1244	îm	14	0.0144	1.1584
1244	ñi	14	0.0144	1.1584
1244	òo	14	0.0144	1.1584
1244	úc	14	0.0144	1.1584
1244	ăr	14	0.0144	1.1584
1244	čs	14	0.0144	1.1584
1244	ад	14	0.0144	1.1584
1244	ак	14	0.0144	1.1584
1244	вс	14	0.0144	1.1584
1244	ес	14	0.0144	1.1584
1244	мо	14	0.0144	1.1584
1244	ра	14	0.0144	1.1584
1244	то	14	0.0144	1.1584
1244	чи	14	0.0144	1.1584
1244	ؤr	14	0.0144	1.1584
1244	نd	14	0.0144	1.1584
1244	نk	14	0.0144	1.1584
1245	'è	13	0.0134	1.1271
1245	mе	13	0.0134	1.1271
1245	nν	13	0.0134	1.1271
1245	së	13	0.0134	1.1271
1245	yí	13	0.0134	1.1271
1245	ãb	13	0.0134	1.1271
1245	ìa	13	0.0134	1.1271
1245	ìi	13	0.0134	1.1271
1245	ïm	13	0.0134	1.1271
1245	úú	13	0.0134	1.1271
1245	üm	13	0.0134	1.1271
1245	ýt	13	0.0134	1.1271
1245	þe	13	0.0134	1.1271
1245	ıt	13	0.0134	1.1271
1245	ал	13	0.0134	1.1271
1245	ва	13	0.0134	1.1271
1245	ий	13	0.0134	1.1271
1245	ки	13	0.0134	1.1271
1245	ль	13	0.0134	1.1271
1245	м$	13	0.0134	1.1271
1245	ол	13	0.0134	1.1271
1245	ою	13	0.0134	1.1271
1245	х$	13	0.0134	1.1271
1245	هd	13	0.0134	1.1271
1246	^ð	12	0.0123	1.0899
1246	^д	12	0.0123	1.0899
1246	cå	12	0.0123	1.0899
1246	dÿ	12	0.0123	1.0899
1246	eë	12	0.0123	1.0899
1246	fن	12	0.0123	1.0899
1246	iù	12	0.0123	1.0899
1246	iü	12	0.0123	1.0899
1246	jú	12	0.0123	1.0899
1246	kı	12	0.0123	1.0899
1246	mن	12	0.0123	1.0899
1246	ož	12	0.0123	1.0899
1246	rð	12	0.0123	1.0899
1246	sî	12	0.0123	1.0899
1246	tه	12	0.0123	1.0899
1246	xq	12	0.0123	1.0899
1246	xì	12	0.0123	1.0899
1246	yâ	12	0.0123	1.0899
1246	â-	12	0.0123	1.0899
1246	äå	12	0.0123	1.0899
1246	æf	12	0.0123	1.0899
1246	éq	12	0.0123	1.0899
1246	éö	12	0.0123	1.0899
1246	ðu	12	0.0123	1.0899
1246	õn	12	0.0123	1.0899
1246	ýr	12	0.0123	1.0899
1246	во	12	0.0123	1.0899
1246	да	12	0.0123	1.0899
1246	до	12	0.0123	1.0899
1246	ее	12	0.0123	1.0899
1246	ел	12	0.0123	1.0899
1246	ле	12	0.0123	1.0899
1246	н$	12	0.0123	1.0899
1246	р$	12	0.0123	1.0899
1246	ши	12	0.0123	1.0899
1247	'ê	11	0.0113	1.0531
1247	^ε	11	0.0113	1.0531
1247	^ﬂ	11	0.0113	1.0531
1247	aã	11	0.0113	1.0531
1247	cò	11	0.0113	1.0531
1247	eí	11	0.0113	1.0531
1247	lê	11	0.0113	1.0531
1247	lο	11	0.0113	1.0531
1247	mò	11	0.0113	1.0531
1247	mû	11	0.0113	1.0531
1247	pú	11	0.0113	1.0531
1247	qü	11	0.0113	1.0531
1247	vó	11	0.0113	1.0531
1247	ào	11	0.0113	1.0531
1247	áš	11	0.0113	1.0531
1247	âö	11	0.0113	1.0531
1247	âž	11	0.0113	1.0531
1247	åν	11	0.0113	1.0531
1247	èb	11	0.0113	1.0531
1247	é'	11	0.0113	1.0531
1247	íz	11	0.0113	1.0531
1247	ó-	11	0.0113	1.0531
1247	óo	11	0.0113	1.0531
1247	ôv	11	0.0113	1.0531
1247	ýg	11	0.0113	1.0531
1247	ćs	11	0.0113	1.0531
1247	šš	11	0.0113	1.0531
1247	ži	11	0.0113	1.0531
1247	οr	11	0.0113	1.0531
1247	бо	11	0.0113	1.0531
1247	еѕ	11	0.0113	1.0531
1247	ил	11	0.0113	1.0531
1247	ов	11	0.0113	1.0531
1247	ос	11	0.0113	1.0531
1247	тр	11	0.0113	1.0531
1247	نm	11	0.0113	1.0531
1248	'â	10	0.0103	1.0128
1248	^а	10	0.0103	1.0128
1248	^л	10	0.0103	1.0128
1248	dž	10	0.0103	1.0128
1248	hú	10	0.0103	1.0128
1248	rý	10	0.0103	1.0128
1248	wø	10	0.0103	1.0128
1248	zõ	10	0.0103	1.0128
1248	àd	10	0.0103	1.0128
1248	àë	10	0.0103	1.0128
1248	àò	10	0.0103	1.0128
1248	áa	10	0.0103	1.0128
1248	áx	10	0.0103	1.0128
1248	ãa	10	0.0103	1.0128
1248	ãx	10	0.0103	1.0128
1248	äà	10	0.0103	1.0128
1248	äè	10	0.0103	1.0128
1248	åí	10	0.0103	1.0128
1248	åù	10	0.0103	1.0128
1248	éâ	10	0.0103	1.0128
1248	íf	10	0.0103	1.0128
1248	íè	10	0.0103	1.0128
1248	îð	10	0.0103	1.0128
1248	îò	10	0.0103	1.0128
1248	îþ	10	0.0103	1.0128
1248	òà	10	0.0103	1.0128
1248	òî	10	0.0103	1.0128
1248	ôl	10	0.0103	1.0128
1248	õz	10	0.0103	1.0128
1248	üo	10	0.0103	1.0128
1248	žr	10	0.0103	1.0128
1248	νg	10	0.0103	1.0128
1248	νt	10	0.0103	1.0128
1248	ар	10	0.0103	1.0128
1248	бу	10	0.0103	1.0128
1248	еn	10	0.0103	1.0128
1248	зн	10	0.0103	1.0128
1248	ид	10	0.0103	1.0128
1248	ла	10	0.0103	1.0128
1248	мн	10	0.0103	1.0128
1248	с$	10	0.0103	1.0128
1248	ти	10	0.0103	1.0128
1248	ѕm	10	0.0103	1.0128
1248	هk	10	0.0103	1.0128
1249	-ê	9	0.0093	0.9685
1249	cà	9	0.0093	0.9685
1249	cö	9	0.0093	0.9685
1249	eç	9	0.0093	0.9685
1249	gê	9	0.0093	0.9685
1249	ià	9	0.0093	0.9685
1249	lë	9	0.0093	0.9685
1249	nô	9	0.0093	0.9685
1249	nе	9	0.0093	0.9685
1249	oí	9	0.0093	0.9685
1249	oû	9	0.0093	0.9685
1249	oü	9	0.0093	0.9685
1249	qz	9	0.0093	0.9685
1249	rе	9	0.0093	0.9685
1249	sê	9	0.0093	0.9685
1249	tِ	9	0.0093	0.9685
1249	uç	9	0.0093	0.9685
1249	uı	9	0.0093	0.9685
1249	vè	9	0.0093	0.9685
1249	vı	9	0.0093	0.9685
1249	áu	9	0.0093	0.9685
1249	áá	9	0.0093	0.9685
1249	ãƒ	9	0.0093	0.9685
1249	çz	9	0.0093	0.9685
1249	çã	9	0.0093	0.9685
1249	èj	9	0.0093	0.9685
1249	èz	9	0.0093	0.9685
1249	ìo	9	0.0093	0.9685
1249	ñs	9	0.0093	0.9685
1249	ñu	9	0.0093	0.9685
1249	õb	9	0.0093	0.9685
1249	ûk	9	0.0093	0.9685
1249	œu	9	0.0093	0.9685
1249	ав	9	0.0093	0.9685
1249	в$	9	0.0093	0.9685
1249	дн	9	0.0093	0.9685
1249	ен	9	0.0093	0.9685
1249	за	9	0.0093	0.9685
1249	ит	9	0.0093	0.9685
1249	йн	9	0.0093	0.9685
1249	кр	9	0.0093	0.9685
1249	ме	9	0.0093	0.9685
1249	ог	9	0.0093	0.9685
1249	пр	9	0.0093	0.9685
1249	ِp	9	0.0093	0.9685
1249	ِs	9	0.0093	0.9685
1249	ِt	9	0.0093	0.9685
1250	^ý	8	0.0082	0.9138
1250	câ	8	0.0082	0.9138
1250	dê	8	0.0082	0.9138
1250	eâ	8	0.0082	0.9138
1250	iæ	8	0.0082	0.9138
1250	iû	8	0.0082	0.9138
1250	jq	8	0.0082	0.9138
1250	kĺ	8	0.0082	0.9138
1250	lі	8	0.0082	0.9138
1250	qm	8	0.0082	0.9138
1250	ài	8	0.0082	0.9138
1250	áf	8	0.0082	0.9138
1250	äw	8	0.0082	0.9138
1250	êc	8	0.0082	0.9138
1250	ër	8	0.0082	0.9138
1250	îd	8	0.0082	0.9138
1250	îv	8	0.0082	0.9138
1250	ïa	8	0.0082	0.9138
1250	ïl	8	0.0082	0.9138
1250	ïn	8	0.0082	0.9138
1250	óg	8	0.0082	0.9138
1250	öq	8	0.0082	0.9138
1250	ûc	8	0.0082	0.9138
1250	ût	8	0.0082	0.9138
1250	œ$	8	0.0082	0.9138
1250	νd	8	0.0082	0.9138
1250	νf	8	0.0082	0.9138
1250	νh	8	0.0082	0.9138
1250	οo	8	0.0082	0.9138
1250	οw	8	0.0082	0.9138
1250	аr	8	0.0082	0.9138
1250	ат	8	0.0082	0.9138
1250	ви	8	0.0082	0.9138
1250	еб	8	0.0082	0.9138
1250	ев	8	0.0082	0.9138
1250	ем	8	0.0082	0.9138
1250	ок	8	0.0082	0.9138
1250	пе	8	0.0082	0.9138
1250	се	8	0.0082	0.9138
1250	те	8	0.0082	0.9138
1250	тн	8	0.0082	0.9138
1250	тс	8	0.0082	0.9138
1250	نf	8	0.0082	0.9138
1250	نx	8	0.0082	0.9138
1251	'œ	7	0.0072	0.8573
1251	-á	7	0.0072	0.8573
1251	aê	7	0.0072	0.8573
1251	ań	7	0.0072	0.8573
1251	cü	7	0.0072	0.8573
1251	eã	7	0.0072	0.8573
1251	fú	7	0.0072	0.8573
1251	gù	7	0.0072	0.8573
1251	gο	7	0.0072	0.8573
1251	hý	7	0.0072	0.8573
1251	iê	7	0.0072	0.8573
1251	iõ	7	0.0072	0.8573
1251	iø	7	0.0072	0.8573
1251	iš	7	0.0072	0.8573
1251	kî	7	0.0072	0.8573
1251	mì	7	0.0072	0.8573
1251	në	7	0.0072	0.8573
1251	nñ	7	0.0072	0.8573
1251	pñ	7	0.0072	0.8573
1251	pô	7	0.0072	0.8573
1251	uþ	7	0.0072	0.8573
1251	võ	7	0.0072	0.8573
1251	vø	7	0.0072	0.8573
1251	zã	7	0.0072	0.8573
1251	äz	7	0.0072	0.8573
1251	åé	7	0.0072	0.8573
1251	æp	7	0.0072	0.8573
1251	èå	7	0.0072	0.8573
1251	êr	7	0.0072	0.8573
1251	ë-	7	0.0072	0.8573
1251	ës	7	0.0072	0.8573
1251	îf	7	0.0072	0.8573
1251	ð$	7	0.0072	0.8573
1251	òs	7	0.0072	0.8573
1251	õm	7	0.0072	0.8573
1251	úb	7	0.0072	0.8573
1251	ûi	7	0.0072	0.8573
1251	ýb	7	0.0072	0.8573
1251	ýl	7	0.0072	0.8573
1251	ıs	7	0.0072	0.8573
1251	νν	7	0.0072	0.8573
1251	аn	7	0.0072	0.8573
1251	ам	7	0.0072	0.8573
1251	бе	7	0.0072	0.8573
1251	гр	7	0.0072	0.8573
1251	ие	7	0.0072	0.8573
1251	им	7	0.0072	0.8573
1251	к$	7	0.0072	0.8573
1251	ма	7	0.0072	0.8573
1251	ми	7	0.0072	0.8573
1251	об	7	0.0072	0.8573
1251	па	7	0.0072	0.8573
1251	ри	7	0.0072	0.8573
1251	са	7	0.0072	0.8573
1251	сь	7	0.0072	0.8573
1251	ты	7	0.0072	0.8573
1251	ьн	7	0.0072	0.8573
1251	نc	7	0.0072	0.8573
1251	ِj	7	0.0072	0.8573
1252	'à	6	0.0062	0.7924
1252	^ž	6	0.0062	0.7924
1252	^μ	6	0.0062	0.7924
1252	^ф	6	0.0062	0.7924
1252	^я	6	0.0062	0.7924
1252	aá	6	0.0062	0.7924
1252	cù	6	0.0062	0.7924
1252	dِ	6	0.0062	0.7924
1252	eà	6	0.0062	0.7924
1252	eú	6	0.0062	0.7924
1252	fë	6	0.0062	0.7924
1252	fó	6	0.0062	0.7924
1252	gò	6	0.0062	0.7924
1252	hî	6	0.0062	0.7924
1252	hñ	6	0.0062	0.7924
1252	ië	6	0.0062	0.7924
1252	kه	6	0.0062	0.7924
1252	mõ	6	0.0062	0.7924
1252	mú	6	0.0062	0.7924
1252	nþ	6	0.0062	0.7924
1252	oı	6	0.0062	0.7924
1252	oĺ	6	0.0062	0.7924
1252	qf	6	0.0062	0.7924
1252	rë	6	0.0062	0.7924
1252	rі	6	0.0062	0.7924
1252	uã	6	0.0062	0.7924
1252	vú	6	0.0062	0.7924
1252	zè	6	0.0062	0.7924
1252	àb	6	0.0062	0.7924
1252	àm	6	0.0062	0.7924
1252	âã	6	0.0062	0.7924
1252	äq	6	0.0062	0.7924
1252	äñ	6	0.0062	0.7924
1252	æi	6	0.0062	0.7924
1252	ç$	6	0.0062	0.7924
1252	èp	6	0.0062	0.7924
1252	éå	6	0.0062	0.7924
1252	ìå	6	0.0062	0.7924
1252	ða	6	0.0062	0.7924
1252	ñk	6	0.0062	0.7924
1252	òr	6	0.0062	0.7924
1252	óc	6	0.0062	0.7924
1252	óf	6	0.0062	0.7924
1252	õg	6	0.0062	0.7924
1252	õj	6	0.0062	0.7924
1252	øu	6	0.0062	0.7924
1252	úh	6	0.0062	0.7924
1252	úz	6	0.0062	0.7924
1252	üz	6	0.0062	0.7924
1252	ýd	6	0.0062	0.7924
1252	ýs	6	0.0062	0.7924
1252	þó	6	0.0062	0.7924
1252	ık	6	0.0062	0.7924
1252	ıä	6	0.0062	0.7924
1252	št	6	0.0062	0.7924
1252	šá	6	0.0062	0.7924
1252	νm	6	0.0062	0.7924
1252	аб	6	0.0062	0.7924
1252	ас	6	0.0062	0.7924
1252	аю	6	0.0062	0.7924
1252	б$	6	0.0062	0.7924
1252	гд	6	0.0062	0.7924
1252	ды	6	0.0062	0.7924
1252	дя	6	0.0062	0.7924
1252	ег	6	0.0062	0.7924
1252	ез	6	0.0062	0.7924
1252	еп	6	0.0062	0.7924
1252	еч	6	0.0062	0.7924
1252	ис	6	0.0062	0.7924
1252	их	6	0.0062	0.7924
1252	иш	6	0.0062	0.7924
1252	ля	6	0.0062	0.7924
1252	нн	6	0.0062	0.7924
1252	пу	6	0.0062	0.7924
1252	сh	6	0.0062	0.7924
1252	св	6	0.0062	0.7924
1252	тa	6	0.0062	0.7924
1252	уд	6	0.0062	0.7924
1252	ус	6	0.0062	0.7924
1252	ы$	6	0.0062	0.7924
1252	ыр	6	0.0062	0.7924
1252	ых	6	0.0062	0.7924
1252	ют	6	0.0062	0.7924
1252	ят	6	0.0062	0.7924
1252	ѕ$	6	0.0062	0.7924
1252	іе	6	0.0062	0.7924
1253	-с	5	0.0051	0.7076
1253	^ш	5	0.0051	0.7076
1253	^إ	5	0.0051	0.7076
1253	^ව	5	0.0051	0.7076
1253	aу	5	0.0051	0.7076
1253	bà	5	0.0051	0.7076
1253	bı	5	0.0051	0.7076
1253	bу	5	0.0051	0.7076
1253	dì	5	0.0051	0.7076
1253	dý	5	0.0051	0.7076
1253	ež	5	0.0051	0.7076
1253	hа	5	0.0051	0.7076
1253	ið	5	0.0051	0.7076
1253	iò	5	0.0051	0.7076
1253	i̇	5	0.0051	0.7076
1253	lû	5	0.0051	0.7076
1253	oó	5	0.0051	0.7076
1253	pæ	5	0.0051	0.7076
1253	qg	5	0.0051	0.7076
1253	sﬂ	5	0.0051	0.7076
1253	uœ	5	0.0051	0.7076
1253	xé	5	0.0051	0.7076
1253	yê	5	0.0051	0.7076
1253	zì	5	0.0051	0.7076
1253	à'	5	0.0051	0.7076
1253	àí	5	0.0051	0.7076
1253	àñ	5	0.0051	0.7076
1253	áå	5	0.0051	0.7076
1253	âx	5	0.0051	0.7076
1253	ãi	5	0.0051	0.7076
1253	ãž	5	0.0051	0.7076
1253	åì	5	0.0051	0.7076
1253	åò	5	0.0051	0.7076
1253	åı	5	0.0051	0.7076
1253	çu	5	0.0051	0.7076
1253	çà	5	0.0051	0.7076
1253	èf	5	0.0051	0.7076
1253	èh	5	0.0051	0.7076
1253	èä	5	0.0051	0.7076
1253	èì	5	0.0051	0.7076
1253	èÿ	5	0.0051	0.7076
1253	éñ	5	0.0051	0.7076
1253	êl	5	0.0051	0.7076
1253	ëe	5	0.0051	0.7076
1253	ëà	5	0.0051	0.7076
1253	ëå	5	0.0051	0.7076
1253	íp	5	0.0051	0.7076
1253	íq	5	0.0051	0.7076
1253	íà	5	0.0051	0.7076
1253	íå	5	0.0051	0.7076
1253	îe	5	0.0051	0.7076
1253	îá	5	0.0051	0.7076
1253	îñ	5	0.0051	0.7076
1253	ïr	5	0.0051	0.7076
1253	ïï	5	0.0051	0.7076
1253	ðm	5	0.0051	0.7076
1253	ðî	5	0.0051	0.7076
1253	ñà	5	0.0051	0.7076
1253	ñå	5	0.0051	0.7076
1253	òä	5	0.0051	0.7076
1253	òå	5	0.0051	0.7076
1253	óe	5	0.0051	0.7076
1253	óx	5	0.0051	0.7076
1253	öå	5	0.0051	0.7076
1253	ùå	5	0.0051	0.7076
1253	ùî	5	0.0051	0.7076
1253	ú'	5	0.0051	0.7076
1253	úf	5	0.0051	0.7076
1253	úä	5	0.0051	0.7076
1253	ûb	5	0.0051	0.7076
1253	ûz	5	0.0051	0.7076
1253	üj	5	0.0051	0.7076
1253	üv	5	0.0051	0.7076
1253	ýn	5	0.0051	0.7076
1253	þ$	5	0.0051	0.7076
1253	ın	5	0.0051	0.7076
1253	ıp	5	0.0051	0.7076
1253	ĺe	5	0.0051	0.7076
1253	ĺm	5	0.0051	0.7076
1253	ĺv	5	0.0051	0.7076
1253	žž	5	0.0051	0.7076
1253	аг	5	0.0051	0.7076
1253	аз	5	0.0051	0.7076
1253	ах	5	0.0051	0.7076
1253	бы	5	0.0051	0.7076
1253	вы	5	0.0051	0.7076
1253	еt	5	0.0051	0.7076
1253	ед	5	0.0051	0.7076
1253	ое	5	0.0051	0.7076
1253	оч	5	0.0051	0.7076
1253	сl	5	0.0051	0.7076
1253	со	5	0.0051	0.7076
1253	сс	5	0.0051	0.7076
1253	уe	5	0.0051	0.7076
1253	نp	5	0.0051	0.7076
1253	වා	5	0.0051	0.7076
1253	වේ	5	0.0051	0.7076
1253	ා$	5	0.0051	0.7076
1253	ේව	5	0.0051	0.7076
1253	ﬂu	5	0.0051	0.7076
1253	ﬂy	5	0.0051	0.7076
1254	-â	4	0.0041	0.6128
1254	^µ	4	0.0041	0.6128
1254	^ò	4	0.0041	0.6128
1254	^ι	4	0.0041	0.6128
1254	^е	4	0.0041	0.6128
1254	^ж	4	0.0041	0.6128
1254	^х	4	0.0041	0.6128
1254	^ц	4	0.0041	0.6128
1254	^ආ	4	0.0041	0.6128
1254	ač	4	0.0041	0.6128
1254	aμ	4	0.0041	0.6128
1254	eр	4	0.0041	0.6128
1254	fî	4	0.0041	0.6128
1254	fò	4	0.0041	0.6128
1254	gî	4	0.0041	0.6128
1254	gñ	4	0.0041	0.6128
1254	gı	4	0.0041	0.6128
1254	hê	4	0.0041	0.6128
1254	hë	4	0.0041	0.6128
1254	jè	4	0.0041	0.6128
1254	jí	4	0.0041	0.6128
1254	kà	4	0.0041	0.6128
1254	kè	4	0.0041	0.6128
1254	kõ	4	0.0041	0.6128
1254	mô	4	0.0041	0.6128
1254	mу	4	0.0041	0.6128
1254	nº	4	0.0041	0.6128
1254	nа	4	0.0041	0.6128
1254	oð	4	0.0041	0.6128
1254	pı	4	0.0041	0.6128
1254	qö	4	0.0041	0.6128
1254	sı	4	0.0041	0.6128
1254	sο	4	0.0041	0.6128
1254	uè	4	0.0041	0.6128
1254	uò	4	0.0041	0.6128
1254	uü	4	0.0041	0.6128
1254	wá	4	0.0041	0.6128
1254	zâ	4	0.0041	0.6128
1254	zû	4	0.0041	0.6128
1254	ºº	4	0.0041	0.6128
1254	àk	4	0.0041	0.6128
1254	àv	4	0.0041	0.6128
1254	á'	4	0.0041	0.6128
1254	ãö	4	0.0041	0.6128
1254	åá	4	0.0041	0.6128
1254	æh	4	0.0041	0.6128
1254	çe	4	0.0041	0.6128
1254	çh	4	0.0041	0.6128
1254	ïe	4	0.0041	0.6128
1254	ït	4	0.0041	0.6128
1254	ðr	4	0.0041	0.6128
1254	ðà	4	0.0041	0.6128
1254	ñt	4	0.0041	0.6128
1254	ñx	4	0.0041	0.6128
1254	ñy	4	0.0041	0.6128
1254	òi	4	0.0041	0.6128
1254	õ-	4	0.0041	0.6128
1254	õa	4	0.0041	0.6128
1254	õp	4	0.0041	0.6128
1254	öß	4	0.0041	0.6128
1254	øa	4	0.0041	0.6128
1254	øw	4	0.0041	0.6128
1254	ùn	4	0.0041	0.6128
1254	úe	4	0.0041	0.6128
1254	úv	4	0.0041	0.6128
1254	ü-	4	0.0041	0.6128
1254	þã	4	0.0041	0.6128
1254	če	4	0.0041	0.6128
1254	ıå	4	0.0041	0.6128
1254	ıö	4	0.0041	0.6128
1254	šn	4	0.0041	0.6128
1254	žn	4	0.0041	0.6128
1254	ƒ$	4	0.0041	0.6128
1254	εl	4	0.0041	0.6128
1254	ιr	4	0.0041	0.6128
1254	νk	4	0.0041	0.6128
1254	ай	4	0.0041	0.6128
1254	аш	4	0.0041	0.6128
1254	д-	4	0.0041	0.6128
1254	ди	4	0.0041	0.6128
1254	жа	4	0.0041	0.6128
1254	жн	4	0.0041	0.6128
1254	жу	4	0.0041	0.6128
1254	з$	4	0.0041	0.6128
1254	зд	4	0.0041	0.6128
1254	иж	4	0.0041	0.6128
1254	ич	4	0.0041	0.6128
1254	кл	4	0.0041	0.6128
1254	ли	4	0.0041	0.6128
1254	лу	4	0.0041	0.6128
1254	лю	4	0.0041	0.6128
1254	мл	4	0.0041	0.6128
1254	мы	4	0.0041	0.6128
1254	ню	4	0.0041	0.6128
1254	ож	4	0.0041	0.6128
1254	он	4	0.0041	0.6128
1254	рд	4	0.0041	0.6128
1254	рк	4	0.0041	0.6128
1254	см	4	0.0041	0.6128
1254	сп	4	0.0041	0.6128
1254	ул	4	0.0041	0.6128
1254	ую	4	0.0041	0.6128
1254	фа	4	0.0041	0.6128
1254	хи	4	0.0041	0.6128
1254	хл	4	0.0041	0.6128
1254	ча	4	0.0041	0.6128
1254	ше	4	0.0041	0.6128
1254	ще	4	0.0041	0.6128
1254	эт	4	0.0041	0.6128
1254	іn	4	0.0041	0.6128
1254	ِm	4	0.0041	0.6128
1254	ආය	4	0.0041	0.6128
1254	බෝ	4	0.0041	0.6128
1254	ﬂo	4	0.0041	0.6128
1255	'с	3	0.0031	0.4914
1255	^ο	3	0.0031	0.4914
1255	^ј	3	0.0031	0.4914
1255	^ض	3	0.0031	0.4914
1255	aœ	3	0.0031	0.4914
1255	bî	3	0.0031	0.4914
1255	bû	3	0.0031	0.4914
1255	bه	3	0.0031	0.4914
1255	cê	3	0.0031	0.4914
1255	dò	3	0.0031	0.4914
1255	eï	3	0.0031	0.4914
1255	eø	3	0.0031	0.4914
1255	eу	3	0.0031	0.4914
1255	ií	3	0.0031	0.4914
1255	jë	3	0.0031	0.4914
1255	jõ	3	0.0031	0.4914
1255	kú	3	0.0031	0.4914
1255	lù	3	0.0031	0.4914
1255	lž	3	0.0031	0.4914
1255	mο	3	0.0031	0.4914
1255	nï	3	0.0031	0.4914
1255	nš	3	0.0031	0.4914
1255	oß	3	0.0031	0.4914
1255	oá	3	0.0031	0.4914
1255	oì	3	0.0031	0.4914
1255	rï	3	0.0031	0.4914
1255	rı	3	0.0031	0.4914
1255	sù	3	0.0031	0.4914
1255	tì	3	0.0031	0.4914
1255	uà	3	0.0031	0.4914
1255	uê	3	0.0031	0.4914
1255	uë	3	0.0031	0.4914
1255	uì	3	0.0031	0.4914
1255	vû	3	0.0031	0.4914
1255	wа	3	0.0031	0.4914
1255	zò	3	0.0031	0.4914
1255	ß$	3	0.0031	0.4914
1255	àa	3	0.0031	0.4914
1255	âä	3	0.0031	0.4914
1255	âþ	3	0.0031	0.4914
1255	ã-	3	0.0031	0.4914
1255	ãâ	3	0.0031	0.4914
1255	äü	3	0.0031	0.4914
1255	æx	3	0.0031	0.4914
1255	çr	3	0.0031	0.4914
1255	çä	3	0.0031	0.4914
1255	çú	3	0.0031	0.4914
1255	èd	3	0.0031	0.4914
1255	èq	3	0.0031	0.4914
1255	èu	3	0.0031	0.4914
1255	ëa	3	0.0031	0.4914
1255	ìk	3	0.0031	0.4914
1255	ìl	3	0.0031	0.4914
1255	ìm	3	0.0031	0.4914
1255	ìé	3	0.0031	0.4914
1255	íi	3	0.0031	0.4914
1255	íí	3	0.0031	0.4914
1255	îp	3	0.0031	0.4914
1255	ði	3	0.0031	0.4914
1255	ñf	3	0.0031	0.4914
1255	ñj	3	0.0031	0.4914
1255	ój	3	0.0031	0.4914
1255	ôs	3	0.0031	0.4914
1255	ø'	3	0.0031	0.4914
1255	øø	3	0.0031	0.4914
1255	úé	3	0.0031	0.4914
1255	ûv	3	0.0031	0.4914
1255	ûû	3	0.0031	0.4914
1255	üp	3	0.0031	0.4914
1255	üä	3	0.0031	0.4914
1255	ýa	3	0.0031	0.4914
1255	ýk	3	0.0031	0.4914
1255	þa	3	0.0031	0.4914
1255	þu	3	0.0031	0.4914
1255	ča	3	0.0031	0.4914
1255	čn	3	0.0031	0.4914
1255	ıd	3	0.0031	0.4914
1255	ıo	3	0.0031	0.4914
1255	ĺj	3	0.0031	0.4914
1255	ĺp	3	0.0031	0.4914
1255	šg	3	0.0031	0.4914
1255	šu	3	0.0031	0.4914
1255	žh	3	0.0031	0.4914
1255	žá	3	0.0031	0.4914
1255	žã	3	0.0031	0.4914
1255	εd	3	0.0031	0.4914
1255	εm	3	0.0031	0.4914
1255	μ$	3	0.0031	0.4914
1255	μa	3	0.0031	0.4914
1255	аl	3	0.0031	0.4914
1255	ба	3	0.0031	0.4914
1255	га	3	0.0031	0.4914
1255	гн	3	0.0031	0.4914
1255	ду	3	0.0031	0.4914
1255	ей	3	0.0031	0.4914
1255	ею	3	0.0031	0.4914
1255	жи	3	0.0031	0.4914
1255	зв	3	0.0031	0.4914
1255	л$	3	0.0031	0.4914
1255	оз	3	0.0031	0.4914
1255	рт	3	0.0031	0.4914
1255	сa	3	0.0031	0.4914
1255	сн	3	0.0031	0.4914
1255	уч	3	0.0031	0.4914
1255	уш	3	0.0031	0.4914
1255	чт	3	0.0031	0.4914
1255	ша	3	0.0031	0.4914
1255	ыт	3	0.0031	0.4914
1255	ја	3	0.0031	0.4914
1255	ؤv	3	0.0031	0.4914
1255	إh	3	0.0031	0.4914
1255	ِd	3	0.0031	0.4914
1255	යු	3	0.0031	0.4914
1255	ුබ	3	0.0031	0.4914
1255	ෝ$	3	0.0031	0.4914
1255	ﬂä	3	0.0031	0.4914
1256	'ň	2	0.0021	0.3222
1256	'ѕ	2	0.0021	0.3222
1256	-ñ	2	0.0021	0.3222
1256	-ü	2	0.0021	0.3222
1256	^ª	2	0.0021	0.3222
1256	^ß	2	0.0021	0.3222
1256	^ë	2	0.0021	0.3222
1256	^ÿ	2	0.0021	0.3222
1256	^α	2	0.0021	0.3222
1256	^κ	2	0.0021	0.3222
1256	^щ	2	0.0021	0.3222
1256	^э	2	0.0021	0.3222
1256	^ю	2	0.0021	0.3222
1256	^ජ	2	0.0021	0.3222
1256	aô	2	0.0021	0.3222
1256	ać	2	0.0021	0.3222
1256	aс	2	0.0021	0.3222
1256	bï	2	0.0021	0.3222
1256	bý	2	0.0021	0.3222
1256	bř	2	0.0021	0.3222
1256	cë	2	0.0021	0.3222
1256	cø	2	0.0021	0.3222
1256	cþ	2	0.0021	0.3222
1256	cœ	2	0.0021	0.3222
1256	dу	2	0.0021	0.3222
1256	eš	2	0.0021	0.3222
1256	gì	2	0.0021	0.3222
1256	gð	2	0.0021	0.3222
1256	gô	2	0.0021	0.3222
1256	gν	2	0.0021	0.3222
1256	gن	2	0.0021	0.3222
1256	hû	2	0.0021	0.3222
1256	iî	2	0.0021	0.3222
1256	iň	2	0.0021	0.3222
1256	iş	2	0.0021	0.3222
1256	iž	2	0.0021	0.3222
1256	jˆ	2	0.0021	0.3222
1256	lý	2	0.0021	0.3222
1256	lŕ	2	0.0021	0.3222
1256	lš	2	0.0021	0.3222
1256	lе	2	0.0021	0.3222
1256	lо	2	0.0021	0.3222
1256	më	2	0.0021	0.3222
1256	mν	2	0.0021	0.3222
1256	mِ	2	0.0021	0.3222
1256	nì	2	0.0021	0.3222
1256	nč	2	0.0021	0.3222
1256	nˆ	2	0.0021	0.3222
1256	nِ	2	0.0021	0.3222
1256	oè	2	0.0021	0.3222
1256	oê	2	0.0021	0.3222
1256	oč	2	0.0021	0.3222
1256	oń	2	0.0021	0.3222
1256	pë	2	0.0021	0.3222
1256	pο	2	0.0021	0.3222
1256	pﬂ	2	0.0021	0.3222
1256	qk	2	0.0021	0.3222
1256	qå	2	0.0021	0.3222
1256	qé	2	0.0021	0.3222
1256	rì	2	0.0021	0.3222
1256	rñ	2	0.0021	0.3222
1256	rο	2	0.0021	0.3222
1256	rо	2	0.0021	0.3222
1256	sñ	2	0.0021	0.3222
1256	sò	2	0.0021	0.3222
1256	sœ	2	0.0021	0.3222
1256	sž	2	0.0021	0.3222
1256	sе	2	0.0021	0.3222
1256	tñ	2	0.0021	0.3222
1256	tù	2	0.0021	0.3222
1256	vê	2	0.0021	0.3222
1256	vë	2	0.0021	0.3222
1256	vô	2	0.0021	0.3222
1256	vù	2	0.0021	0.3222
1256	vо	2	0.0021	0.3222
1256	vِ	2	0.0021	0.3222
1256	wî	2	0.0021	0.3222
1256	wó	2	0.0021	0.3222
1256	wû	2	0.0021	0.3222
1256	xë	2	0.0021	0.3222
1256	xø	2	0.0021	0.3222
1256	yð	2	0.0021	0.3222
1256	yñ	2	0.0021	0.3222
1256	yû	2	0.0021	0.3222
1256	µg	2	0.0021	0.3222
1256	µl	2	0.0021	0.3222
1256	ßi	2	0.0021	0.3222
1256	ßk	2	0.0021	0.3222
1256	àc	2	0.0021	0.3222
1256	àç	2	0.0021	0.3222
1256	áo	2	0.0021	0.3222
1256	áé	2	0.0021	0.3222
1256	âq	2	0.0021	0.3222
1256	âå	2	0.0021	0.3222
1256	âœ	2	0.0021	0.3222
1256	ã'	2	0.0021	0.3222
1256	ãº	2	0.0021	0.3222
1256	ãì	2	0.0021	0.3222
1256	ãþ	2	0.0021	0.3222
1256	æe	2	0.0021	0.3222
1256	çá	2	0.0021	0.3222
1256	èa	2	0.0021	0.3222
1256	èx	2	0.0021	0.3222
1256	èè	2	0.0021	0.3222
1256	èö	2	0.0021	0.3222
1256	éì	2	0.0021	0.3222
1256	éï	2	0.0021	0.3222
1256	êk	2	0.0021	0.3222
1256	êå	2	0.0021	0.3222
1256	ìc	2	0.0021	0.3222
1256	ìg	2	0.0021	0.3222
1256	ìâ	2	0.0021	0.3222
1256	ìä	2	0.0021	0.3222
1256	í-	2	0.0021	0.3222
1256	íh	2	0.0021	0.3222
1256	îh	2	0.0021	0.3222
1256	îk	2	0.0021	0.3222
1256	îo	2	0.0021	0.3222
1256	ïo	2	0.0021	0.3222
1256	ïy	2	0.0021	0.3222
1256	ðs	2	0.0021	0.3222
1256	ðã	2	0.0021	0.3222
1256	ðå	2	0.0021	0.3222
1256	ñg	2	0.0021	0.3222
1256	ñm	2	0.0021	0.3222
1256	ñz	2	0.0021	0.3222
1256	ñí	2	0.0021	0.3222
1256	òc	2	0.0021	0.3222
1256	òì	2	0.0021	0.3222
1256	ôj	2	0.0021	0.3222
1256	õc	2	0.0021	0.3222
1256	õe	2	0.0021	0.3222
1256	õí	2	0.0021	0.3222
1256	öñ	2	0.0021	0.3222
1256	ùl	2	0.0021	0.3222
1256	ùt	2	0.0021	0.3222
1256	úi	2	0.0021	0.3222
1256	ûa	2	0.0021	0.3222
1256	ûe	2	0.0021	0.3222
1256	ûs	2	0.0021	0.3222
1256	üu	2	0.0021	0.3222
1256	üë	2	0.0021	0.3222
1256	üü	2	0.0021	0.3222
1256	þþ	2	0.0021	0.3222
1256	ÿw	2	0.0021	0.3222
1256	č$	2	0.0021	0.3222
1256	či	2	0.0021	0.3222
1256	ıb	2	0.0021	0.3222
1256	ır	2	0.0021	0.3222
1256	ıv	2	0.0021	0.3222
1256	ĺa	2	0.0021	0.3222
1256	ĺb	2	0.0021	0.3222
1256	ňc	2	0.0021	0.3222
1256	œb	2	0.0021	0.3222
1256	œv	2	0.0021	0.3222
1256	ŕ$	2	0.0021	0.3222
1256	ři	2	0.0021	0.3222
1256	ş$	2	0.0021	0.3222
1256	š-	2	0.0021	0.3222
1256	šk	2	0.0021	0.3222
1256	šr	2	0.0021	0.3222
1256	šs	2	0.0021	0.3222
1256	ž$	2	0.0021	0.3222
1256	žu	2	0.0021	0.3222
1256	ƒä	2	0.0021	0.3222
1256	ƒö	2	0.0021	0.3222
1256	ˆn	2	0.0021	0.3222
1256	αl	2	0.0021	0.3222
1256	κi	2	0.0021	0.3222
1256	μe	2	0.0021	0.3222
1256	νb	2	0.0021	0.3222
1256	νn	2	0.0021	0.3222
1256	νе	2	0.0021	0.3222
1256	οk	2	0.0021	0.3222
1256	οt	2	0.0021	0.3222
1256	ае	2	0.0021	0.3222
1256	аж	2	0.0021	0.3222
1256	ап	2	0.0021	0.3222
1256	бк	2	0.0021	0.3222
1256	бл	2	0.0021	0.3222
1256	бь	2	0.0021	0.3222
1256	вп	2	0.0021	0.3222
1256	вр	2	0.0021	0.3222
1256	вш	2	0.0021	0.3222
1256	вь	2	0.0021	0.3222
1256	вя	2	0.0021	0.3222
1256	гл	2	0.0021	0.3222
1256	дв	2	0.0021	0.3222
1256	дм	2	0.0021	0.3222
1256	дс	2	0.0021	0.3222
1256	дё	2	0.0021	0.3222
1256	е'	2	0.0021	0.3222
1256	е-	2	0.0021	0.3222
1256	еж	2	0.0021	0.3222
1256	жд	2	0.0021	0.3222
1256	же	2	0.0021	0.3222
1256	зг	2	0.0021	0.3222
1256	зе	2	0.0021	0.3222
1256	иа	2	0.0021	0.3222
1256	ии	2	0.0021	0.3222
1256	ик	2	0.0021	0.3222
1256	ип	2	0.0021	0.3222
1256	ке	2	0.0021	0.3222
1256	кш	2	0.0021	0.3222
1256	лв	2	0.0021	0.3222
1256	лн	2	0.0021	0.3222
1256	лх	2	0.0021	0.3222
1256	лы	2	0.0021	0.3222
1256	мр	2	0.0021	0.3222
1256	мч	2	0.0021	0.3222
1256	нс	2	0.0021	0.3222
1256	нц	2	0.0021	0.3222
1256	ня	2	0.0021	0.3222
1256	оb	2	0.0021	0.3222
1256	оl	2	0.0021	0.3222
1256	оя	2	0.0021	0.3222
1256	оѕ	2	0.0021	0.3222
1256	пк	2	0.0021	0.3222
1256	пл	2	0.0021	0.3222
1256	рl	2	0.0021	0.3222
1256	рм	2	0.0021	0.3222
1256	ру	2	0.0021	0.3222
1256	рч	2	0.0021	0.3222
1256	ря	2	0.0021	0.3222
1256	сk	2	0.0021	0.3222
1256	сo	2	0.0021	0.3222
1256	сж	2	0.0021	0.3222
1256	сл	2	0.0021	0.3222
1256	ср	2	0.0021	0.3222
1256	су	2	0.0021	0.3222
1256	ся	2	0.0021	0.3222
1256	сё	2	0.0021	0.3222
1256	тв	2	0.0021	0.3222
1256	ту	2	0.0021	0.3222
1256	тё	2	0.0021	0.3222
1256	ум	2	0.0021	0.3222
1256	уэ	2	0.0021	0.3222
1256	фи	2	0.0021	0.3222
1256	хо	2	0.0021	0.3222
1256	цв	2	0.0021	0.3222
1256	це	2	0.0021	0.3222
1256	ци	2	0.0021	0.3222
1256	чу	2	0.0021	0.3222
1256	шк	2	0.0021	0.3222
1256	шл	2	0.0021	0.3222
1256	шь	2	0.0021	0.3222
1256	ыв	2	0.0021	0.3222
1256	ыш	2	0.0021	0.3222
1256	ьк	2	0.0021	0.3222
1256	ьм	2	0.0021	0.3222
1256	ью	2	0.0021	0.3222
1256	ья	2	0.0021	0.3222
1256	юб	2	0.0021	0.3222
1256	юд	2	0.0021	0.3222
1256	юш	2	0.0021	0.3222
1256	ям	2	0.0021	0.3222
1256	ян	2	0.0021	0.3222
1256	яр	2	0.0021	0.3222
1256	яс	2	0.0021	0.3222
1256	ящ	2	0.0021	0.3222
1256	ём	2	0.0021	0.3222
1256	ёт	2	0.0021	0.3222
1256	ёч	2	0.0021	0.3222
1256	ѕѕ	2	0.0021	0.3222
1256	і$	2	0.0021	0.3222
1256	іс	2	0.0021	0.3222
1256	إt	2	0.0021	0.3222
1256	ضv	2	0.0021	0.3222
1256	هf	2	0.0021	0.3222
1256	هm	2	0.0021	0.3222
1256	ِc	2	0.0021	0.3222
1256	ජය	2	0.0021	0.3222
1256	ය$	2	0.0021	0.3222
1257	'ã	1	0.001	0.0
1257	'ò	1	0.001	0.0
1257	'ĺ	1	0.001	0.0
1257	-æ	1	0.001	0.0
1257	-è	1	0.001	0.0
1257	-í	1	0.001	0.0
1257	-ô	1	0.001	0.0
1257	-ø	1	0.001	0.0
1257	-ú	1	0.001	0.0
1257	-т	1	0.001	0.0
1257	^ù	1	0.001	0.0
1257	^ś	1	0.001	0.0
1257	^η	1	0.001	0.0
1257	^ツ	1	0.001	0.0
1257	aè	1	0.001	0.0
1257	aó	1	0.001	0.0
1257	aø	1	0.001	0.0
1257	aù	1	0.001	0.0
1257	aû	1	0.001	0.0
1257	aх	1	0.001	0.0
1257	aِ	1	0.001	0.0
1257	bç	1	0.001	0.0
1257	bñ	1	0.001	0.0
1257	bô	1	0.001	0.0
1257	cº	1	0.001	0.0
1257	cì	1	0.001	0.0
1257	cî	1	0.001	0.0
1257	dѕ	1	0.001	0.0
1257	eæ	1	0.001	0.0
1257	eê	1	0.001	0.0
1257	eî	1	0.001	0.0
1257	eô	1	0.001	0.0
1257	eõ	1	0.001	0.0
1257	eň	1	0.001	0.0
1257	fç	1	0.001	0.0
1257	fı	1	0.001	0.0
1257	fο	1	0.001	0.0
1257	fﬂ	1	0.001	0.0
1257	gë	1	0.001	0.0
1257	gœ	1	0.001	0.0
1257	hò	1	0.001	0.0
1257	hš	1	0.001	0.0
1257	iï	1	0.001	0.0
1257	iô	1	0.001	0.0
1257	ię	1	0.001	0.0
1257	jô	1	0.001	0.0
1257	jِ	1	0.001	0.0
1257	kç	1	0.001	0.0
1257	kì	1	0.001	0.0
1257	kñ	1	0.001	0.0
1257	kô	1	0.001	0.0
1257	kþ	1	0.001	0.0
1257	kš	1	0.001	0.0
1257	kа	1	0.001	0.0
1257	kе	1	0.001	0.0
1257	kﬂ	1	0.001	0.0
1257	lì	1	0.001	0.0
1257	lï	1	0.001	0.0
1257	lñ	1	0.001	0.0
1257	lþ	1	0.001	0.0
1257	lč	1	0.001	0.0
1257	lу	1	0.001	0.0
1257	mÿ	1	0.001	0.0
1257	mı	1	0.001	0.0
1257	mš	1	0.001	0.0
1257	nª	1	0.001	0.0
1257	nı	1	0.001	0.0
1257	nœ	1	0.001	0.0
1257	nž	1	0.001	0.0
1257	nѕ	1	0.001	0.0
1257	oà	1	0.001	0.0
1257	oú	1	0.001	0.0
1257	oň	1	0.001	0.0
1257	oن	1	0.001	0.0
1257	pç	1	0.001	0.0
1257	pî	1	0.001	0.0
1257	põ	1	0.001	0.0
1257	pý	1	0.001	0.0
1257	qí	1	0.001	0.0
1257	qó	1	0.001	0.0
1257	qû	1	0.001	0.0
1257	rþ	1	0.001	0.0
1257	rč	1	0.001	0.0
1257	rę	1	0.001	0.0
1257	rī	1	0.001	0.0
1257	rš	1	0.001	0.0
1257	rž	1	0.001	0.0
1257	rν	1	0.001	0.0
1257	rﬂ	1	0.001	0.0
1257	sý	1	0.001	0.0
1257	tç	1	0.001	0.0
1257	tý	1	0.001	0.0
1257	tı	1	0.001	0.0
1257	tš	1	0.001	0.0
1257	tž	1	0.001	0.0
1257	tо	1	0.001	0.0
1257	uß	1	0.001	0.0
1257	uï	1	0.001	0.0
1257	uø	1	0.001	0.0
1257	uр	1	0.001	0.0
1257	vì	1	0.001	0.0
1257	vü	1	0.001	0.0
1257	vš	1	0.001	0.0
1257	vν	1	0.001	0.0
1257	vο	1	0.001	0.0
1257	wé	1	0.001	0.0
1257	xã	1	0.001	0.0
1257	xî	1	0.001	0.0
1257	xñ	1	0.001	0.0
1257	xó	1	0.001	0.0
1257	yò	1	0.001	0.0
1257	yø	1	0.001	0.0
1257	yč	1	0.001	0.0
1257	yı	1	0.001	0.0
1257	zà	1	0.001	0.0
1257	zô	1	0.001	0.0
1257	ª'	1	0.001	0.0
1257	ªª	1	0.001	0.0
1257	ºi	1	0.001	0.0
1257	ºo	1	0.001	0.0
1257	ºs	1	0.001	0.0
1257	ºu	1	0.001	0.0
1257	ß-	1	0.001	0.0
1257	ßb	1	0.001	0.0
1257	ßt	1	0.001	0.0
1257	ßä	1	0.001	0.0
1257	àp	1	0.001	0.0
1257	ày	1	0.001	0.0
1257	àö	1	0.001	0.0
1257	áw	1	0.001	0.0
1257	áß	1	0.001	0.0
1257	áã	1	0.001	0.0
1257	áç	1	0.001	0.0
1257	áñ	1	0.001	0.0
1257	áú	1	0.001	0.0
1257	áü	1	0.001	0.0
1257	âu	1	0.001	0.0
1257	âü	1	0.001	0.0
1257	âÿ	1	0.001	0.0
1257	ãã	1	0.001	0.0
1257	ãä	1	0.001	0.0
1257	ãå	1	0.001	0.0
1257	ãñ	1	0.001	0.0
1257	ãû	1	0.001	0.0
1257	äº	1	0.001	0.0
1257	äì	1	0.001	0.0
1257	äí	1	0.001	0.0
1257	åq	1	0.001	0.0
1257	åç	1	0.001	0.0
1257	æ-	1	0.001	0.0
1257	æa	1	0.001	0.0
1257	æï	1	0.001	0.0
1257	çg	1	0.001	0.0
1257	çi	1	0.001	0.0
1257	çj	1	0.001	0.0
1257	çl	1	0.001	0.0
1257	çé	1	0.001	0.0
1257	çð	1	0.001	0.0
1257	èi	1	0.001	0.0
1257	èç	1	0.001	0.0
1257	èê	1	0.001	0.0
1257	èí	1	0.001	0.0
1257	éê	1	0.001	0.0
1257	êd	1	0.001	0.0
1257	êe	1	0.001	0.0
1257	êg	1	0.001	0.0
1257	êq	1	0.001	0.0
1257	êó	1	0.001	0.0
1257	êø	1	0.001	0.0
1257	ëb	1	0.001	0.0
1257	ëf	1	0.001	0.0
1257	ëh	1	0.001	0.0
1257	ëi	1	0.001	0.0
1257	ëk	1	0.001	0.0
1257	ëm	1	0.001	0.0
1257	ëv	1	0.001	0.0
1257	ëx	1	0.001	0.0
1257	ìf	1	0.001	0.0
1257	ìh	1	0.001	0.0
1257	ìr	1	0.001	0.0
1257	ìs	1	0.001	0.0
1257	ìy	1	0.001	0.0
1257	ìè	1	0.001	0.0
1257	íu	1	0.001	0.0
1257	íy	1	0.001	0.0
1257	íê	1	0.001	0.0
1257	íð	1	0.001	0.0
1257	íô	1	0.001	0.0
1257	íú	1	0.001	0.0
1257	îa	1	0.001	0.0
1257	îb	1	0.001	0.0
1257	îz	1	0.001	0.0
1257	ïi	1	0.001	0.0
1257	ïk	1	0.001	0.0
1257	ïv	1	0.001	0.0
1257	ïx	1	0.001	0.0
1257	ïê	1	0.001	0.0
1257	ðl	1	0.001	0.0
1257	ñd	1	0.001	0.0
1257	ñä	1	0.001	0.0
1257	ñè	1	0.001	0.0
1257	ññ	1	0.001	0.0
1257	ñø	1	0.001	0.0
1257	òl	1	0.001	0.0
1257	òæ	1	0.001	0.0
1257	óu	1	0.001	0.0
1257	óy	1	0.001	0.0
1257	óå	1	0.001	0.0
1257	óê	1	0.001	0.0
1257	ô-	1	0.001	0.0
1257	ôk	1	0.001	0.0
1257	ôz	1	0.001	0.0
1257	õo	1	0.001	0.0
1257	öá	1	0.001	0.0
1257	öâ	1	0.001	0.0
1257	öÿ	1	0.001	0.0
1257	öﬂ	1	0.001	0.0
1257	øo	1	0.001	0.0
1257	øä	1	0.001	0.0
1257	øí	1	0.001	0.0
1257	øý	1	0.001	0.0
1257	ù-	1	0.001	0.0
1257	úã	1	0.001	0.0
1257	úí	1	0.001	0.0
1257	û-	1	0.001	0.0
1257	ûg	1	0.001	0.0
1257	ûÿ	1	0.001	0.0
1257	üf	1	0.001	0.0
1257	üx	1	0.001	0.0
1257	üy	1	0.001	0.0
1257	üß	1	0.001	0.0
1257	üñ	1	0.001	0.0
1257	ýc	1	0.001	0.0
1257	ýe	1	0.001	0.0
1257	ýf	1	0.001	0.0
1257	ýx	1	0.001	0.0
1257	ýá	1	0.001	0.0
1257	þf	1	0.001	0.0
1257	þr	1	0.001	0.0
1257	þú	1	0.001	0.0
1257	ÿe	1	0.001	0.0
1257	ÿh	1	0.001	0.0
1257	ÿl	1	0.001	0.0
1257	ăl	1	0.001	0.0
1257	ăn	1	0.001	0.0
1257	čm	1	0.001	0.0
1257	čr	1	0.001	0.0
1257	ęs	1	0.001	0.0
1257	ęt	1	0.001	0.0
1257	īr	1	0.001	0.0
1257	ıj	1	0.001	0.0
1257	ıu	1	0.001	0.0
1257	ıy	1	0.001	0.0
1257	ĺf	1	0.001	0.0
1257	ĺo	1	0.001	0.0
1257	ňa	1	0.001	0.0
1257	ňi	1	0.001	0.0
1257	ňo	1	0.001	0.0
1257	ňu	1	0.001	0.0
1257	œi	1	0.001	0.0
1257	œn	1	0.001	0.0
1257	śa	1	0.001	0.0
1257	šo	1	0.001	0.0
1257	žv	1	0.001	0.0
1257	ƒâ	1	0.001	0.0
1257	ˆi	1	0.001	0.0
1257	ˆl	1	0.001	0.0
1257	̇c	1	0.001	0.0
1257	̇e	1	0.001	0.0
1257	̇l	1	0.001	0.0
1257	̇t	1	0.001	0.0
1257	̇y	1	0.001	0.0
1257	βl	1	0.001	0.0
1257	εѕ	1	0.001	0.0
1257	ηе	1	0.001	0.0
1257	μr	1	0.001	0.0
1257	μu	1	0.001	0.0
1257	οf	1	0.001	0.0
1257	οh	1	0.001	0.0
1257	οl	1	0.001	0.0
1257	аh	1	0.001	0.0
1257	аj	1	0.001	0.0
1257	аk	1	0.001	0.0
1257	ач	1	0.001	0.0
1257	вu	1	0.001	0.0
1257	вг	1	0.001	0.0
1257	вн	1	0.001	0.0
1257	ву	1	0.001	0.0
1257	г$	1	0.001	0.0
1257	гч	1	0.001	0.0
1257	дк	1	0.001	0.0
1257	еj	1	0.001	0.0
1257	еа	1	0.001	0.0
1257	зи	1	0.001	0.0
1257	зо	1	0.001	0.0
1257	иб	1	0.001	0.0
1257	ив	1	0.001	0.0
1257	из	1	0.001	0.0
1257	йч	1	0.001	0.0
1257	лк	1	0.001	0.0
1257	нo	1	0.001	0.0
1257	оk	1	0.001	0.0
1257	оn	1	0.001	0.0
1257	рa	1	0.001	0.0
1257	рi	1	0.001	0.0
1257	рp	1	0.001	0.0
1257	рс	1	0.001	0.0
1257	сu	1	0.001	0.0
1257	тw	1	0.001	0.0
1257	тч	1	0.001	0.0
1257	уж	1	0.001	0.0
1257	ун	1	0.001	0.0
1257	ут	1	0.001	0.0
1257	хi	1	0.001	0.0
1257	шт	1	0.001	0.0
1257	ык	1	0.001	0.0
1257	ыс	1	0.001	0.0
1257	ѕа	1	0.001	0.0
1257	ѕе	1	0.001	0.0
1257	ضp	1	0.001	0.0
1257	ن$	1	0.001	0.0
1257	نه	1	0.001	0.0
1257	هa	1	0.001	0.0
1257	هp	1	0.001	0.0
1257	ِ$	1	0.001	0.0
1257	ِa	1	0.001	0.0
1257	ِl	1	0.001	0.0
1257	න්	1	0.001	0.0
1257	යි	1	0.001	0.0
1257	වන	1	0.001	0.0
1257	්$	1	0.001	0.0
1257	ිබ	1	0.001	0.0
1257	ෝව	1	0.001	0.0
1257	ツ$	1	0.001	0.0
1257	ﬂi	1	0.001	0.0
1257	ﬂm	1	0.001	0.0
1257	ﬂn	1	0.001	0.0
1257	ﬂs	1	0.001	0.0
1257	ﬂå	1	0.001	0.0
