Rank	Bigram	Frequency	Frequency per million	Zipf value
1	и$	239709	22823.4293	7.3584
2	е$	235339	22407.3482	7.3504
3	о$	208833	19883.6306	7.2985
4	^в	170039	16189.9348	7.2092
5	^т	167729	15969.9926	7.2033
6	^н	160805	15310.7374	7.185
7	^п	156732	14922.9345	7.1739
8	а$	149396	14224.4515	7.153
9	я$	138815	13217.002	7.1211
10	і$	132460	12611.923	7.1008
11	ти	129289	12310.0023	7.0903
12	^з	124657	11868.9754	7.0744
13	^м	115862	11031.5765	7.0426
14	на	111904	10654.7231	7.0275
15	у$	103823	9885.3063	6.995
16	не	98131	9343.3536	6.9705
17	^д	98117	9342.0206	6.9704
18	^с	91948	8754.6512	6.9422
19	^я	90701	8635.9205	6.9363
20	ро	82383	7843.9382	6.8945
21	в$	72190	6873.4314	6.8372
22	по	72060	6861.0537	6.8364
23	та	70442	6706.9989	6.8265
24	^б	70310	6694.4308	6.8257
25	що	69288	6597.123	6.8194
26	^щ	68511	6523.1425	6.8145
27	ра	64078	6101.063	6.7854
28	ві	63470	6043.1734	6.7813
29	ні	63387	6035.2707	6.7807
30	пр	61751	5879.5021	6.7693
31	то	61491	5854.7468	6.7675
32	ви	61041	5811.9009	6.7643
33	й$	60763	5785.4316	6.7623
34	ва	60147	5726.7804	6.7579
35	мо	59875	5700.8824	6.7559
36	ст	56352	5365.4468	6.7296
37	за	55724	5305.653	6.7247
38	ли	55188	5254.6188	6.7205
39	^ц	54911	5228.2448	6.7184
40	об	54486	5187.7792	6.715
41	ов	54359	5175.6872	6.714
42	ен	53599	5103.3252	6.7079
43	ер	53314	5076.1895	6.7055
44	^к	52755	5022.9654	6.701
45	те	52468	4995.6392	6.6986
46	ю$	51653	4918.0406	6.6918
47	во	51412	4895.0942	6.6898
48	к$	50936	4849.7728	6.6857
49	го	50397	4798.453	6.6811
50	но	49713	4733.3272	6.6752
51	ал	49349	4698.6697	6.672
52	це	48440	4612.121	6.6639
53	ма	48369	4605.3609	6.6633
54	ав	47780	4549.2804	6.6579
55	м$	47387	4511.8616	6.6544
56	до	47028	4477.6802	6.6511
57	ко	46915	4466.9211	6.65
58	ка	46437	4421.4092	6.6456
59	ат	46368	4414.8395	6.6449
60	ог	43786	4168.9994	6.62
61	ри	43028	4096.8279	6.6124
62	ом	42791	4074.2624	6.61
63	^р	42532	4049.6022	6.6074
64	ся	41723	3972.5748	6.5991
65	ни	41516	3952.8657	6.5969
66	^а	41301	3932.3949	6.5947
67	ре	40711	3876.2192	6.5884
68	^і	40440	3850.4165	6.5855
69	ає	40311	3838.134	6.5841
70	ак	39698	3779.7684	6.5775
71	од	39049	3717.9751	6.5703
72	ан	38626	3677.7	6.5656
73	ла	38456	3661.5137	6.5637
74	ме	37534	3573.7273	6.5531
75	ит	37111	3533.4522	6.5482
76	ор	36749	3498.985	6.5439
77	як	35547	3384.5389	6.5295
78	ми	35212	3352.6425	6.5254
79	ід	34985	3331.0292	6.5226
80	є$	34708	3304.6552	6.5191
81	^ч	34677	3301.7036	6.5187
82	^о	34089	3245.7183	6.5113
83	ар	33811	3219.249	6.5078
84	ос	33271	3167.834	6.5008
85	бу	33220	3162.9781	6.5001
86	ін	33213	3162.3116	6.5
87	ло	33154	3156.694	6.4992
88	ив	32743	3117.5615	6.4938
89	ш$	32696	3113.0865	6.4932
90	ин	32468	3091.3779	6.4902
91	же	32046	3051.198	6.4845
92	ам	31637	3012.2558	6.4789
93	н$	31612	3009.8755	6.4785
94	ди	31469	2996.26	6.4766
95	он	31421	2991.6898	6.4759
96	^г	31349	2984.8345	6.4749
97	з$	31103	2961.412	6.4715
98	^у	30702	2923.2316	6.4659
99	ол	30532	2907.0454	6.4635
100	ас	30504	2904.3794	6.4631
101	ай	30141	2869.8171	6.4579
102	тр	29982	2854.6782	6.4556
103	да	29967	2853.25	6.4553
104	зн	29377	2797.0743	6.4467
105	^х	28805	2742.6124	6.4382
106	ий	28108	2676.2489	6.4275
107	ле	27480	2616.4551	6.4177
108	ї$	27112	2581.4167	6.4119
109	ба	26312	2505.2462	6.3989
110	мі	26051	2480.3956	6.3945
111	де	25955	2471.2552	6.3929
112	ку	25868	2462.9716	6.3915
113	им	25793	2455.8307	6.3902
114	от	25557	2433.3604	6.3862
115	рі	25261	2405.1773	6.3811
116	ки	25079	2387.8485	6.378
117	му	24945	2375.09	6.3757
118	аз	24673	2349.192	6.3709
119	ож	24132	2297.6818	6.3613
120	ду	24129	2297.3961	6.3612
121	пе	23672	2253.8837	6.3529
122	га	23541	2241.4108	6.3505
123	ув	23488	2236.3645	6.3495
124	би	23455	2233.2225	6.3489
125	ис	23450	2232.7464	6.3488
126	х$	23171	2206.182	6.3436
127	чи	22653	2156.8616	6.3338
128	ді	22545	2146.5786	6.3317
129	ь$	22515	2143.7222	6.3312
130	ту	22454	2137.9142	6.33
131	вс	22084	2102.6854	6.3228
132	ну	21867	2082.0242	6.3185
133	се	21664	2062.6959	6.3144
134	лі	21631	2059.5539	6.3138
135	^л	21294	2027.4671	6.307
136	ів	21161	2014.8037	6.3042
137	т$	21082	2007.2819	6.3026
138	хо	20532	1954.9147	6.2911
139	ут	20078	1911.688	6.2814
140	бе	19995	1903.7853	6.2796
141	ті	19724	1877.9825	6.2737
142	ем	19639	1869.8894	6.2718
143	ть	19379	1845.134	6.266
144	ля	19271	1834.851	6.2636
145	ил	19162	1824.4728	6.2611
146	ок	19110	1819.5217	6.26
147	ад	19094	1817.9983	6.2596
148	бо	19086	1817.2366	6.2594
149	оч	19066	1815.3324	6.259
150	пі	18911	1800.5743	6.2554
151	че	18773	1787.4349	6.2522
152	оз	18713	1781.7221	6.2508
153	нн	18580	1769.0588	6.2477
154	с$	18471	1758.6806	6.2452
155	ці	17998	1713.6448	6.2339
156	аю	17987	1712.5975	6.2337
157	ве	17929	1707.0751	6.2323
158	^ї	17820	1696.6969	6.2296
159	^ж	17773	1692.2219	6.2285
160	д$	17673	1682.7005	6.226
161	бі	17564	1672.3223	6.2233
162	іс	17530	1669.0851	6.2225
163	ої	17459	1662.325	6.2207
164	сп	17381	1654.8983	6.2188
165	ня	17354	1652.3276	6.2181
166	ру	17124	1630.4286	6.2123
167	уд	16854	1604.721	6.2054
168	єш	16703	1590.3439	6.2015
169	^й	16637	1584.0598	6.1998
170	па	16483	1569.397	6.1957
171	іл	16457	1566.9215	6.195
172	еб	16405	1561.9704	6.1937
173	іт	16363	1557.9714	6.1926
174	ач	16167	1539.3097	6.1873
175	ик	15845	1508.6511	6.1786
176	ум	15769	1501.4149	6.1765
177	ій	15592	1484.5622	6.1716
178	ча	15551	1480.6584	6.1705
179	e$	15458	1471.8036	6.1678
180	чо	15451	1471.1371	6.1677
181	лю	15090	1436.7652	6.1574
182	ул	15055	1433.4327	6.1564
183	ск	14746	1404.0119	6.1474
184	р$	14731	1402.5837	6.1469
185	бр	14692	1398.8704	6.1458
186	ою	14671	1396.8709	6.1452
187	дн	14275	1359.1665	6.1333
188	кр	13567	1291.7557	6.1112
189	сі	13432	1278.9019	6.1068
190	ж$	13368	1272.8083	6.1048
191	чу	13099	1247.196	6.0959
192	йо	12894	1227.6773	6.0891
193	иш	12696	1208.8251	6.0824
194	оп	12577	1197.4948	6.0783
195	кі	12461	1186.45	6.0742
196	аж	12429	1183.4032	6.0731
197	єт	12209	1162.4563	6.0654
198	ес	12165	1158.267	6.0638
199	си	12090	1151.126	6.0611
200	б$	11952	1137.9866	6.0561
201	ха	11907	1133.702	6.0545
202	жи	11892	1132.2738	6.054
203	ік	11891	1132.1786	6.0539
204	ше	11813	1124.752	6.0511
205	их	11754	1119.1344	6.0489
206	ус	11696	1113.612	6.0467
207	еш	11669	1111.0413	6.0457
208	пи	11547	1099.4253	6.0412
209	сл	11521	1096.9498	6.0402
210	тв	11515	1096.3785	6.04
211	св	11484	1093.4269	6.0388
212	ет	11447	1089.904	6.0374
213	ек	11406	1086.0003	6.0358
214	ей	11404	1085.8098	6.0358
215	аг	11397	1085.1433	6.0355
216	ел	11302	1076.0981	6.0319
217	са	11063	1053.3422	6.0226
218	зв	10947	1042.2975	6.018
219	зу	10747	1023.2548	6.01
220	ль	10626	1011.7341	6.0051
221	^ш	10573	1006.6878	6.0029
222	аб	10489	998.6899	5.9994
223	аш	10401	990.3111	5.9958
224	^t	10271	977.9334	5.9903
225	ап	10113	962.8898	5.9836
226	ім	9964	948.703	5.9771
227	єм	9945	946.894	5.9763
228	рт	9925	944.9897	5.9754
229	сь	9893	941.9429	5.974
230	вн	9824	935.3732	5.971
231	^є	9804	933.4689	5.9701
232	ед	9778	930.9934	5.9689
233	со	9775	930.7077	5.9688
234	ір	9559	910.1417	5.9591
235	ят	9515	905.9523	5.9571
236	їх	9509	905.3811	5.9568
237	ши	9310	886.4337	5.9476
238	жу	9269	882.5299	5.9457
239	рн	9194	875.3889	5.9422
240	сн	9063	862.916	5.936
241	дж	8965	853.5852	5.9312
242	t$	8930	850.2527	5.9295
243	ує	8927	849.9671	5.9294
244	зр	8896	847.0155	5.9279
245	ев	8693	827.6872	5.9179
246	ще	8684	826.8303	5.9174
247	су	8475	806.9307	5.9068
248	ах	8470	806.4547	5.9066
249	ез	8452	804.7408	5.9057
250	зд	8427	802.3605	5.9044
251	кл	8375	797.4094	5.9017
252	вж	8342	794.2674	5.9
253	o$	8325	792.6488	5.8991
254	бл	8315	791.6967	5.8986
255	іч	8234	783.9844	5.8943
256	лу	8190	779.795	5.892
257	гр	8036	765.1322	5.8837
258	уж	7925	754.5636	5.8777
259	^i	7905	752.6593	5.8766
260	йт	7896	751.8024	5.8761
261	ир	7866	748.946	5.8745
262	із	7849	747.3274	5.8735
263	s$	7833	745.804	5.8726
264	нт	7774	740.1864	5.8693
265	йн	7709	733.9975	5.8657
266	іш	7668	730.0938	5.8634
267	др	7586	722.2863	5.8587
268	зі	7423	706.7666	5.8493
269	ву	7349	699.7208	5.8449
270	th	7283	693.4368	5.841
271	i$	7186	684.2011	5.8352
272	нк	7169	682.5825	5.8342
273	ьс	7143	680.1069	5.8326
274	оє	7066	672.7755	5.8279
275	жа	6995	666.0154	5.8235
276	іб	6904	657.351	5.8178
277	^a	6809	648.3058	5.8118
278	ьк	6789	646.4015	5.8105
279	чн	6762	643.8308	5.8088
280	уп	6657	633.8334	5.802
281	вд	6543	622.9791	5.7945
282	еп	6535	622.2174	5.7939
283	дл	6523	621.0748	5.7931
284	'я	6522	620.9796	5.7931
285	ії	6452	614.3147	5.7884
286	пл	6377	607.1737	5.7833
287	ид	6310	600.7945	5.7787
288	її	6308	600.604	5.7786
289	ур	6306	600.4136	5.7785
290	he	6239	594.0343	5.7738
291	ич	6238	593.9391	5.7737
292	жн	6192	589.5593	5.7705
293	мн	6187	589.0833	5.7702
294	шо	6168	587.2742	5.7688
295	ке	6105	581.2758	5.7644
296	тя	6102	580.9901	5.7642
296	іє	6102	580.9901	5.7642
297	ац	6089	579.7524	5.7632
298	ую	6069	577.8481	5.7618
299	^ф	6030	574.1348	5.759
300	хт	6008	572.0401	5.7574
301	кщ	5925	564.1374	5.7514
302	in	5853	557.2821	5.7461
303	ук	5851	557.0917	5.7459
304	иб	5818	553.9496	5.7435
305	гл	5801	552.331	5.7422
306	^е	5800	552.2358	5.7421
307	юд	5792	551.4741	5.7415
308	n$	5775	549.8555	5.7402
309	дк	5758	548.2368	5.739
310	дв	5751	547.5704	5.7384
311	ря	5687	541.4767	5.7336
312	шу	5663	539.1916	5.7317
313	ша	5648	537.7634	5.7306
314	ія	5624	535.4783	5.7287
315	ou	5623	535.3831	5.7287
316	зм	5504	524.0527	5.7194
317	йд	5471	520.9107	5.7168
318	ох	5437	517.6734	5.7141
319	^s	5428	516.8165	5.7133
320	^w	5368	511.1037	5.7085
321	дя	5340	508.4378	5.7062
322	вл	5308	505.391	5.7036
323	нд	5275	502.2489	5.7009
324	ця	5229	497.8691	5.6971
325	тт	5224	497.3931	5.6967
326	ош	5208	495.8697	5.6954
327	еч	5192	494.3462	5.694
328	зо	5087	484.3489	5.6852
329	a$	5035	479.3978	5.6807
330	чі	5030	478.9217	5.6803
331	d$	5016	477.5887	5.6791
332	ух	4944	470.7334	5.6728
333	еж	4938	470.1621	5.6722
334	y$	4916	468.0674	5.6703
335	ч$	4892	465.7823	5.6682
336	an	4817	458.6413	5.6615
337	йс	4710	448.4535	5.6517
338	^y	4685	446.0732	5.6494
339	пп	4672	444.8355	5.6482
340	тн	4650	442.7408	5.6461
341	^m	4610	438.9322	5.6424
342	оя	4575	435.5998	5.6391
343	er	4573	435.4094	5.6389
344	^h	4523	430.6487	5.6341
345	цю	4492	427.6971	5.6311
346	кт	4404	419.3184	5.6225
347	^b	4367	415.7955	5.6189
348	иг	4366	415.7003	5.6188
349	ff	4353	414.4625	5.6175
350	зи	4332	412.463	5.6154
351	л$	4327	411.9869	5.6149
351	тк	4327	411.9869	5.6149
352	ун	4307	410.0827	5.6129
353	вт	4291	408.5593	5.6113
354	зб	4257	405.322	5.6078
355	ьо	4233	403.0369	5.6053
356	пу	4218	401.6087	5.6038
357	гу	4211	400.9422	5.6031
358	шл	4203	400.1805	5.6023
359	ге	4174	397.4193	5.5992
360	^o	4167	396.7529	5.5985
361	ой	4163	396.372	5.5981
362	re	4161	396.1816	5.5979
363	^c	4112	391.5161	5.5927
364	іг	4078	388.2789	5.5891
365	г$	4033	383.9943	5.5843
366	бн	4014	382.1853	5.5823
367	r$	3985	379.4241	5.5791
368	ип	3958	376.8533	5.5762
369	ію	3928	373.9969	5.5729
370	yo	3914	372.6639	5.5713
371	яд	3868	368.2841	5.5662
372	иц	3851	366.6655	5.5643
373	ям	3777	359.6198	5.5558
374	рк	3776	359.5245	5.5557
375	нц	3742	356.2873	5.5518
376	яв	3703	352.574	5.5473
377	вч	3691	351.4314	5.5458
378	йш	3671	349.5272	5.5435
379	нь	3668	349.2415	5.5431
380	ші	3652	347.7181	5.5412
381	on	3633	345.9091	5.539
382	м'	3631	345.7186	5.5387
383	шт	3629	345.5282	5.5385
384	іх	3595	342.291	5.5344
385	рш	3582	341.0532	5.5328
386	см	3580	340.8628	5.5326
387	гі	3533	336.3878	5.5268
388	шк	3493	332.5792	5.5219
389	нс	3480	331.3415	5.5203
390	ют	3474	330.7702	5.5195
391	ha	3470	330.3893	5.519
392	хі	3453	328.7707	5.5169
393	п$	3441	327.6282	5.5154
394	u$	3402	323.9149	5.5104
395	^d	3388	322.5819	5.5086
396	їм	3379	321.725	5.5075
397	at	3351	319.059	5.5039
398	ng	3323	316.393	5.5002
399	рд	3314	315.5361	5.499
400	хи	3246	309.0616	5.49
401	хл	3235	308.0143	5.4886
402	ег	3229	307.443	5.4878
403	уч	3227	307.2526	5.4875
404	нш	3200	304.6818	5.4838
405	вп	3195	304.2058	5.4832
406	ащ	3148	299.7307	5.4767
407	ьн	3124	297.4456	5.4734
408	юс	3119	296.9696	5.4727
409	йм	3067	292.0185	5.4654
410	it	3050	290.3999	5.463
411	юб	3039	289.3525	5.4614
412	іж	3022	287.7339	5.459
413	^g	2988	284.4966	5.4541
414	ян	2979	283.6397	5.4528
415	hi	2969	282.6876	5.4513
416	жі	2956	281.4498	5.4494
417	фі	2951	280.9738	5.4487
418	вб	2944	280.3073	5.4476
419	g$	2937	279.6408	5.4466
420	^n	2925	278.4982	5.4448
421	l$	2923	278.3078	5.4445
422	зп	2914	277.4509	5.4432
423	жл	2890	275.1658	5.4396
424	из	2881	274.3088	5.4382
425	рм	2878	274.0232	5.4378
426	вк	2857	272.0237	5.4346
427	to	2851	271.4525	5.4337
428	ци	2843	270.6908	5.4325
429	фо	2833	269.7386	5.4309
430	зе	2831	269.5482	5.4306
431	шс	2821	268.5961	5.4291
432	чк	2808	267.3583	5.4271
433	уб	2801	266.6918	5.426
434	яг	2766	263.3593	5.4205
435	кс	2759	262.6929	5.4194
436	^p	2754	262.2168	5.4187
437	ar	2744	261.2647	5.4171
438	me	2732	260.1221	5.4152
439	гн	2727	259.646	5.4144
440	юв	2711	258.1226	5.4118
441	уз	2710	258.0274	5.4117
442	ню	2669	254.1237	5.405
443	лл	2667	253.9333	5.4047
444	уй	2658	253.0763	5.4033
445	ги	2643	251.6481	5.4008
446	уг	2639	251.2673	5.4001
446	уш	2639	251.2673	5.4001
447	зл	2613	248.7917	5.3958
448	жо	2612	248.6965	5.3957
449	ve	2600	247.554	5.3937
450	ює	2599	247.4588	5.3935
451	st	2597	247.2683	5.3932
451	дс	2597	247.2683	5.3932
452	дп	2595	247.0779	5.3928
453	жд	2592	246.7923	5.3923
454	en	2585	246.1258	5.3912
455	сю	2580	245.6497	5.3903
456	^l	2576	245.2689	5.3896
457	ll	2565	244.2215	5.3878
458	ць	2540	241.8412	5.3835
459	is	2525	240.413	5.381
460	яп	2492	237.271	5.3752
461	^f	2491	237.1758	5.3751
461	вз	2491	237.1758	5.3751
462	al	2481	236.2236	5.3733
463	іц	2474	235.5571	5.3721
464	їд	2465	234.7002	5.3705
465	ea	2463	234.5098	5.3702
466	сц	2430	231.3678	5.3643
467	or	2423	230.7013	5.3631
468	ma	2419	230.3204	5.3623
469	ta	2408	229.2731	5.3604
470	вр	2400	228.5114	5.3589
471	хв	2382	226.7975	5.3556
472	кн	2380	226.6071	5.3553
473	ща	2370	225.655	5.3534
474	юч	2362	224.8933	5.352
475	nd	2344	223.1794	5.3487
476	еї	2342	222.989	5.3483
477	пя	2333	222.1321	5.3466
478	їй	2322	221.0847	5.3446
479	ch	2303	219.2757	5.341
480	рв	2292	218.2284	5.3389
481	te	2287	217.7523	5.338
482	h$	2282	217.2762	5.337
483	ху	2254	214.6103	5.3317
484	om	2248	214.039	5.3305
485	рс	2227	212.0395	5.3264
486	яє	2219	211.2778	5.3249
487	ho	2212	210.6113	5.3235
488	в'	2208	210.2305	5.3227
489	єї	2197	209.1831	5.3205
490	no	2183	207.8501	5.3178
491	йк	2178	207.3741	5.3168
492	рю	2174	206.9932	5.316
493	рл	2130	202.8038	5.3071
494	єю	2095	199.4714	5.2999
495	яч	2060	196.1389	5.2926
496	мп	2053	195.4724	5.2911
497	яз	2039	194.1394	5.2881
498	дч	2033	193.5682	5.2868
498	шн	2033	193.5682	5.2868
499	li	2019	192.2352	5.2838
500	ех	1997	190.1405	5.2791
501	дд	1993	189.7596	5.2782
502	'є	1982	188.7123	5.2758
503	^r	1981	188.6171	5.2756
503	ne	1981	188.6171	5.2756
504	se	1951	185.7607	5.269
505	m$	1946	185.2846	5.2678
506	сх	1923	183.0947	5.2627
507	хн	1905	181.3809	5.2586
508	иж	1904	181.2857	5.2584
509	зк	1876	178.6197	5.2519
510	le	1857	176.8107	5.2475
511	дз	1855	176.6202	5.247
512	рг	1849	176.049	5.2456
513	ed	1832	174.4303	5.2416
514	лк	1827	173.9543	5.2404
515	нi	1823	173.5734	5.2395
516	іо	1822	173.4782	5.2392
517	po	1813	172.6213	5.2371
518	нч	1806	171.9548	5.2354
519	жк	1805	171.8596	5.2352
520	аї	1799	171.2883	5.2337
521	яс	1781	169.5745	5.2294
522	go	1777	169.1936	5.2284
523	^k	1776	169.0984	5.2281
524	as	1766	168.1463	5.2257
525	мл	1757	167.2894	5.2235
526	нг	1753	166.9085	5.2225
527	іп	1751	166.7181	5.222
528	es	1749	166.5277	5.2215
529	оу	1748	166.4324	5.2212
530	ищ	1738	165.4803	5.2187
531	фе	1737	165.3851	5.2185
532	nt	1728	164.5282	5.2162
533	вi	1726	164.3378	5.2157
534	зг	1703	162.1479	5.2099
535	ri	1700	161.8622	5.2091
535	дт	1700	161.8622	5.2091
536	мк	1685	160.434	5.2053
537	оц	1681	160.0532	5.2043
538	^e	1670	159.0058	5.2014
539	єд	1669	158.9106	5.2012
540	шв	1660	158.0537	5.1988
541	ец	1652	157.292	5.1967
542	дь	1638	155.959	5.193
543	ял	1634	155.5782	5.1919
544	фа	1631	155.2925	5.1912
545	wa	1628	155.0069	5.1904
546	do	1615	153.7691	5.1869
547	іа	1610	153.293	5.1855
548	зя	1595	151.8648	5.1815
549	кв	1578	150.2462	5.1768
550	ьш	1575	149.9606	5.176
551	el	1567	149.1989	5.1738
552	ro	1566	149.1037	5.1735
553	ow	1555	148.0563	5.1704
554	пц	1554	147.9611	5.1701
555	ac	1544	147.009	5.1673
556	co	1538	146.4377	5.1657
557	вг	1526	145.2951	5.1623
558	иє	1522	144.9143	5.1611
559	ях	1512	143.9622	5.1582
560	sh	1502	143.01	5.1554
561	вв	1500	142.8196	5.1548
562	іщ	1493	142.1531	5.1528
563	oo	1492	142.0579	5.1525
564	ею	1490	141.8675	5.1519
565	щи	1489	141.7723	5.1516
566	фр	1488	141.677	5.1513
567	be	1487	141.5818	5.151
568	ti	1485	141.3914	5.1504
569	de	1480	140.9153	5.149
570	оф	1479	140.8201	5.1487
571	ur	1476	140.5345	5.1478
572	na	1465	139.4871	5.1445
573	иї	1456	138.6302	5.1419
574	яя	1450	138.0589	5.1401
575	дб	1448	137.8685	5.1395
576	's	1441	137.202	5.1374
577	еф	1427	135.869	5.1331
578	рб	1425	135.6786	5.1325
579	et	1423	135.4882	5.1319
580	k$	1420	135.2026	5.131
581	we	1414	134.6313	5.1291
582	ra	1387	132.0605	5.1208
582	us	1387	132.0605	5.1208
583	п'	1386	131.9653	5.1205
584	ео	1382	131.5845	5.1192
585	il	1372	130.6323	5.1161
586	ca	1371	130.5371	5.1157
587	гт	1364	129.8706	5.1135
588	wh	1363	129.7754	5.1132
589	чт	1357	129.2041	5.1113
590	ot	1344	127.9664	5.1071
591	ee	1332	126.8238	5.1032
592	тю	1308	124.5387	5.0953
593	їн	1294	123.2057	5.0906
594	p$	1280	121.8727	5.0859
595	so	1273	121.2062	5.0835
596	f$	1269	120.8254	5.0822
596	аф	1269	120.8254	5.0822
597	з'	1262	120.1589	5.0798
598	lo	1259	119.8733	5.0787
599	w$	1246	118.6355	5.0742
600	б'	1243	118.3498	5.0732
601	op	1194	113.6844	5.0557
602	ut	1192	113.494	5.055
602	дм	1192	113.494	5.055
603	ke	1189	113.2083	5.0539
604	уа	1181	112.4466	5.0509
605	пн	1176	111.9706	5.0491
606	ay	1161	110.5424	5.0435
607	ig	1156	110.0663	5.0417
608	тл	1155	109.9711	5.0413
609	fs	1149	109.3998	5.039
610	pe	1147	109.2094	5.0383
611	єн	1141	108.6381	5.036
612	пo	1139	108.4477	5.0352
613	нє	1138	108.3525	5.0348
614	о-	1135	108.0668	5.0337
615	gh	1132	107.7812	5.0325
616	^u	1121	106.7338	5.0283
617	di	1116	106.2578	5.0264
618	ещ	1093	104.0679	5.0173
619	if	1088	103.5918	5.0153
620	ai	1086	103.4014	5.0145
621	ау	1080	102.8301	5.0121
622	bi	1076	102.4493	5.0105
622	ея	1076	102.4493	5.0105
623	сс	1072	102.0684	5.0089
624	дш	1062	101.1163	5.0048
625	пґ	1048	99.7833	4.9991
626	ah	1046	99.5929	4.9982
626	їж	1046	99.5929	4.9982
627	'ї	1045	99.4977	4.9978
627	bo	1045	99.4977	4.9978
628	wi	1030	98.0695	4.9915
629	ab	1024	97.4982	4.989
630	ощ	1017	96.8317	4.986
630	рц	1017	96.8317	4.986
631	'ю	1008	95.9748	4.9822
631	вм	1008	95.9748	4.9822
632	mi	1006	95.7843	4.9813
633	єв	1000	95.2131	4.9787
634	iд	997	94.9274	4.9774
635	un	991	94.3562	4.9748
636	вя	989	94.1657	4.9739
637	la	985	93.7849	4.9721
638	ad	980	93.3088	4.9699
639	pi	979	93.2136	4.9695
640	id	978	93.1184	4.969
641	ni	971	92.4519	4.9659
642	тo	962	91.595	4.9619
643	йб	957	91.1189	4.9596
644	ht	950	90.4524	4.9564
644	кб	950	90.4524	4.9564
645	pa	949	90.3572	4.956
646	йл	948	90.262	4.9555
646	яю	948	90.262	4.9555
647	am	946	90.0716	4.9546
648	ki	942	89.6907	4.9527
649	ic	934	88.929	4.949
650	ev	933	88.8338	4.9486
651	n'	931	88.6434	4.9476
651	еа	931	88.6434	4.9476
652	мр	929	88.4529	4.9467
653	їз	928	88.3577	4.9462
654	ge	926	88.1673	4.9453
655	хе	925	88.0721	4.9448
656	of	923	87.8817	4.9439
657	пp	920	87.596	4.9425
658	рр	912	86.8343	4.9387
659	ия	904	86.0726	4.9349
660	ol	898	85.5013	4.932
661	пт	894	85.1205	4.93
662	mo	881	83.8827	4.9237
663	im	872	83.0258	4.9192
664	хр	870	82.8354	4.9182
665	юю	865	82.3593	4.9157
666	уя	860	81.8832	4.9132
667	ka	853	81.2167	4.9096
668	тж	852	81.1215	4.9091
669	ce	849	80.8359	4.9076
670	si	848	80.7407	4.9071
671	't	847	80.6455	4.9066
672	бт	843	80.2646	4.9045
673	fn	841	80.0742	4.9035
673	щo	841	80.0742	4.9035
674	ie	840	79.979	4.903
675	t'	839	79.8838	4.9025
676	ir	836	79.5981	4.9009
677	рп	834	79.4077	4.8999
678	їс	832	79.2173	4.8988
679	пс	831	79.1221	4.8983
680	rt	827	78.7412	4.8962
681	ry	826	78.646	4.8957
682	sa	819	77.9795	4.892
683	бс	817	77.7891	4.8909
684	i'	815	77.5987	4.8899
684	гo	815	77.5987	4.8899
685	нo	814	77.5034	4.8893
686	ok	813	77.4082	4.8888
686	яй	813	77.4082	4.8888
687	oв	808	76.9322	4.8861
688	av	807	76.8369	4.8856
689	мс	796	75.7896	4.8796
689	єр	796	75.7896	4.8796
690	iн	795	75.6944	4.8791
690	мб	795	75.6944	4.8791
691	ba	789	75.1231	4.8758
692	oг	783	74.5518	4.8725
693	io	782	74.4566	4.8719
694	fo	772	73.5045	4.8663
694	вц	772	73.5045	4.8663
695	ld	769	73.2188	4.8646
696	юк	767	73.0284	4.8635
697	hf	766	72.9332	4.8629
698	ak	764	72.7428	4.8618
699	ьм	757	72.0763	4.8578
700	ck	752	71.6002	4.8549
701	мм	751	71.505	4.8543
702	oб	749	71.3146	4.8532
703	tr	745	70.9337	4.8509
704	їв	743	70.7433	4.8497
705	-н	739	70.3625	4.8473
706	ep	737	70.172	4.8462
707	ly	734	69.8864	4.8444
708	ґп	730	69.5055	4.842
709	пч	729	69.4103	4.8414
710	^j	725	69.0295	4.839
711	кo	724	68.9343	4.8384
712	нa	721	68.6486	4.8366
713	ul	720	68.5534	4.836
714	мo	719	68.4582	4.8354
715	fi	715	68.0773	4.833
716	fe	714	67.9821	4.8324
717	дi	705	67.1252	4.8269
718	bu	704	67.03	4.8263
719	rs	703	66.9348	4.8257
719	ru	703	66.9348	4.8257
719	мi	703	66.9348	4.8257
720	нф	700	66.6491	4.8238
721	йв	699	66.5539	4.8232
722	pи	696	66.2683	4.8213
723	os	690	65.697	4.8175
724	дo	689	65.6018	4.8169
725	ая	688	65.5066	4.8163
726	ap	683	65.0305	4.8131
726	wo	683	65.0305	4.8131
727	oм	682	64.9353	4.8125
727	лд	682	64.9353	4.8125
728	ye	679	64.6497	4.8106
729	da	677	64.4592	4.8093
730	ns	674	64.1736	4.8074
731	^ґ	672	63.9832	4.8061
731	зс	672	63.9832	4.8061
732	оо	665	63.3167	4.8015
733	яц	662	63.0311	4.7996
734	юр	656	62.4598	4.7956
735	ec	654	62.2693	4.7943
735	nn	654	62.2693	4.7943
736	ey	642	61.1268	4.7862
737	нe	639	60.8412	4.7842
738	бк	638	60.7459	4.7835
739	ga	635	60.4603	4.7815
740	щі	633	60.2699	4.7801
741	ss	631	60.0794	4.7787
741	рж	631	60.0794	4.7787
742	і-	628	59.7938	4.7767
743	фу	627	59.6986	4.776
744	od	625	59.5082	4.7746
745	рх	624	59.413	4.7739
746	e'	619	58.9369	4.7704
746	рй	619	58.9369	4.7704
746	тс	619	58.9369	4.7704
747	тч	618	58.8417	4.7697
748	зь	615	58.556	4.7676
749	лi	614	58.4608	4.7669
749	лт	614	58.4608	4.7669
750	ef	613	58.3656	4.7662
751	їл	612	58.2704	4.7654
752	my	611	58.1752	4.7647
752	вo	611	58.1752	4.7647
753	su	607	57.7943	4.7619
754	pа	602	57.3183	4.7583
754	кц	602	57.3183	4.7583
755	^и	598	56.9374	4.7554
755	iв	598	56.9374	4.7554
755	їт	598	56.9374	4.7554
756	vi	597	56.8422	4.7547
757	em	595	56.6518	4.7532
758	єп	594	56.5566	4.7525
759	а-	592	56.3661	4.751
759	йц	592	56.3661	4.751
760	ov	589	56.0805	4.7488
761	йж	585	55.6996	4.7459
762	ik	583	55.5092	4.7444
762	пє	583	55.5092	4.7444
763	-т	581	55.3188	4.7429
763	ф$	581	55.3188	4.7429
764	аа	580	55.2236	4.7421
765	tt	565	53.7954	4.7307
766	'm	554	52.748	4.7222
767	iv	551	52.4624	4.7198
767	вш	551	52.4624	4.7198
768	^ю	547	52.0815	4.7167
769	тi	544	51.7959	4.7143
770	ца	540	51.4151	4.7111
771	ср	539	51.3198	4.7103
772	фл	538	51.2246	4.7095
773	лo	537	51.1294	4.7087
774	пi	536	51.0342	4.7079
775	ip	535	50.939	4.7071
775	щу	535	50.939	4.7071
776	^v	526	50.0821	4.6997
777	iй	523	49.7964	4.6972
778	бi	520	49.5108	4.6947
779	ds	519	49.4156	4.6939
780	ag	518	49.3204	4.693
781	kn	517	49.2252	4.6922
782	чч	513	48.8443	4.6888
783	rd	510	48.5587	4.6863
784	up	507	48.273	4.6837
784	дю	507	48.273	4.6837
785	гк	504	47.9874	4.6811
785	еp	504	47.9874	4.6811
786	ґа	502	47.797	4.6794
787	'r	501	47.7017	4.6785
787	тp	501	47.7017	4.6785
788	oд	499	47.5113	4.6768
789	iл	497	47.3209	4.6751
789	iт	497	47.3209	4.6751
790	ьт	493	46.94	4.6715
791	ia	492	46.8448	4.6707
792	юй	480	45.7023	4.6599
793	цi	473	45.0358	4.6536
794	nc	468	44.5597	4.6489
794	кш	468	44.5597	4.6489
795	oл	466	44.3693	4.6471
796	уї	463	44.0837	4.6443
797	oc	460	43.798	4.6415
798	oн	459	43.7028	4.6405
799	жч	454	43.2267	4.6358
800	хм	446	42.465	4.628
801	-п	445	42.3698	4.6271
802	яж	444	42.2746	4.6261
803	fr	438	41.7033	4.6202
804	eн	437	41.6081	4.6192
804	яр	437	41.6081	4.6192
805	pl	433	41.2273	4.6152
806	oh	432	41.132	4.6142
807	зa	431	41.0368	4.6132
808	зт	429	40.8464	4.6112
809	cт	426	40.5608	4.6081
810	р'	425	40.4656	4.6071
811	fa	423	40.2751	4.605
811	nk	423	40.2751	4.605
812	sc	422	40.1799	4.604
813	oi	418	39.7991	4.5999
813	вa	418	39.7991	4.5999
814	пк	417	39.7038	4.5988
815	ju	414	39.4182	4.5957
816	-м	412	39.2278	4.5936
817	u'	410	39.0374	4.5915
818	oт	409	38.9421	4.5904
819	чл	408	38.8469	4.5894
820	cr	407	38.7517	4.5883
821	b$	406	38.6565	4.5872
822	ое	404	38.4661	4.5851
823	oз	401	38.1804	4.5818
824	іф	395	37.6092	4.5753
825	цт	391	37.2283	4.5709
826	c$	390	37.1331	4.5698
827	рз	389	37.0379	4.5686
828	pr	383	36.4666	4.5619
829	iс	381	36.2762	4.5596
830	чя	379	36.0858	4.5573
831	oк	376	35.8001	4.5539
831	цу	376	35.8001	4.5539
832	ko	375	35.7049	4.5527
832	ts	375	35.7049	4.5527
833	рч	374	35.6097	4.5516
834	нз	373	35.5145	4.5504
835	tu	372	35.4193	4.5492
836	gr	366	34.848	4.5422
837	иф	365	34.7528	4.541
838	дц	363	34.5623	4.5386
839	bl	362	34.4671	4.5374
840	кi	361	34.3719	4.5362
841	gi	359	34.1815	4.5338
842	йз	357	33.9911	4.5314
843	rr	356	33.8959	4.5301
844	dr	354	33.7054	4.5277
845	-с	352	33.515	4.5252
845	ug	352	33.515	4.5252
845	аp	352	33.515	4.5252
846	br	349	33.2294	4.5215
846	ls	349	33.2294	4.5215
847	x$	348	33.1341	4.5203
848	вх	346	32.9437	4.5178
849	бм	345	32.8485	4.5165
849	шм	345	32.8485	4.5165
850	е-	344	32.7533	4.5153
850	тa	344	32.7533	4.5153
850	ущ	344	32.7533	4.5153
851	-а	341	32.4677	4.5115
852	au	339	32.2772	4.5089
853	ex	337	32.0868	4.5063
853	va	337	32.0868	4.5063
854	тц	336	31.9916	4.505
855	ny	335	31.8964	4.5037
855	ь-	335	31.8964	4.5037
856	и-	334	31.8012	4.5024
857	дг	333	31.706	4.5011
858	oж	332	31.6107	4.4998
859	кa	331	31.5155	4.4985
859	пї	331	31.5155	4.4985
860	ct	330	31.4203	4.4972
860	ае	330	31.4203	4.4972
861	pp	327	31.1347	4.4932
861	д'	327	31.1347	4.4932
862	-к	326	31.0395	4.4919
863	тe	325	30.9442	4.4906
864	aв	324	30.849	4.4892
865	лє	323	30.7538	4.4879
866	sp	321	30.5634	4.4852
867	iш	318	30.2778	4.4811
867	ys	318	30.2778	4.4811
868	юн	317	30.1825	4.4798
869	уе	315	29.9921	4.477
870	ао	314	29.8969	4.4756
871	-я	311	29.6113	4.4715
872	rn	310	29.5161	4.4701
872	ui	310	29.5161	4.4701
873	cя	309	29.4208	4.4687
873	uc	309	29.4208	4.4687
873	жб	309	29.4208	4.4687
874	iм	308	29.3256	4.4672
875	by	306	29.1352	4.4644
875	eg	306	29.1352	4.4644
875	pе	306	29.1352	4.4644
876	бг	305	29.04	4.463
877	рi	304	28.9448	4.4616
878	-д	303	28.8496	4.4601
879	aл	302	28.7543	4.4587
879	бo	302	28.7543	4.4587
880	сi	301	28.6591	4.4573
880	ц$	301	28.6591	4.4573
881	aт	298	28.3735	4.4529
882	лa	297	28.2783	4.4515
883	йг	293	27.8974	4.4456
884	мe	292	27.8022	4.4441
885	lt	291	27.707	4.4426
885	дх	291	27.707	4.4426
886	бб	290	27.6118	4.4411
887	ci	287	27.3262	4.4366
887	мa	287	27.3262	4.4366
888	ya	285	27.1357	4.4335
888	тє	285	27.1357	4.4335
888	їп	285	27.1357	4.4335
889	гв	283	26.9453	4.4305
890	gu	282	26.8501	4.4289
891	'l	281	26.7549	4.4274
891	еє	281	26.7549	4.4274
891	йo	281	26.7549	4.4274
892	oс	279	26.5644	4.4243
892	кк	279	26.5644	4.4243
893	hu	278	26.4692	4.4227
894	-р	277	26.374	4.4212
894	mu	277	26.374	4.4212
894	бх	277	26.374	4.4212
895	wn	276	26.2788	4.4196
896	ее	275	26.1836	4.418
897	dy	272	25.898	4.4133
897	fu	272	25.898	4.4133
897	йп	272	25.898	4.4133
897	мц	272	25.898	4.4133
898	aй	271	25.8027	4.4117
898	rl	271	25.8027	4.4117
898	уо	271	25.8027	4.4117
899	нв	270	25.7075	4.4101
900	lu	269	25.6123	4.4084
900	юм	269	25.6123	4.4084
901	ty	268	25.5171	4.4068
902	ґр	267	25.4219	4.4052
903	єс	266	25.3267	4.4036
904	юз	263	25.041	4.3987
905	їш	262	24.9458	4.397
906	iк	260	24.7554	4.3937
906	rv	260	24.7554	4.3937
906	рф	260	24.7554	4.3937
906	цe	260	24.7554	4.3937
907	-о	259	24.6602	4.392
908	ku	258	24.565	4.3903
908	ящ	258	24.565	4.3903
909	юц	254	24.1841	4.3835
910	^'	251	23.8985	4.3784
911	aм	249	23.7081	4.3749
911	uh	249	23.7081	4.3749
912	aк	248	23.6128	4.3731
912	aн	248	23.6128	4.3731
912	cy	248	23.6128	4.3731
913	ы$	245	23.3272	4.3679
914	sf	244	23.232	4.3661
915	бp	243	23.1368	4.3643
915	зз	243	23.1368	4.3643
916	py	242	23.0416	4.3625
917	бa	241	22.9463	4.3607
918	^x	240	22.8511	4.3589
918	жe	240	22.8511	4.3589
919	нл	237	22.5655	4.3534
919	ьє	237	22.5655	4.3534
920	oю	236	22.4703	4.3516
920	чo	236	22.4703	4.3516
921	р-	235	22.3751	4.3498
922	щ$	234	22.2799	4.3479
923	iз	233	22.1846	4.3461
924	mp	232	22.0894	4.3442
924	дa	232	22.0894	4.3442
924	зч	232	22.0894	4.3442
925	іу	231	21.9942	4.3423
926	ei	230	21.899	4.3404
926	кp	230	21.899	4.3404
927	yt	229	21.8038	4.3385
928	oч	228	21.7086	4.3366
928	т-	228	21.7086	4.3366
929	ob	227	21.6134	4.3347
930	iч	225	21.4229	4.3309
931	-б	224	21.3277	4.3289
932	цн	223	21.2325	4.327
933	rm	222	21.1373	4.325
933	tl	222	21.1373	4.325
933	гш	222	21.1373	4.325
933	н-	222	21.1373	4.325
934	ґ$	221	21.0421	4.3231
935	к-	220	20.9469	4.3211
936	gl	219	20.8517	4.3191
937	vy	218	20.7564	4.3172
937	зш	218	20.7564	4.3172
937	оа	218	20.7564	4.3172
937	с-	218	20.7564	4.3172
938	um	217	20.6612	4.3152
938	лс	217	20.6612	4.3152
938	єк	217	20.6612	4.3152
939	cl	216	20.566	4.3131
939	м-	216	20.566	4.3131
939	ьй	216	20.566	4.3131
940	hy	215	20.4708	4.3111
940	pu	215	20.4708	4.3111
940	уґ	215	20.4708	4.3111
941	уц	214	20.3756	4.3091
941	шп	214	20.3756	4.3091
942	aє	213	20.2804	4.3071
942	eo	213	20.2804	4.3071
942	уу	213	20.2804	4.3071
943	aw	212	20.1852	4.305
943	oa	212	20.1852	4.305
943	й-	212	20.1852	4.305
944	mm	209	19.8995	4.2988
945	ks	208	19.8043	4.2968
946	tи	207	19.7091	4.2947
947	'v	206	19.6139	4.2926
947	ph	206	19.6139	4.2926
948	ue	205	19.5187	4.2905
949	af	204	19.4235	4.2883
949	тм	204	19.4235	4.2883
950	-в	202	19.233	4.284
951	nl	201	19.1378	4.2819
951	yr	201	19.1378	4.2819
951	бy	201	19.1378	4.2819
952	сф	200	19.0426	4.2797
953	бц	198	18.8522	4.2754
953	іе	198	18.8522	4.2754
954	iб	197	18.757	4.2732
954	зi	197	18.757	4.2732
955	hr	195	18.5665	4.2687
955	гм	195	18.5665	4.2687
955	пш	195	18.5665	4.2687
956	ew	194	18.4713	4.2665
956	rk	194	18.4713	4.2665
956	сб	194	18.4713	4.2665
956	ґя	194	18.4713	4.2665
957	ps	192	18.2809	4.262
957	чi	192	18.2809	4.262
958	og	191	18.1857	4.2597
958	pт	191	18.1857	4.2597
958	бд	191	18.1857	4.2597
958	уф	191	18.1857	4.2597
959	юг	190	18.0905	4.2575
960	gs	186	17.7096	4.2482
960	ие	186	17.7096	4.2482
961	pу	185	17.6144	4.2459
961	сш	185	17.6144	4.2459
961	фт	185	17.6144	4.2459
962	-х	182	17.3288	4.2388
962	iр	182	17.3288	4.2388
962	у-	182	17.3288	4.2388
963	лe	181	17.2336	4.2364
964	'$	180	17.1384	4.234
964	dn	180	17.1384	4.234
964	км	180	17.1384	4.234
965	qu	179	17.0431	4.2315
965	ию	179	17.0431	4.2315
966	-з	178	16.9479	4.2291
966	aз	178	16.9479	4.2291
966	иc	178	16.9479	4.2291
967	uk	177	16.8527	4.2267
968	oп	176	16.7575	4.2242
968	бe	176	16.7575	4.2242
968	йр	176	16.7575	4.2242
969	рь	175	16.6623	4.2217
969	тб	175	16.6623	4.2217
969	ьб	175	16.6623	4.2217
969	яш	175	16.6623	4.2217
970	-е	174	16.5671	4.2192
970	mb	174	16.5671	4.2192
971	sk	173	16.4719	4.2167
971	дy	173	16.4719	4.2167
971	юх	173	16.4719	4.2167
972	lk	172	16.3766	4.2142
972	нж	172	16.3766	4.2142
972	пх	172	16.3766	4.2142
973	ft	169	16.091	4.2066
973	sl	169	16.091	4.2066
973	аґ	169	16.091	4.2066
973	тх	169	16.091	4.2066
974	ms	167	15.9006	4.2014
975	ua	166	15.8054	4.1988
976	дe	165	15.7102	4.1962
977	гa	164	15.6149	4.1935
978	гг	163	15.5197	4.1909
978	ґо	163	15.5197	4.1909
979	iя	161	15.3293	4.1855
979	ґе	161	15.3293	4.1855
980	rg	160	15.2341	4.1828
981	jo	159	15.1389	4.1801
981	yc	159	15.1389	4.1801
981	ьц	159	15.1389	4.1801
981	ью	159	15.1389	4.1801
982	ja	158	15.0437	4.1774
982	ub	158	15.0437	4.1774
982	xo	158	15.0437	4.1774
983	eм	156	14.8532	4.1718
983	ны	156	14.8532	4.1718
983	юл	156	14.8532	4.1718
984	^z	155	14.758	4.169
984	мв	155	14.758	4.169
985	fc	153	14.5676	4.1634
985	іґ	153	14.5676	4.1634
986	pн	152	14.4724	4.1605
987	дp	151	14.3772	4.1577
987	уі	151	14.3772	4.1577
988	cu	150	14.282	4.1548
988	y'	150	14.282	4.1548
988	ьд	150	14.282	4.1548
989	rc	149	14.1867	4.1519
990	мy	148	14.0915	4.149
991	-г	146	13.9011	4.143
992	бш	144	13.7107	4.1371
992	ьф	144	13.7107	4.1371
993	pt	143	13.6155	4.134
994	нб	141	13.425	4.1279
994	яб	141	13.425	4.1279
995	ii	140	13.3298	4.1248
995	tw	140	13.3298	4.1248
996	ib	139	13.2346	4.1217
997	yb	138	13.1394	4.1186
997	yв	138	13.1394	4.1186
997	ґі	138	13.1394	4.1186
998	dd	137	13.0442	4.1154
998	v$	137	13.0442	4.1154
998	yi	137	13.0442	4.1154
998	шi	137	13.0442	4.1154
999	oe	136	12.949	4.1122
999	пe	136	12.949	4.1122
999	фф	136	12.949	4.1122
1000	^э	134	12.7586	4.1058
1000	нр	134	12.7586	4.1058
1000	фи	134	12.7586	4.1058
1000	юп	134	12.7586	4.1058
1001	lf	133	12.6633	4.1025
1002	yк	132	12.5681	4.0993
1002	иа	132	12.5681	4.0993
1002	нґ	132	12.5681	4.0993
1003	-і	130	12.3777	4.0926
1003	ae	130	12.3777	4.0926
1004	eh	129	12.2825	4.0893
1004	iє	129	12.2825	4.0893
1004	зp	129	12.2825	4.0893
1004	лф	129	12.2825	4.0893
1005	з-	128	12.1873	4.0859
1005	я-	128	12.1873	4.0859
1006	nu	127	12.0921	4.0825
1006	sy	127	12.0921	4.0825
1006	ud	127	12.0921	4.0825
1007	йа	126	11.9968	4.0791
1008	df	125	11.9016	4.0756
1008	eб	125	11.9016	4.0756
1008	oї	125	11.9016	4.0756
1008	йф	125	11.9016	4.0756
1009	oy	124	11.8064	4.0721
1009	sn	124	11.8064	4.0721
1010	єц	123	11.7112	4.0686
1011	^ѕ	122	11.616	4.0651
1011	нy	122	11.616	4.0651
1011	чe	122	11.616	4.0651
1011	єг	122	11.616	4.0651
1012	uy	121	11.5208	4.0615
1012	vo	121	11.5208	4.0615
1012	кз	121	11.5208	4.0615
1013	кч	120	11.4256	4.0579
1014	xp	119	11.3304	4.0542
1014	yм	119	11.3304	4.0542
1014	иx	119	11.3304	4.0542
1015	цв	118	11.2351	4.0506
1016	^q	117	11.1399	4.0469
1016	ax	117	11.1399	4.0469
1016	п-	117	11.1399	4.0469
1017	чц	116	11.0447	4.0432
1018	aю	115	10.9495	4.0394
1018	cп	115	10.9495	4.0394
1018	lm	115	10.9495	4.0394
1018	иp	115	10.9495	4.0394
1018	мя	115	10.9495	4.0394
1019	eb	114	10.8543	4.0356
1019	ky	114	10.8543	4.0356
1019	za	114	10.8543	4.0356
1019	лб	114	10.8543	4.0356
1019	ый	114	10.8543	4.0356
1020	-л	113	10.7591	4.0318
1020	мт	113	10.7591	4.0318
1020	мф	113	10.7591	4.0318
1021	ья	112	10.6639	4.0279
1022	gd	111	10.5687	4.024
1022	tc	111	10.5687	4.024
1022	лв	111	10.5687	4.024
1022	нх	111	10.5687	4.024
1022	сo	111	10.5687	4.024
1023	iю	110	10.4734	4.0201
1023	йя	110	10.4734	4.0201
1024	лм	109	10.3782	4.0161
1025	du	108	10.283	4.0121
1025	lp	108	10.283	4.0121
1025	вe	108	10.283	4.0121
1025	ю-	108	10.283	4.0121
1026	'д	107	10.1878	4.0081
1026	-ч	107	10.1878	4.0081
1026	aч	107	10.1878	4.0081
1026	єя	107	10.1878	4.0081
1026	іі	107	10.1878	4.0081
1027	aд	106	10.0926	4.004
1027	cк	106	10.0926	4.004
1027	цо	106	10.0926	4.004
1028	fl	105	9.9974	3.9999
1028	hc	105	9.9974	3.9999
1029	sт	103	9.8069	3.9915
1029	рo	103	9.8069	3.9915
1030	vu	102	9.7117	3.9873
1030	рґ	102	9.7117	3.9873
1031	sm	101	9.6165	3.983
1032	je	100	9.5213	3.9787
1032	вc	100	9.5213	3.9787
1032	гд	100	9.5213	3.9787
1032	тд	100	9.5213	3.9787
1032	шш	100	9.5213	3.9787
1032	їк	100	9.5213	3.9787
1033	бю	99	9.4261	3.9743
1033	йє	99	9.4261	3.9743
1033	эт	99	9.4261	3.9743
1034	nr	98	9.3309	3.9699
1034	оі	98	9.3309	3.9699
1035	aa	97	9.2357	3.9655
1035	aж	97	9.2357	3.9655
1035	ji	97	9.2357	3.9655
1035	зo	97	9.2357	3.9655
1035	йч	97	9.2357	3.9655
1036	iг	96	9.1405	3.961
1036	хi	96	9.1405	3.961
1037	eu	95	9.0452	3.9564
1037	yv	95	9.0452	3.9564
1037	в-	95	9.0452	3.9564
1037	еу	95	9.0452	3.9564
1037	пё	95	9.0452	3.9564
1038	eк	94	8.95	3.9518
1038	hk	94	8.95	3.9518
1038	j$	94	8.95	3.9518
1038	tf	94	8.95	3.9518
1038	yn	94	8.95	3.9518
1039	гp	93	8.8548	3.9472
1040	eй	92	8.7596	3.9425
1040	iж	92	8.7596	3.9425
1040	оґ	92	8.7596	3.9425
1041	-ф	91	8.6644	3.9377
1041	xa	91	8.6644	3.9377
1041	жi	91	8.6644	3.9377
1041	рѕ	91	8.6644	3.9377
1041	шр	91	8.6644	3.9377
1041	ющ	91	8.6644	3.9377
1042	hе	90	8.5692	3.9329
1042	nw	90	8.5692	3.9329
1042	пa	90	8.5692	3.9329
1043	aб	89	8.474	3.9281
1043	iх	89	8.474	3.9281
1043	бя	89	8.474	3.9281
1043	шo	89	8.474	3.9281
1044	eл	88	8.3787	3.9232
1044	yл	88	8.3787	3.9232
1044	гi	88	8.3787	3.9232
1045	az	87	8.2835	3.9182
1046	oє	86	8.1883	3.9132
1046	зy	86	8.1883	3.9132
1046	зц	86	8.1883	3.9132
1046	шe	86	8.1883	3.9132
1046	юж	86	8.1883	3.9132
1046	юш	86	8.1883	3.9132
1047	'd	85	8.0931	3.9081
1047	тш	85	8.0931	3.9081
1047	уp	85	8.0931	3.9081
1047	чa	85	8.0931	3.9081
1047	юа	85	8.0931	3.9081
1048	cи	84	7.9979	3.903
1048	sb	84	7.9979	3.903
1048	жц	84	7.9979	3.903
1049	eт	83	7.9027	3.8978
1049	eш	83	7.9027	3.8978
1049	ox	83	7.9027	3.8978
1049	pі	83	7.9027	3.8978
1049	ze	83	7.9027	3.8978
1049	гс	83	7.9027	3.8978
1049	ьщ	83	7.9027	3.8978
1049	ґу	83	7.9027	3.8978
1050	xc	82	7.8075	3.8925
1050	мч	82	7.8075	3.8925
1050	мш	82	7.8075	3.8925
1051	hі	81	7.7123	3.8872
1051	pя	81	7.7123	3.8872
1051	rp	81	7.7123	3.8872
1051	вы	81	7.7123	3.8872
1051	чy	81	7.7123	3.8872
1051	єл	81	7.7123	3.8872
1052	-й	80	7.617	3.8818
1052	aп	80	7.617	3.8818
1052	cю	80	7.617	3.8818
1052	iz	80	7.617	3.8818
1052	o-	80	7.617	3.8818
1052	бв	80	7.617	3.8818
1052	д-	80	7.617	3.8818
1052	лз	80	7.617	3.8818
1052	рщ	80	7.617	3.8818
1053	вє	79	7.5218	3.8763
1053	жж	79	7.5218	3.8763
1053	ёп	79	7.5218	3.8763
1054	cн	78	7.4266	3.8708
1054	yд	78	7.4266	3.8708
1055	cx	77	7.3314	3.8652
1055	iп	77	7.3314	3.8652
1056	aj	76	7.2362	3.8595
1056	бы	76	7.2362	3.8595
1057	iц	75	7.141	3.8538
1057	nf	75	7.141	3.8538
1057	еґ	75	7.141	3.8538
1057	фб	75	7.141	3.8538
1057	чх	75	7.141	3.8538
1057	єч	75	7.141	3.8538
1057	ґщ	75	7.141	3.8538
1058	oй	74	7.0458	3.8479
1058	yu	74	7.0458	3.8479
1059	oя	73	6.9506	3.842
1059	xi	73	6.9506	3.842
1059	ґв	73	6.9506	3.842
1060	gg	72	6.8553	3.836
1060	ix	72	6.8553	3.836
1060	oх	72	6.8553	3.836
1060	ё$	72	6.8553	3.836
1061	rb	71	6.7601	3.83
1061	ии	71	6.7601	3.83
1061	ьг	71	6.7601	3.83
1062	аі	70	6.6649	3.8238
1062	ты	70	6.6649	3.8238
1062	фi	70	6.6649	3.8238
1063	bи	69	6.5697	3.8175
1063	wr	69	6.5697	3.8175
1064	hs	68	6.4745	3.8112
1064	ws	68	6.4745	3.8112
1064	йх	68	6.4745	3.8112
1064	кд	68	6.4745	3.8112
1064	лг	68	6.4745	3.8112
1064	цк	68	6.4745	3.8112
1064	ґд	68	6.4745	3.8112
1065	aг	67	6.3793	3.8048
1065	aш	67	6.3793	3.8048
1065	sя	67	6.3793	3.8048
1065	xt	67	6.3793	3.8048
1065	яї	67	6.3793	3.8048
1066	eв	66	6.2841	3.7982
1066	mи	66	6.2841	3.7982
1066	pм	66	6.2841	3.7982
1066	йf	66	6.2841	3.7982
1066	кf	66	6.2841	3.7982
1067	hm	65	6.1888	3.7916
1067	pю	65	6.1888	3.7916
1067	бч	65	6.1888	3.7916
1067	ьв	65	6.1888	3.7916
1068	ao	64	6.0936	3.7849
1068	dl	64	6.0936	3.7849
1068	ek	64	6.0936	3.7849
1068	зж	64	6.0936	3.7849
1068	ои	64	6.0936	3.7849
1068	ѕж	64	6.0936	3.7849
1069	e-	63	5.9984	3.778
1069	lv	63	5.9984	3.778
1069	sw	63	5.9984	3.778
1069	кх	63	5.9984	3.778
1069	їя	63	5.9984	3.778
1070	-o	62	5.9032	3.7711
1070	-у	62	5.9032	3.7711
1070	z$	62	5.9032	3.7711
1070	г-	62	5.9032	3.7711
1070	зю	62	5.9032	3.7711
1070	о'	62	5.9032	3.7711
1071	bb	61	5.808	3.764
1071	iї	61	5.808	3.764
1071	kr	61	5.808	3.764
1071	лч	61	5.808	3.764
1071	ры	61	5.808	3.764
1071	єб	61	5.808	3.764
1072	йе	60	5.7128	3.7568
1072	чм	60	5.7128	3.7568
1073	hn	59	5.6176	3.7496
1073	yp	59	5.6176	3.7496
1073	кг	59	5.6176	3.7496
1073	тф	59	5.6176	3.7496
1073	ѕо	59	5.6176	3.7496
1074	rh	58	5.5224	3.7421
1074	мд	58	5.5224	3.7421
1074	єж	58	5.5224	3.7421
1074	єз	58	5.5224	3.7421
1074	єй	58	5.5224	3.7421
1074	їр	58	5.5224	3.7421
1075	-ш	57	5.4271	3.7346
1075	eз	57	5.4271	3.7346
1075	hb	57	5.4271	3.7346
1075	iщ	57	5.4271	3.7346
1075	зх	57	5.4271	3.7346
1076	gn	56	5.3319	3.7269
1076	mn	56	5.3319	3.7269
1076	yf	56	5.3319	3.7269
1076	х'	56	5.3319	3.7269
1076	ѕр	56	5.3319	3.7269
1077	dc	55	5.2367	3.7191
1077	eд	55	5.2367	3.7191
1077	mr	55	5.2367	3.7191
1077	oш	55	5.2367	3.7191
1077	pш	55	5.2367	3.7191
1077	кy	55	5.2367	3.7191
1077	л-	55	5.2367	3.7191
1078	dg	54	5.1415	3.7111
1078	sr	54	5.1415	3.7111
1078	жт	54	5.1415	3.7111
1078	жя	54	5.1415	3.7111
1078	сд	54	5.1415	3.7111
1078	ч-	54	5.1415	3.7111
1078	чж	54	5.1415	3.7111
1078	шь	54	5.1415	3.7111
1079	cc	53	5.0463	3.703
1079	lw	53	5.0463	3.703
1079	pj	53	5.0463	3.703
1079	rf	53	5.0463	3.703
1079	tа	53	5.0463	3.703
1079	uf	53	5.0463	3.703
1079	дй	53	5.0463	3.703
1079	ьo	53	5.0463	3.703
1080	cв	52	4.9511	3.6947
1080	i-	52	4.9511	3.6947
1080	sк	52	4.9511	3.6947
1080	xe	52	4.9511	3.6947
1080	zo	52	4.9511	3.6947
1080	вщ	52	4.9511	3.6947
1080	мз	52	4.9511	3.6947
1080	мю	52	4.9511	3.6947
1080	яе	52	4.9511	3.6947
1081	sв	51	4.8559	3.6863
1081	бє	51	4.8559	3.6863
1081	тy	51	4.8559	3.6863
1081	чв	51	4.8559	3.6863
1082	a'	50	4.7607	3.6777
1082	рє	50	4.7607	3.6777
1082	сє	50	4.7607	3.6777
1082	тз	50	4.7607	3.6777
1083	-щ	49	4.6654	3.6689
1083	gy	49	4.6654	3.6689
1083	pк	49	4.6654	3.6689
1083	нп	49	4.6654	3.6689
1083	тп	49	4.6654	3.6689
1084	^ё	48	4.5702	3.6599
1084	bs	48	4.5702	3.6599
1084	зй	48	4.5702	3.6599
1084	кє	48	4.5702	3.6599
1084	фс	48	4.5702	3.6599
1084	їц	48	4.5702	3.6599
1085	-h	47	4.475	3.6508
1085	жa	47	4.475	3.6508
1085	лж	47	4.475	3.6508
1085	ѕє	47	4.475	3.6508
1085	іc	47	4.475	3.6508
1086	вy	46	4.3798	3.6415
1086	ио	46	4.3798	3.6415
1086	фм	46	4.3798	3.6415
1086	щe	46	4.3798	3.6415
1086	ыл	46	4.3798	3.6415
1087	t-	45	4.2846	3.6319
1087	мё	45	4.2846	3.6319
1088	-f	44	4.1894	3.6222
1088	^µ	44	4.1894	3.6222
1088	cл	44	4.1894	3.6222
1088	d'	44	4.1894	3.6222
1088	o'	44	4.1894	3.6222
1088	еі	44	4.1894	3.6222
1088	рµ	44	4.1894	3.6222
1088	сѓ	44	4.1894	3.6222
1088	хк	44	4.1894	3.6222
1088	цр	44	4.1894	3.6222
1088	чю	44	4.1894	3.6222
1089	nb	43	4.0942	3.6122
1089	nv	43	4.0942	3.6122
1089	oф	43	4.0942	3.6122
1089	yw	43	4.0942	3.6122
1089	хo	43	4.0942	3.6122
1089	шy	43	4.0942	3.6122
1090	lb	42	3.9989	3.6019
1090	r-	42	3.9989	3.6019
1090	жв	42	3.9989	3.6019
1090	йc	42	3.9989	3.6019
1091	dh	41	3.9037	3.5915
1091	dm	41	3.9037	3.5915
1091	h-	41	3.9037	3.5915
1091	iy	41	3.9037	3.5915
1091	xb	41	3.9037	3.5915
1091	йу	41	3.9037	3.5915
1091	мы	41	3.9037	3.5915
1091	пв	41	3.9037	3.5915
1092	a-	40	3.8085	3.5808
1092	rw	40	3.8085	3.5808
1092	sц	40	3.8085	3.5808
1092	yє	40	3.8085	3.5808
1092	жy	40	3.8085	3.5808
1092	лх	40	3.8085	3.5808
1092	пй	40	3.8085	3.5808
1092	цц	40	3.8085	3.5808
1092	їx	40	3.8085	3.5808
1093	hd	39	3.7133	3.5698
1093	hа	39	3.7133	3.5698
1093	lr	39	3.7133	3.5698
1093	pд	39	3.7133	3.5698
1093	zy	39	3.7133	3.5698
1093	дє	39	3.7133	3.5698
1093	лц	39	3.7133	3.5698
1093	хз	39	3.7133	3.5698
1093	ьз	39	3.7133	3.5698
1094	-t	38	3.6181	3.5585
1094	aц	38	3.6181	3.5585
1094	ih	38	3.6181	3.5585
1094	iq	38	3.6181	3.5585
1094	ym	38	3.6181	3.5585
1094	б-	38	3.6181	3.5585
1094	кe	38	3.6181	3.5585
1094	мг	38	3.6181	3.5585
1094	уc	38	3.6181	3.5585
1094	ґл	38	3.6181	3.5585
1095	eп	37	3.5229	3.5469
1095	nm	37	3.5229	3.5469
1095	дc	37	3.5229	3.5469
1095	шa	37	3.5229	3.5469
1095	ьc	37	3.5229	3.5469
1095	ѕя	37	3.5229	3.5469
1095	їб	37	3.5229	3.5469
1096	'н	36	3.4277	3.535
1096	lg	36	3.4277	3.535
1096	жм	36	3.4277	3.535
1097	gw	35	3.3325	3.5228
1097	uj	35	3.3325	3.5228
1097	мє	35	3.3325	3.5228
1097	х-	35	3.3325	3.5228
1097	ш-	35	3.3325	3.5228
1098	ez	34	3.2372	3.5102
1098	hт	34	3.2372	3.5102
1098	kl	34	3.2372	3.5102
1098	xт	34	3.2372	3.5102
1098	yl	34	3.2372	3.5102
1098	zi	34	3.2372	3.5102
1098	йї	34	3.2372	3.5102
1098	сг	34	3.2372	3.5102
1098	єј	34	3.2372	3.5102
1099	rz	33	3.142	3.4972
1099	uz	33	3.142	3.4972
1099	zu	33	3.142	3.4972
1099	zz	33	3.142	3.4972
1099	кж	33	3.142	3.4972
1099	лп	33	3.142	3.4972
1099	пю	33	3.142	3.4972
1099	с'	33	3.142	3.4972
1099	хг	33	3.142	3.4972
1099	цп	33	3.142	3.4972
1099	чє	33	3.142	3.4972
1099	ја	33	3.142	3.4972
1100	eч	32	3.0468	3.4838
1100	hу	32	3.0468	3.4838
1100	sп	32	3.0468	3.4838
1100	sі	32	3.0468	3.4838
1100	tp	32	3.0468	3.4838
1100	yю	32	3.0468	3.4838
1100	µ$	32	3.0468	3.4838
1100	вp	32	3.0468	3.4838
1100	дф	32	3.0468	3.4838
1100	хa	32	3.0468	3.4838
1100	щт	32	3.0468	3.4838
1100	єо	32	3.0468	3.4838
1101	eq	31	2.9516	3.4701
1101	eж	31	2.9516	3.4701
1101	lc	31	2.9516	3.4701
1101	sd	31	2.9516	3.4701
1101	sv	31	2.9516	3.4701
1101	бз	31	2.9516	3.4701
1101	г'	31	2.9516	3.4701
1101	жс	31	2.9516	3.4701
1101	рё	31	2.9516	3.4701
1101	цл	31	2.9516	3.4701
1101	ѕи	31	2.9516	3.4701
1102	-ц	30	2.8564	3.4558
1102	cь	30	2.8564	3.4558
1102	d-	30	2.8564	3.4558
1102	iо	30	2.8564	3.4558
1102	n-	30	2.8564	3.4558
1102	pс	30	2.8564	3.4558
1102	sа	30	2.8564	3.4558
1102	xи	30	2.8564	3.4558
1102	yт	30	2.8564	3.4558
1102	зї	30	2.8564	3.4558
1102	н'	30	2.8564	3.4558
1102	нc	30	2.8564	3.4558
1102	нм	30	2.8564	3.4558
1102	фo	30	2.8564	3.4558
1102	шц	30	2.8564	3.4558
1102	єу	30	2.8564	3.4558
1103	cb	29	2.7612	3.4411
1103	m-	29	2.7612	3.4411
1103	pц	29	2.7612	3.4411
1103	q$	29	2.7612	3.4411
1103	wl	29	2.7612	3.4411
1103	кп	29	2.7612	3.4411
1103	мх	29	2.7612	3.4411
1103	хх	29	2.7612	3.4411
1103	юф	29	2.7612	3.4411
1104	'c	28	2.666	3.4259
1104	cм	28	2.666	3.4259
1104	cі	28	2.666	3.4259
1104	iu	28	2.666	3.4259
1104	iа	28	2.666	3.4259
1104	uu	28	2.666	3.4259
1104	жѕ	28	2.666	3.4259
1104	лy	28	2.666	3.4259
1104	хю	28	2.666	3.4259
1104	ґн	28	2.666	3.4259
1105	-a	27	2.5708	3.4101
1105	cц	27	2.5708	3.4101
1105	hl	27	2.5708	3.4101
1105	l'	27	2.5708	3.4101
1105	yп	27	2.5708	3.4101
1105	µµ	27	2.5708	3.4101
1105	бщ	27	2.5708	3.4101
1105	лн	27	2.5708	3.4101
1105	пф	27	2.5708	3.4101
1105	фп	27	2.5708	3.4101
1105	цє	27	2.5708	3.4101
1106	'a	26	2.4755	3.3937
1106	-i	26	2.4755	3.3937
1106	-m	26	2.4755	3.3937
1106	bm	26	2.4755	3.3937
1106	eг	26	2.4755	3.3937
1106	sм	26	2.4755	3.3937
1106	vb	26	2.4755	3.3937
1106	бж	26	2.4755	3.3937
1106	кю	26	2.4755	3.3937
1106	оi	26	2.4755	3.3937
1106	ј$	26	2.4755	3.3937
1107	bt	25	2.3803	3.3766
1107	cf	25	2.3803	3.3766
1107	dv	25	2.3803	3.3766
1107	hh	25	2.3803	3.3766
1107	oц	25	2.3803	3.3766
1107	pc	25	2.3803	3.3766
1107	pг	25	2.3803	3.3766
1107	yч	25	2.3803	3.3766
1107	фь	25	2.3803	3.3766
1107	ые	25	2.3803	3.3766
1107	ёж	25	2.3803	3.3766
1108	'р	24	2.2851	3.3589
1108	-l	24	2.2851	3.3589
1108	nj	24	2.2851	3.3589
1108	pп	24	2.2851	3.3589
1108	sq	24	2.2851	3.3589
1108	tz	24	2.2851	3.3589
1108	w'	24	2.2851	3.3589
1108	µй	24	2.2851	3.3589
1108	µр	24	2.2851	3.3589
1108	аъ	24	2.2851	3.3589
1108	гю	24	2.2851	3.3589
1108	дщ	24	2.2851	3.3589
1108	дї	24	2.2851	3.3589
1108	сђ	24	2.2851	3.3589
1108	уи	24	2.2851	3.3589
1108	шc	24	2.2851	3.3589
1108	іp	24	2.2851	3.3589
1108	їч	24	2.2851	3.3589
1109	hи	23	2.1899	3.3404
1109	sн	23	2.1899	3.3404
1109	zh	23	2.1899	3.3404
1109	лр	23	2.1899	3.3404
1109	нщ	23	2.1899	3.3404
1109	сч	23	2.1899	3.3404
1109	ф-	23	2.1899	3.3404
1109	чь	23	2.1899	3.3404
1109	ъ$	23	2.1899	3.3404
1109	їа	23	2.1899	3.3404
1110	'в	22	2.0947	3.3211
1110	'к	22	2.0947	3.3211
1110	aх	22	2.0947	3.3211
1110	cу	22	2.0947	3.3211
1110	sр	22	2.0947	3.3211
1110	yг	22	2.0947	3.3211
1110	yн	22	2.0947	3.3211
1110	µе	22	2.0947	3.3211
1110	аь	22	2.0947	3.3211
1110	гe	22	2.0947	3.3211
1110	уi	22	2.0947	3.3211
1110	хд	22	2.0947	3.3211
1110	хш	22	2.0947	3.3211
1110	юc	22	2.0947	3.3211
1110	ѕа	22	2.0947	3.3211
1111	'м	21	1.9995	3.3009
1111	-c	21	1.9995	3.3009
1111	-s	21	1.9995	3.3009
1111	bc	21	1.9995	3.3009
1111	fy	21	1.9995	3.3009
1111	kk	21	1.9995	3.3009
1111	ln	21	1.9995	3.3009
1111	pб	21	1.9995	3.3009
1111	r'	21	1.9995	3.3009
1111	sд	21	1.9995	3.3009
1111	tn	21	1.9995	3.3009
1111	tv	21	1.9995	3.3009
1111	бй	21	1.9995	3.3009
1111	гз	21	1.9995	3.3009
1111	иґ	21	1.9995	3.3009
1111	пб	21	1.9995	3.3009
1111	рј	21	1.9995	3.3009
1111	фp	21	1.9995	3.3009
1111	фю	21	1.9995	3.3009
1111	ьч	21	1.9995	3.3009
1111	ѓс	21	1.9995	3.3009
1111	ѕс	21	1.9995	3.3009
1112	bі	20	1.9043	3.2797
1112	dj	20	1.9043	3.2797
1112	eї	20	1.9043	3.2797
1112	ml	20	1.9043	3.2797
1112	oj	20	1.9043	3.2797
1112	а'	20	1.9043	3.2797
1112	аx	20	1.9043	3.2797
1112	зe	20	1.9043	3.2797
1112	зґ	20	1.9043	3.2797
1112	и'	20	1.9043	3.2797
1112	мѕ	20	1.9043	3.2797
1112	пy	20	1.9043	3.2797
1112	пд	20	1.9043	3.2797
1112	ьп	20	1.9043	3.2797
1112	яо	20	1.9043	3.2797
1112	ёё	20	1.9043	3.2797
1112	є-	20	1.9043	3.2797
1112	ґж	20	1.9043	3.2797
1113	'e	19	1.809	3.2574
1113	cs	19	1.809	3.2574
1113	oщ	19	1.809	3.2574
1113	sо	19	1.809	3.2574
1113	sщ	19	1.809	3.2574
1113	tm	19	1.809	3.2574
1113	yd	19	1.809	3.2574
1113	zm	19	1.809	3.2574
1113	í$	19	1.809	3.2574
1113	зщ	19	1.809	3.2574
1113	зє	19	1.809	3.2574
1113	иі	19	1.809	3.2574
1113	кф	19	1.809	3.2574
1113	оp	19	1.809	3.2574
1113	рї	19	1.809	3.2574
1113	тг	19	1.809	3.2574
1113	фк	19	1.809	3.2574
1113	шє	19	1.809	3.2574
1113	щн	19	1.809	3.2574
1113	ьл	19	1.809	3.2574
1113	э$	19	1.809	3.2574
1113	юе	19	1.809	3.2574
1113	ёр	19	1.809	3.2574
1114	'т	18	1.7138	3.234
1114	ej	18	1.7138	3.234
1114	eс	18	1.7138	3.234
1114	fb	18	1.7138	3.234
1114	fп	18	1.7138	3.234
1114	kh	18	1.7138	3.234
1114	nh	18	1.7138	3.234
1114	p-	18	1.7138	3.234
1114	pв	18	1.7138	3.234
1114	pл	18	1.7138	3.234
1114	y-	18	1.7138	3.234
1114	yб	18	1.7138	3.234
1114	µс	18	1.7138	3.234
1114	бп	18	1.7138	3.234
1114	жр	18	1.7138	3.234
1114	зф	18	1.7138	3.234
1114	к'	18	1.7138	3.234
1114	фг	18	1.7138	3.234
1114	фй	18	1.7138	3.234
1114	цс	18	1.7138	3.234
1114	ых	18	1.7138	3.234
1114	ёа	18	1.7138	3.234
1114	ђр	18	1.7138	3.234
1114	єє	18	1.7138	3.234
1114	јц	18	1.7138	3.234
1114	ґи	18	1.7138	3.234
1115	-d	17	1.6186	3.2091
1115	dw	17	1.6186	3.2091
1115	mf	17	1.6186	3.2091
1115	sб	17	1.6186	3.2091
1115	xв	17	1.6186	3.2091
1115	yx	17	1.6186	3.2091
1115	аи	17	1.6186	3.2091
1115	вь	17	1.6186	3.2091
1115	жю	17	1.6186	3.2091
1115	кc	17	1.6186	3.2091
1115	лш	17	1.6186	3.2091
1115	щi	17	1.6186	3.2091
1115	ыв	17	1.6186	3.2091
1115	ьi	17	1.6186	3.2091
1115	юї	17	1.6186	3.2091
1115	ґз	17	1.6186	3.2091
1116	-ж	16	1.5234	3.1828
1116	bf	16	1.5234	3.1828
1116	cj	16	1.5234	3.1828
1116	dk	16	1.5234	3.1828
1116	oz	16	1.5234	3.1828
1116	sс	16	1.5234	3.1828
1116	tк	16	1.5234	3.1828
1116	tо	16	1.5234	3.1828
1116	µґ	16	1.5234	3.1828
1116	вф	16	1.5234	3.1828
1116	пз	16	1.5234	3.1828
1116	сњ	16	1.5234	3.1828
1116	цѕ	16	1.5234	3.1828
1116	ъѕ	16	1.5234	3.1828
1116	ыш	16	1.5234	3.1828
1116	ѕ$	16	1.5234	3.1828
1116	ѕг	16	1.5234	3.1828
1116	ѕш	16	1.5234	3.1828
1117	'а	15	1.4282	3.1548
1117	aщ	15	1.4282	3.1548
1117	db	15	1.4282	3.1548
1117	dú	15	1.4282	3.1548
1117	gm	15	1.4282	3.1548
1117	l-	15	1.4282	3.1548
1117	mі	15	1.4282	3.1548
1117	pф	15	1.4282	3.1548
1117	yш	15	1.4282	3.1548
1117	µї	15	1.4282	3.1548
1117	йщ	15	1.4282	3.1548
1117	фн	15	1.4282	3.1548
1117	фц	15	1.4282	3.1548
1117	цм	15	1.4282	3.1548
1117	ыт	15	1.4282	3.1548
1117	ье	15	1.4282	3.1548
1117	ѕе	15	1.4282	3.1548
1117	ї-	15	1.4282	3.1548
1117	їі	15	1.4282	3.1548
1118	'п	14	1.333	3.1248
1118	-e	14	1.333	3.1248
1118	-p	14	1.333	3.1248
1118	^ј	14	1.333	3.1248
1118	aя	14	1.333	3.1248
1118	eю	14	1.333	3.1248
1118	gt	14	1.333	3.1248
1118	iу	14	1.333	3.1248
1118	sз	14	1.333	3.1248
1118	tb	14	1.333	3.1248
1118	ux	14	1.333	3.1248
1118	yж	14	1.333	3.1248
1118	yй	14	1.333	3.1248
1118	µз	14	1.333	3.1248
1118	въ	14	1.333	3.1248
1118	гь	14	1.333	3.1248
1118	жo	14	1.333	3.1248
1118	л'	14	1.333	3.1248
1118	мc	14	1.333	3.1248
1118	мґ	14	1.333	3.1248
1118	пг	14	1.333	3.1248
1118	пм	14	1.333	3.1248
1118	ц-	14	1.333	3.1248
1118	чµ	14	1.333	3.1248
1118	чш	14	1.333	3.1248
1118	ѓр	14	1.333	3.1248
1118	єа	14	1.333	3.1248
1118	єе	14	1.333	3.1248
1119	-b	13	1.2378	3.0927
1119	-r	13	1.2378	3.0927
1119	-w	13	1.2378	3.0927
1119	-є	13	1.2378	3.0927
1119	^ь	13	1.2378	3.0927
1119	iе	13	1.2378	3.0927
1119	iф	13	1.2378	3.0927
1119	má	13	1.2378	3.0927
1119	mа	13	1.2378	3.0927
1119	s-	13	1.2378	3.0927
1119	sг	13	1.2378	3.0927
1119	tk	13	1.2378	3.0927
1119	án	13	1.2378	3.0927
1119	úl	13	1.2378	3.0927
1119	бѕ	13	1.2378	3.0927
1119	вю	13	1.2378	3.0927
1119	дё	13	1.2378	3.0927
1119	дґ	13	1.2378	3.0927
1119	еo	13	1.2378	3.0927
1119	её	13	1.2378	3.0927
1119	мж	13	1.2378	3.0927
1119	мщ	13	1.2378	3.0927
1119	пы	13	1.2378	3.0927
1119	фш	13	1.2378	3.0927
1119	эн	13	1.2378	3.0927
1119	юp	13	1.2378	3.0927
1119	юя	13	1.2378	3.0927
1119	яc	13	1.2378	3.0927
1120	cо	12	1.1426	3.0579
1120	eц	12	1.1426	3.0579
1120	eщ	12	1.1426	3.0579
1120	f-	12	1.1426	3.0579
1120	g'	12	1.1426	3.0579
1120	gp	12	1.1426	3.0579
1120	hw	12	1.1426	3.0579
1120	mc	12	1.1426	3.0579
1120	np	12	1.1426	3.0579
1120	rе	12	1.1426	3.0579
1120	s'	12	1.1426	3.0579
1120	yз	12	1.1426	3.0579
1120	аы	12	1.1426	3.0579
1120	аё	12	1.1426	3.0579
1120	вї	12	1.1426	3.0579
1120	гя	12	1.1426	3.0579
1120	ж-	12	1.1426	3.0579
1120	иµ	12	1.1426	3.0579
1120	иу	12	1.1426	3.0579
1120	кь	12	1.1426	3.0579
1120	мp	12	1.1426	3.0579
1120	пc	12	1.1426	3.0579
1120	сз	12	1.1426	3.0579
1120	фґ	12	1.1426	3.0579
1120	цб	12	1.1426	3.0579
1120	ш'	12	1.1426	3.0579
1120	шб	12	1.1426	3.0579
1120	шѕ	12	1.1426	3.0579
1120	ьї	12	1.1426	3.0579
1120	ёй	12	1.1426	3.0579
1120	єщ	12	1.1426	3.0579
1120	єё	12	1.1426	3.0579
1120	ѕк	12	1.1426	3.0579
1120	ґґ	12	1.1426	3.0579
1121	'b	11	1.0473	3.0201
1121	'б	11	1.0473	3.0201
1121	'с	11	1.0473	3.0201
1121	-k	11	1.0473	3.0201
1121	kd	11	1.0473	3.0201
1121	kt	11	1.0473	3.0201
1121	lj	11	1.0473	3.0201
1121	mé	11	1.0473	3.0201
1121	uv	11	1.0473	3.0201
1121	wm	11	1.0473	3.0201
1121	yz	11	1.0473	3.0201
1121	аo	11	1.0473	3.0201
1121	ды	11	1.0473	3.0201
1121	зѕ	11	1.0473	3.0201
1121	йю	11	1.0473	3.0201
1121	лы	11	1.0473	3.0201
1121	фa	11	1.0473	3.0201
1121	хp	11	1.0473	3.0201
1121	хс	11	1.0473	3.0201
1121	цё	11	1.0473	3.0201
1121	ён	11	1.0473	3.0201
1121	ёш	11	1.0473	3.0201
1121	і'	11	1.0473	3.0201
1121	їо	11	1.0473	3.0201
1121	њ$	11	1.0473	3.0201
1121	ґє	11	1.0473	3.0201
1122	'з	10	0.9521	2.9787
1122	cd	10	0.9521	2.9787
1122	eя	10	0.9521	2.9787
1122	fh	10	0.9521	2.9787
1122	hp	10	0.9521	2.9787
1122	hд	10	0.9521	2.9787
1122	ij	10	0.9521	2.9787
1122	kw	10	0.9521	2.9787
1122	lh	10	0.9521	2.9787
1122	mh	10	0.9521	2.9787
1122	pm	10	0.9521	2.9787
1122	tв	10	0.9521	2.9787
1122	tі	10	0.9521	2.9787
1122	vn	10	0.9521	2.9787
1122	zf	10	0.9521	2.9787
1122	аh	10	0.9521	2.9787
1122	аэ	10	0.9521	2.9787
1122	бф	10	0.9521	2.9787
1122	бґ	10	0.9521	2.9787
1122	гб	10	0.9521	2.9787
1122	гє	10	0.9521	2.9787
1122	жґ	10	0.9521	2.9787
1122	зы	10	0.9521	2.9787
1122	лґ	10	0.9521	2.9787
1122	пь	10	0.9521	2.9787
1122	сё	10	0.9521	2.9787
1122	фe	10	0.9521	2.9787
1122	шщ	10	0.9521	2.9787
1122	щa	10	0.9521	2.9787
1122	ым	10	0.9521	2.9787
1122	ыс	10	0.9521	2.9787
1122	ьа	10	0.9521	2.9787
1122	я'	10	0.9521	2.9787
1122	ём	10	0.9521	2.9787
1122	ёо	10	0.9521	2.9787
1122	ёс	10	0.9521	2.9787
1122	ёт	10	0.9521	2.9787
1122	єх	10	0.9521	2.9787
1122	јр	10	0.9521	2.9787
1122	јт	10	0.9521	2.9787
1122	ґю	10	0.9521	2.9787
1123	aр	9	0.8569	2.9329
1123	aф	9	0.8569	2.9329
1123	bh	9	0.8569	2.9329
1123	fа	9	0.8569	2.9329
1123	iw	9	0.8569	2.9329
1123	mt	9	0.8569	2.9329
1123	nz	9	0.8569	2.9329
1123	p'	9	0.8569	2.9329
1123	pn	9	0.8569	2.9329
1123	pй	9	0.8569	2.9329
1123	sg	9	0.8569	2.9329
1123	wd	9	0.8569	2.9329
1123	xy	9	0.8569	2.9329
1123	xі	9	0.8569	2.9329
1123	yh	9	0.8569	2.9329
1123	zd	9	0.8569	2.9329
1123	бь	9	0.8569	2.9329
1123	бї	9	0.8569	2.9329
1123	вѕ	9	0.8569	2.9329
1123	гј	9	0.8569	2.9329
1123	еи	9	0.8569	2.9329
1123	еѕ	9	0.8569	2.9329
1123	жз	9	0.8569	2.9329
1123	жє	9	0.8569	2.9329
1123	йі	9	0.8569	2.9329
1123	йґ	9	0.8569	2.9329
1123	кя	9	0.8569	2.9329
1123	нй	9	0.8569	2.9329
1123	нё	9	0.8569	2.9329
1123	ф'	9	0.8569	2.9329
1123	фз	9	0.8569	2.9329
1123	цз	9	0.8569	2.9329
1123	чс	9	0.8569	2.9329
1123	шг	9	0.8569	2.9329
1123	эй	9	0.8569	2.9329
1123	юу	9	0.8569	2.9329
1123	яф	9	0.8569	2.9329
1123	ѓ$	9	0.8569	2.9329
1123	єґ	9	0.8569	2.9329
1123	їф	9	0.8569	2.9329
1123	ґм	9	0.8569	2.9329
1124	'у	8	0.7617	2.8818
1124	fр	8	0.7617	2.8818
1124	hj	8	0.7617	2.8818
1124	mм	8	0.7617	2.8818
1124	nx	8	0.7617	2.8818
1124	oр	8	0.7617	2.8818
1124	rj	8	0.7617	2.8818
1124	rx	8	0.7617	2.8818
1124	sj	8	0.7617	2.8818
1124	sч	8	0.7617	2.8818
1124	vd	8	0.7617	2.8818
1124	wb	8	0.7617	2.8818
1124	ér	8	0.7617	2.8818
1124	а́	8	0.7617	2.8818
1124	бµ	8	0.7617	2.8818
1124	вй	8	0.7617	2.8818
1124	гщ	8	0.7617	2.8818
1124	жп	8	0.7617	2.8818
1124	жї	8	0.7617	2.8818
1124	иh	8	0.7617	2.8818
1124	йѕ	8	0.7617	2.8818
1124	мь	8	0.7617	2.8818
1124	нї	8	0.7617	2.8818
1124	рy	8	0.7617	2.8818
1124	сk	8	0.7617	2.8818
1124	сй	8	0.7617	2.8818
1124	тѕ	8	0.7617	2.8818
1124	хґ	8	0.7617	2.8818
1124	цґ	8	0.7617	2.8818
1124	чд	8	0.7617	2.8818
1124	чп	8	0.7617	2.8818
1124	чё	8	0.7617	2.8818
1124	чї	8	0.7617	2.8818
1124	щ-	8	0.7617	2.8818
1124	щё	8	0.7617	2.8818
1124	ъа	8	0.7617	2.8818
1124	ьж	8	0.7617	2.8818
1124	яа	8	0.7617	2.8818
1124	яу	8	0.7617	2.8818
1124	ёµ	8	0.7617	2.8818
1124	ёз	8	0.7617	2.8818
1124	ёф	8	0.7617	2.8818
1124	ёя	8	0.7617	2.8818
1124	ёѕ	8	0.7617	2.8818
1124	єp	8	0.7617	2.8818
1124	ѕл	8	0.7617	2.8818
1124	їѕ	8	0.7617	2.8818
1124	ґт	8	0.7617	2.8818
1125	b'	7	0.6665	2.8238
1125	bа	7	0.6665	2.8238
1125	cа	7	0.6665	2.8238
1125	fd	7	0.6665	2.8238
1125	fm	7	0.6665	2.8238
1125	hя	7	0.6665	2.8238
1125	jy	7	0.6665	2.8238
1125	nq	7	0.6665	2.8238
1125	pf	7	0.6665	2.8238
1125	pо	7	0.6665	2.8238
1125	qc	7	0.6665	2.8238
1125	rq	7	0.6665	2.8238
1125	sz	7	0.6665	2.8238
1125	tg	7	0.6665	2.8238
1125	wg	7	0.6665	2.8238
1125	ww	7	0.6665	2.8238
1125	xv	7	0.6665	2.8238
1125	yk	7	0.6665	2.8238
1125	аi	7	0.6665	2.8238
1125	аm	7	0.6665	2.8238
1125	аn	7	0.6665	2.8238
1125	бc	7	0.6665	2.8238
1125	вµ	7	0.6665	2.8238
1125	жь	7	0.6665	2.8238
1125	кѕ	7	0.6665	2.8238
1125	лэ	7	0.6665	2.8238
1125	лё	7	0.6665	2.8238
1125	ој	7	0.6665	2.8238
1125	сџ	7	0.6665	2.8238
1125	у'	7	0.6665	2.8238
1125	уa	7	0.6665	2.8238
1125	фч	7	0.6665	2.8238
1125	цo	7	0.6665	2.8238
1125	цы	7	0.6665	2.8238
1125	чб	7	0.6665	2.8238
1125	шз	7	0.6665	2.8238
1125	ып	7	0.6665	2.8238
1125	ьґ	7	0.6665	2.8238
1125	эа	7	0.6665	2.8238
1125	эл	7	0.6665	2.8238
1125	юі	7	0.6665	2.8238
1125	ёґ	7	0.6665	2.8238
1125	ѕъ	7	0.6665	2.8238
1125	їу	7	0.6665	2.8238
1126	'е	6	0.5713	2.7569
1126	'щ	6	0.5713	2.7569
1126	-u	6	0.5713	2.7569
1126	-y	6	0.5713	2.7569
1126	aq	6	0.5713	2.7569
1126	aс	6	0.5713	2.7569
1126	bл	6	0.5713	2.7569
1126	bн	6	0.5713	2.7569
1126	cn	6	0.5713	2.7569
1126	cw	6	0.5713	2.7569
1126	cе	6	0.5713	2.7569
1126	dp	6	0.5713	2.7569
1126	fо	6	0.5713	2.7569
1126	jg	6	0.5713	2.7569
1126	kv	6	0.5713	2.7569
1126	lу	6	0.5713	2.7569
1126	mv	6	0.5713	2.7569
1126	pb	6	0.5713	2.7569
1126	pч	6	0.5713	2.7569
1126	ql	6	0.5713	2.7569
1126	qn	6	0.5713	2.7569
1126	qq	6	0.5713	2.7569
1126	sí	6	0.5713	2.7569
1126	tj	6	0.5713	2.7569
1126	uo	6	0.5713	2.7569
1126	uw	6	0.5713	2.7569
1126	vk	6	0.5713	2.7569
1126	vs	6	0.5713	2.7569
1126	vt	6	0.5713	2.7569
1126	xf	6	0.5713	2.7569
1126	yg	6	0.5713	2.7569
1126	yy	6	0.5713	2.7569
1126	zb	6	0.5713	2.7569
1126	zn	6	0.5713	2.7569
1126	бъ	6	0.5713	2.7569
1126	гч	6	0.5713	2.7569
1126	дh	6	0.5713	2.7569
1126	дµ	6	0.5713	2.7569
1126	дэ	6	0.5713	2.7569
1126	еs	6	0.5713	2.7569
1126	жг	6	0.5713	2.7569
1126	зc	6	0.5713	2.7569
1126	зh	6	0.5713	2.7569
1126	иt	6	0.5713	2.7569
1126	кй	6	0.5713	2.7569
1126	кґ	6	0.5713	2.7569
1126	мэ	6	0.5713	2.7569
1126	оµ	6	0.5713	2.7569
1126	пэ	6	0.5713	2.7569
1126	пѕ	6	0.5713	2.7569
1126	рэ	6	0.5713	2.7569
1126	сp	6	0.5713	2.7569
1126	сы	6	0.5713	2.7569
1126	т'	6	0.5713	2.7569
1126	фщ	6	0.5713	2.7569
1126	хф	6	0.5713	2.7569
1126	хъ	6	0.5713	2.7569
1126	хь	6	0.5713	2.7569
1126	чѕ	6	0.5713	2.7569
1126	ьр	6	0.5713	2.7569
1126	эг	6	0.5713	2.7569
1126	эп	6	0.5713	2.7569
1126	ёв	6	0.5713	2.7569
1126	єµ	6	0.5713	2.7569
1126	єф	6	0.5713	2.7569
1126	ѕз	6	0.5713	2.7569
1126	ѕт	6	0.5713	2.7569
1126	їє	6	0.5713	2.7569
1126	јѕ	6	0.5713	2.7569
1126	ґс	6	0.5713	2.7569
1126	ґх	6	0.5713	2.7569
1127	'o	5	0.4761	2.6777
1127	'л	5	0.4761	2.6777
1127	'о	5	0.4761	2.6777
1127	'х	5	0.4761	2.6777
1127	'ц	5	0.4761	2.6777
1127	'і	5	0.4761	2.6777
1127	-n	5	0.4761	2.6777
1127	-z	5	0.4761	2.6777
1127	-и	5	0.4761	2.6777
1127	-ї	5	0.4761	2.6777
1127	^í	5	0.4761	2.6777
1127	bp	5	0.4761	2.6777
1127	bv	5	0.4761	2.6777
1127	bв	5	0.4761	2.6777
1127	bк	5	0.4761	2.6777
1127	cб	5	0.4761	2.6777
1127	eф	5	0.4761	2.6777
1127	fp	5	0.4761	2.6777
1127	fw	5	0.4761	2.6777
1127	fн	5	0.4761	2.6777
1127	g-	5	0.4761	2.6777
1127	gf	5	0.4761	2.6777
1127	hg	5	0.4761	2.6777
1127	hь	5	0.4761	2.6777
1127	k-	5	0.4761	2.6777
1127	kb	5	0.4761	2.6777
1127	kf	5	0.4761	2.6777
1127	kg	5	0.4761	2.6777
1127	km	5	0.4761	2.6777
1127	lн	5	0.4761	2.6777
1127	mk	5	0.4761	2.6777
1127	mе	5	0.4761	2.6777
1127	pж	5	0.4761	2.6777
1127	qw	5	0.4761	2.6777
1127	rо	5	0.4761	2.6777
1127	tе	5	0.4761	2.6777
1127	uí	5	0.4761	2.6777
1127	vc	5	0.4761	2.6777
1127	vl	5	0.4761	2.6777
1127	xо	5	0.4761	2.6777
1127	zc	5	0.4761	2.6777
1127	éi	5	0.4761	2.6777
1127	́р	5	0.4761	2.6777
1127	аb	5	0.4761	2.6777
1127	аt	5	0.4761	2.6777
1127	бё	5	0.4761	2.6777
1127	гc	5	0.4761	2.6777
1127	гй	5	0.4761	2.6777
1127	гп	5	0.4761	2.6777
1127	гх	5	0.4761	2.6777
1127	еi	5	0.4761	2.6777
1127	еr	5	0.4761	2.6777
1127	е́	5	0.4761	2.6777
1127	иi	5	0.4761	2.6777
1127	йh	5	0.4761	2.6777
1127	кэ	5	0.4761	2.6777
1127	лѕ	5	0.4761	2.6777
1127	мї	5	0.4761	2.6777
1127	нѕ	5	0.4761	2.6777
1127	оc	5	0.4761	2.6777
1127	оэ	5	0.4761	2.6777
1127	уe	5	0.4761	2.6777
1127	уэ	5	0.4761	2.6777
1127	фy	5	0.4761	2.6777
1127	хч	5	0.4761	2.6777
1127	хє	5	0.4761	2.6777
1127	чx	5	0.4761	2.6777
1127	шя	5	0.4761	2.6777
1127	шё	5	0.4761	2.6777
1127	щк	5	0.4761	2.6777
1127	щм	5	0.4761	2.6777
1127	щс	5	0.4761	2.6777
1127	ыа	5	0.4761	2.6777
1127	ыз	5	0.4761	2.6777
1127	ьи	5	0.4761	2.6777
1127	ьё	5	0.4761	2.6777
1127	эк	5	0.4761	2.6777
1127	эм	5	0.4761	2.6777
1127	эш	5	0.4761	2.6777
1127	ёб	5	0.4761	2.6777
1127	ёл	5	0.4761	2.6777
1127	ёі	5	0.4761	2.6777
1127	єь	5	0.4761	2.6777
1127	ѕд	5	0.4761	2.6777
1127	іј	5	0.4761	2.6777
1127	їг	5	0.4761	2.6777
1127	је	5	0.4761	2.6777
1127	јё	5	0.4761	2.6777
1127	јї	5	0.4761	2.6777
1127	јј	5	0.4761	2.6777
1127	њр	5	0.4761	2.6777
1127	џ$	5	0.4761	2.6777
1127	ґь	5	0.4761	2.6777
1128	'f	4	0.3809	2.5808
1128	'г	4	0.3809	2.5808
1128	-x	4	0.3809	2.5808
1128	bn	4	0.3809	2.5808
1128	bx	4	0.3809	2.5808
1128	cg	4	0.3809	2.5808
1128	cp	4	0.3809	2.5808
1128	dе	4	0.3809	2.5808
1128	dс	4	0.3809	2.5808
1128	eо	4	0.3809	2.5808
1128	fи	4	0.3809	2.5808
1128	fк	4	0.3809	2.5808
1128	fс	4	0.3809	2.5808
1128	hv	4	0.3809	2.5808
1128	hо	4	0.3809	2.5808
1128	iú	4	0.3809	2.5808
1128	jk	4	0.3809	2.5808
1128	k'	4	0.3809	2.5808
1128	lz	4	0.3809	2.5808
1128	lд	4	0.3809	2.5808
1128	pd	4	0.3809	2.5808
1128	pз	4	0.3809	2.5808
1128	sх	4	0.3809	2.5808
1128	wk	4	0.3809	2.5808
1128	wt	4	0.3809	2.5808
1128	wy	4	0.3809	2.5808
1128	x'	4	0.3809	2.5808
1128	x-	4	0.3809	2.5808
1128	xu	4	0.3809	2.5808
1128	xw	4	0.3809	2.5808
1128	xx	4	0.3809	2.5808
1128	xн	4	0.3809	2.5808
1128	yс	4	0.3809	2.5808
1128	zp	4	0.3809	2.5808
1128	µо	4	0.3809	2.5808
1128	µю	4	0.3809	2.5808
1128	µѕ	4	0.3809	2.5808
1128	á$	4	0.3809	2.5808
1128	é$	4	0.3809	2.5808
1128	úi	4	0.3809	2.5808
1128	̀$	4	0.3809	2.5808
1128	́м	4	0.3809	2.5808
1128	́н	4	0.3809	2.5808
1128	аc	4	0.3809	2.5808
1128	аѕ	4	0.3809	2.5808
1128	бx	4	0.3809	2.5808
1128	вґ	4	0.3809	2.5808
1128	гц	4	0.3809	2.5808
1128	дx	4	0.3809	2.5808
1128	е'	4	0.3809	2.5808
1128	еh	4	0.3809	2.5808
1128	жј	4	0.3809	2.5808
1128	иo	4	0.3809	2.5808
1128	иј	4	0.3809	2.5808
1128	й'	4	0.3809	2.5808
1128	йй	4	0.3809	2.5808
1128	къ	4	0.3809	2.5808
1128	кї	4	0.3809	2.5808
1128	лx	4	0.3809	2.5808
1128	лј	4	0.3809	2.5808
1128	мй	4	0.3809	2.5808
1128	о̀	4	0.3809	2.5808
1128	оё	4	0.3809	2.5808
1128	оѕ	4	0.3809	2.5808
1128	пј	4	0.3809	2.5808
1128	сa	4	0.3809	2.5808
1128	сe	4	0.3809	2.5808
1128	тэ	4	0.3809	2.5808
1128	уo	4	0.3809	2.5808
1128	уѕ	4	0.3809	2.5808
1128	фє	4	0.3809	2.5808
1128	хe	4	0.3809	2.5808
1128	хy	4	0.3809	2.5808
1128	хй	4	0.3809	2.5808
1128	хп	4	0.3809	2.5808
1128	хя	4	0.3809	2.5808
1128	цд	4	0.3809	2.5808
1128	цш	4	0.3809	2.5808
1128	цѣ	4	0.3809	2.5808
1128	шд	4	0.3809	2.5808
1128	щф	4	0.3809	2.5808
1128	щь	4	0.3809	2.5808
1128	щѕ	4	0.3809	2.5808
1128	ъз	4	0.3809	2.5808
1128	ъґ	4	0.3809	2.5808
1128	ыµ	4	0.3809	2.5808
1128	ык	4	0.3809	2.5808
1128	ьу	4	0.3809	2.5808
1128	ьх	4	0.3809	2.5808
1128	эф	4	0.3809	2.5808
1128	эя	4	0.3809	2.5808
1128	юо	4	0.3809	2.5808
1128	юь	4	0.3809	2.5808
1128	яx	4	0.3809	2.5808
1128	яі	4	0.3809	2.5808
1128	ёї	4	0.3809	2.5808
1128	ђс	4	0.3809	2.5808
1128	єи	4	0.3809	2.5808
1128	єѕ	4	0.3809	2.5808
1128	є҆	4	0.3809	2.5808
1128	ѕй	4	0.3809	2.5808
1128	ѕј	4	0.3809	2.5808
1128	іx	4	0.3809	2.5808
1128	їµ	4	0.3809	2.5808
1128	їё	4	0.3809	2.5808
1128	їј	4	0.3809	2.5808
1128	јы	4	0.3809	2.5808
1128	ѣ$	4	0.3809	2.5808
1128	҆г	4	0.3809	2.5808
1128	ґф	4	0.3809	2.5808
1129	'и	3	0.2856	2.4558
1129	'й	3	0.2856	2.4558
1129	'ч	3	0.2856	2.4558
1129	-g	3	0.2856	2.4558
1129	-ь	3	0.2856	2.4558
1129	-ю	3	0.2856	2.4558
1129	^á	3	0.2856	2.4558
1129	^é	3	0.2856	2.4558
1129	aї	3	0.2856	2.4558
1129	bd	3	0.2856	2.4558
1129	bg	3	0.2856	2.4558
1129	bj	3	0.2856	2.4558
1129	bk	3	0.2856	2.4558
1129	bд	3	0.2856	2.4558
1129	bо	3	0.2856	2.4558
1129	bп	3	0.2856	2.4558
1129	c'	3	0.2856	2.4558
1129	cm	3	0.2856	2.4558
1129	cv	3	0.2856	2.4558
1129	cz	3	0.2856	2.4558
1129	cд	3	0.2856	2.4558
1129	cс	3	0.2856	2.4558
1129	dt	3	0.2856	2.4558
1129	dі	3	0.2856	2.4558
1129	eр	3	0.2856	2.4558
1129	fв	3	0.2856	2.4558
1129	fі	3	0.2856	2.4558
1129	hí	3	0.2856	2.4558
1129	j-	3	0.2856	2.4558
1129	kp	3	0.2856	2.4558
1129	kz	3	0.2856	2.4558
1129	kу	3	0.2856	2.4558
1129	lx	3	0.2856	2.4558
1129	m'	3	0.2856	2.4558
1129	mj	3	0.2856	2.4558
1129	mw	3	0.2856	2.4558
1129	mо	3	0.2856	2.4558
1129	nе	3	0.2856	2.4558
1129	oу	3	0.2856	2.4558
1129	rр	3	0.2856	2.4558
1129	rс	3	0.2856	2.4558
1129	sл	3	0.2856	2.4558
1129	sф	3	0.2856	2.4558
1129	td	3	0.2856	2.4558
1129	tу	3	0.2856	2.4558
1129	vr	3	0.2856	2.4558
1129	w-	3	0.2856	2.4558
1129	wf	3	0.2856	2.4558
1129	wz	3	0.2856	2.4558
1129	xh	3	0.2856	2.4558
1129	xm	3	0.2856	2.4558
1129	xк	3	0.2856	2.4558
1129	xс	3	0.2856	2.4558
1129	yр	3	0.2856	2.4558
1129	zr	3	0.2856	2.4558
1129	zн	3	0.2856	2.4558
1129	µа	3	0.2856	2.4558
1129	µи	3	0.2856	2.4558
1129	ај	3	0.2856	2.4558
1129	гµ	3	0.2856	2.4558
1129	гё	3	0.2856	2.4558
1129	гґ	3	0.2856	2.4558
1129	еµ	3	0.2856	2.4558
1129	зј	3	0.2856	2.4558
1129	иe	3	0.2856	2.4558
1129	иэ	3	0.2856	2.4558
1129	йi	3	0.2856	2.4558
1129	кµ	3	0.2856	2.4558
1129	лї	3	0.2856	2.4558
1129	оb	3	0.2856	2.4558
1129	оn	3	0.2856	2.4558
1129	рa	3	0.2856	2.4558
1129	рe	3	0.2856	2.4558
1129	рџ	3	0.2856	2.4558
1129	сщ	3	0.2856	2.4558
1129	тc	3	0.2856	2.4558
1129	тщ	3	0.2856	2.4558
1129	тё	3	0.2856	2.4558
1129	тї	3	0.2856	2.4558
1129	тј	3	0.2856	2.4558
1129	тґ	3	0.2856	2.4558
1129	фѕ	3	0.2856	2.4558
1129	хб	3	0.2856	2.4558
1129	цъ	3	0.2856	2.4558
1129	ч'	3	0.2856	2.4558
1129	чй	3	0.2856	2.4558
1129	чр	3	0.2856	2.4558
1129	чщ	3	0.2856	2.4558
1129	чґ	3	0.2856	2.4558
1129	шw	3	0.2856	2.4558
1129	шх	3	0.2856	2.4558
1129	шю	3	0.2856	2.4558
1129	шј	3	0.2856	2.4558
1129	шґ	3	0.2856	2.4558
1129	щї	3	0.2856	2.4558
1129	ъб	3	0.2856	2.4558
1129	ъв	3	0.2856	2.4558
1129	ъё	3	0.2856	2.4558
1129	ъє	3	0.2856	2.4558
1129	ыб	3	0.2856	2.4558
1129	ыд	3	0.2856	2.4558
1129	ын	3	0.2856	2.4558
1129	ыѕ	3	0.2856	2.4558
1129	эб	3	0.2856	2.4558
1129	эд	3	0.2856	2.4558
1129	эс	3	0.2856	2.4558
1129	эч	3	0.2856	2.4558
1129	ю'	3	0.2856	2.4558
1129	юи	3	0.2856	2.4558
1129	яѕ	3	0.2856	2.4558
1129	ёј	3	0.2856	2.4558
1129	ѕн	3	0.2856	2.4558
1129	ѕѕ	3	0.2856	2.4558
1129	іi	3	0.2856	2.4558
1129	іn	3	0.2856	2.4558
1129	іё	3	0.2856	2.4558
1129	іѕ	3	0.2856	2.4558
1129	ї'	3	0.2856	2.4558
1129	їщ	3	0.2856	2.4558
1129	їэ	3	0.2856	2.4558
1129	їґ	3	0.2856	2.4558
1129	јх	3	0.2856	2.4558
1129	јє	3	0.2856	2.4558
1129	џр	3	0.2856	2.4558
1129	ґб	3	0.2856	2.4558
1129	ґї	3	0.2856	2.4558
1130	'i	2	0.1904	2.2797
1130	'y	2	0.1904	2.2797
1130	'ж	2	0.1904	2.2797
1130	'ф	2	0.1904	2.2797
1130	'ш	2	0.1904	2.2797
1130	'ы	2	0.1904	2.2797
1130	-j	2	0.1904	2.2797
1130	-v	2	0.1904	2.2797
1130	-ґ	2	0.1904	2.2797
1130	^ъ	2	0.1904	2.2797
1130	aа	2	0.1904	2.2797
1130	bq	2	0.1904	2.2797
1130	bz	2	0.1904	2.2797
1130	bг	2	0.1904	2.2797
1130	bт	2	0.1904	2.2797
1130	bу	2	0.1904	2.2797
1130	bь	2	0.1904	2.2797
1130	c-	2	0.1904	2.2797
1130	cq	2	0.1904	2.2797
1130	dz	2	0.1904	2.2797
1130	dм	2	0.1904	2.2797
1130	eє	2	0.1904	2.2797
1130	f'	2	0.1904	2.2797
1130	fg	2	0.1904	2.2797
1130	fk	2	0.1904	2.2797
1130	fq	2	0.1904	2.2797
1130	fб	2	0.1904	2.2797
1130	fз	2	0.1904	2.2797
1130	fх	2	0.1904	2.2797
1130	fц	2	0.1904	2.2797
1130	gb	2	0.1904	2.2797
1130	gc	2	0.1904	2.2797
1130	gj	2	0.1904	2.2797
1130	gk	2	0.1904	2.2797
1130	gн	2	0.1904	2.2797
1130	h'	2	0.1904	2.2797
1130	hг	2	0.1904	2.2797
1130	jh	2	0.1904	2.2797
1130	jr	2	0.1904	2.2797
1130	jt	2	0.1904	2.2797
1130	kc	2	0.1904	2.2797
1130	kе	2	0.1904	2.2797
1130	lé	2	0.1904	2.2797
1130	lк	2	0.1904	2.2797
1130	md	2	0.1904	2.2797
1130	mg	2	0.1904	2.2797
1130	mū	2	0.1904	2.2797
1130	mл	2	0.1904	2.2797
1130	mь	2	0.1904	2.2797
1130	nó	2	0.1904	2.2797
1130	nа	2	0.1904	2.2797
1130	nо	2	0.1904	2.2797
1130	nс	2	0.1904	2.2797
1130	oš	2	0.1904	2.2797
1130	oа	2	0.1904	2.2797
1130	oґ	2	0.1904	2.2797
1130	pg	2	0.1904	2.2797
1130	px	2	0.1904	2.2797
1130	pь	2	0.1904	2.2797
1130	qa	2	0.1904	2.2797
1130	qo	2	0.1904	2.2797
1130	qr	2	0.1904	2.2797
1130	qs	2	0.1904	2.2797
1130	qt	2	0.1904	2.2797
1130	rá	2	0.1904	2.2797
1130	rа	2	0.1904	2.2797
1130	rп	2	0.1904	2.2797
1130	rі	2	0.1904	2.2797
1130	sе	2	0.1904	2.2797
1130	sй	2	0.1904	2.2797
1130	tq	2	0.1904	2.2797
1130	tá	2	0.1904	2.2797
1130	té	2	0.1904	2.2797
1130	tь	2	0.1904	2.2797
1130	u-	2	0.1904	2.2797
1130	uе	2	0.1904	2.2797
1130	uр	2	0.1904	2.2797
1130	v'	2	0.1904	2.2797
1130	vg	2	0.1904	2.2797
1130	vm	2	0.1904	2.2797
1130	vp	2	0.1904	2.2797
1130	vо	2	0.1904	2.2797
1130	vі	2	0.1904	2.2797
1130	wu	2	0.1904	2.2797
1130	xd	2	0.1904	2.2797
1130	xr	2	0.1904	2.2797
1130	xs	2	0.1904	2.2797
1130	xz	2	0.1904	2.2797
1130	yщ	2	0.1904	2.2797
1130	yї	2	0.1904	2.2797
1130	zl	2	0.1904	2.2797
1130	zv	2	0.1904	2.2797
1130	zw	2	0.1904	2.2797
1130	µж	2	0.1904	2.2797
1130	µм	2	0.1904	2.2797
1130	ái	2	0.1904	2.2797
1130	ó$	2	0.1904	2.2797
1130	ú$	2	0.1904	2.2797
1130	še	2	0.1904	2.2797
1130	ūs	2	0.1904	2.2797
1130	аr	2	0.1904	2.2797
1130	аu	2	0.1904	2.2797
1130	бэ	2	0.1904	2.2797
1130	бј	2	0.1904	2.2797
1130	вx	2	0.1904	2.2797
1130	гж	2	0.1904	2.2797
1130	гф	2	0.1904	2.2797
1130	дј	2	0.1904	2.2797
1130	еc	2	0.1904	2.2797
1130	еv	2	0.1904	2.2797
1130	еэ	2	0.1904	2.2797
1130	еј	2	0.1904	2.2797
1130	ж'	2	0.1904	2.2797
1130	жэ	2	0.1904	2.2797
1130	зb	2	0.1904	2.2797
1130	иb	2	0.1904	2.2797
1130	иm	2	0.1904	2.2797
1130	иѕ	2	0.1904	2.2797
1130	йm	2	0.1904	2.2797
1130	йp	2	0.1904	2.2797
1130	йь	2	0.1904	2.2797
1130	йј	2	0.1904	2.2797
1130	кb	2	0.1904	2.2797
1130	лй	2	0.1904	2.2797
1130	лщ	2	0.1904	2.2797
1130	лъ	2	0.1904	2.2797
1130	нp	2	0.1904	2.2797
1130	нј	2	0.1904	2.2797
1130	оd	2	0.1904	2.2797
1130	оe	2	0.1904	2.2797
1130	оь	2	0.1904	2.2797
1130	пъ	2	0.1904	2.2797
1130	пѫ	2	0.1904	2.2797
1130	рљ	2	0.1904	2.2797
1130	рњ	2	0.1904	2.2797
1130	сh	2	0.1904	2.2797
1130	сµ	2	0.1904	2.2797
1130	сж	2	0.1904	2.2797
1130	сэ	2	0.1904	2.2797
1130	сѕ	2	0.1904	2.2797
1130	сї	2	0.1904	2.2797
1130	сћ	2	0.1904	2.2797
1130	тй	2	0.1904	2.2797
1130	уё	2	0.1904	2.2797
1130	фд	2	0.1904	2.2797
1130	фж	2	0.1904	2.2797
1130	фя	2	0.1904	2.2797
1130	хц	2	0.1904	2.2797
1130	хї	2	0.1904	2.2797
1130	хј	2	0.1904	2.2797
1130	цa	2	0.1904	2.2797
1130	цy	2	0.1904	2.2797
1130	цх	2	0.1904	2.2797
1130	цї	2	0.1904	2.2797
1130	шt	2	0.1904	2.2797
1130	шµ	2	0.1904	2.2797
1130	шї	2	0.1904	2.2797
1130	щг	2	0.1904	2.2797
1130	щз	2	0.1904	2.2797
1130	щю	2	0.1904	2.2797
1130	щє	2	0.1904	2.2797
1130	щґ	2	0.1904	2.2797
1130	ъµ	2	0.1904	2.2797
1130	ъе	2	0.1904	2.2797
1130	ън	2	0.1904	2.2797
1130	ъя	2	0.1904	2.2797
1130	ыг	2	0.1904	2.2797
1130	ыр	2	0.1904	2.2797
1130	ыч	2	0.1904	2.2797
1130	ьh	2	0.1904	2.2797
1130	эз	2	0.1904	2.2797
1130	эѕ	2	0.1904	2.2797
1130	яi	2	0.1904	2.2797
1130	яp	2	0.1904	2.2797
1130	яt	2	0.1904	2.2797
1130	яи	2	0.1904	2.2797
1130	яґ	2	0.1904	2.2797
1130	ёе	2	0.1904	2.2797
1130	ёу	2	0.1904	2.2797
1130	ёъ	2	0.1904	2.2797
1130	ђ$	2	0.1904	2.2797
1130	єc	2	0.1904	2.2797
1130	єі	2	0.1904	2.2797
1130	іm	2	0.1904	2.2797
1130	іo	2	0.1904	2.2797
1130	іt	2	0.1904	2.2797
1130	іµ	2	0.1904	2.2797
1130	їю	2	0.1904	2.2797
1130	јµ	2	0.1904	2.2797
1130	јб	2	0.1904	2.2797
1130	јз	2	0.1904	2.2797
1130	јм	2	0.1904	2.2797
1130	јо	2	0.1904	2.2797
1130	јс	2	0.1904	2.2797
1130	љр	2	0.1904	2.2797
1130	њс	2	0.1904	2.2797
1130	џс	2	0.1904	2.2797
1130	ѫд	2	0.1904	2.2797
1130	ґe	2	0.1904	2.2797
1130	ґµ	2	0.1904	2.2797
1130	ґг	2	0.1904	2.2797
1131	'k	1	0.0952	1.9786
1131	'n	1	0.0952	1.9786
1131	^å	1	0.0952	1.9786
1131	^ø	1	0.0952	1.9786
1131	^ι	1	0.0952	1.9786
1131	^ѵ	1	0.0952	1.9786
1131	^ආ	1	0.0952	1.9786
1131	aу	1	0.0952	1.9786
1131	bw	1	0.0952	1.9786
1131	bе	1	0.0952	1.9786
1131	bз	1	0.0952	1.9786
1131	bр	1	0.0952	1.9786
1131	bс	1	0.0952	1.9786
1131	bч	1	0.0952	1.9786
1131	bш	1	0.0952	1.9786
1131	có	1	0.0952	1.9786
1131	cô	1	0.0952	1.9786
1131	cф	1	0.0952	1.9786
1131	cш	1	0.0952	1.9786
1131	dж	1	0.0952	1.9786
1131	dи	1	0.0952	1.9786
1131	dн	1	0.0952	1.9786
1131	eñ	1	0.0952	1.9786
1131	eу	1	0.0952	1.9786
1131	fj	1	0.0952	1.9786
1131	fv	1	0.0952	1.9786
1131	fx	1	0.0952	1.9786
1131	fé	1	0.0952	1.9786
1131	fг	1	0.0952	1.9786
1131	fе	1	0.0952	1.9786
1131	fл	1	0.0952	1.9786
1131	fм	1	0.0952	1.9786
1131	fч	1	0.0952	1.9786
1131	fщ	1	0.0952	1.9786
1131	gv	1	0.0952	1.9786
1131	gz	1	0.0952	1.9786
1131	gü	1	0.0952	1.9786
1131	gа	1	0.0952	1.9786
1131	gо	1	0.0952	1.9786
1131	gі	1	0.0952	1.9786
1131	hq	1	0.0952	1.9786
1131	hâ	1	0.0952	1.9786
1131	hé	1	0.0952	1.9786
1131	hô	1	0.0952	1.9786
1131	hб	1	0.0952	1.9786
1131	hк	1	0.0952	1.9786
1131	hн	1	0.0952	1.9786
1131	hп	1	0.0952	1.9786
1131	hр	1	0.0952	1.9786
1131	hс	1	0.0952	1.9786
1131	hц	1	0.0952	1.9786
1131	hщ	1	0.0952	1.9786
1131	iґ	1	0.0952	1.9786
1131	j'	1	0.0952	1.9786
1131	jj	1	0.0952	1.9786
1131	js	1	0.0952	1.9786
1131	jv	1	0.0952	1.9786
1131	kа	1	0.0952	1.9786
1131	kл	1	0.0952	1.9786
1131	kя	1	0.0952	1.9786
1131	kі	1	0.0952	1.9786
1131	lа	1	0.0952	1.9786
1131	lй	1	0.0952	1.9786
1131	lп	1	0.0952	1.9786
1131	lю	1	0.0952	1.9786
1131	mx	1	0.0952	1.9786
1131	mб	1	0.0952	1.9786
1131	mп	1	0.0952	1.9786
1131	mр	1	0.0952	1.9786
1131	nи	1	0.0952	1.9786
1131	nц	1	0.0952	1.9786
1131	nє	1	0.0952	1.9786
1131	nі	1	0.0952	1.9786
1131	oq	1	0.0952	1.9786
1131	oи	1	0.0952	1.9786
1131	oо	1	0.0952	1.9786
1131	pk	1	0.0952	1.9786
1131	pv	1	0.0952	1.9786
1131	pw	1	0.0952	1.9786
1131	pх	1	0.0952	1.9786
1131	pщ	1	0.0952	1.9786
1131	qv	1	0.0952	1.9786
1131	rè	1	0.0952	1.9786
1131	rí	1	0.0952	1.9786
1131	rм	1	0.0952	1.9786
1131	sу	1	0.0952	1.9786
1131	sш	1	0.0952	1.9786
1131	sї	1	0.0952	1.9786
1131	tx	1	0.0952	1.9786
1131	tб	1	0.0952	1.9786
1131	tл	1	0.0952	1.9786
1131	tм	1	0.0952	1.9786
1131	tп	1	0.0952	1.9786
1131	tт	1	0.0952	1.9786
1131	tц	1	0.0952	1.9786
1131	uй	1	0.0952	1.9786
1131	uк	1	0.0952	1.9786
1131	uн	1	0.0952	1.9786
1131	v-	1	0.0952	1.9786
1131	vf	1	0.0952	1.9786
1131	vh	1	0.0952	1.9786
1131	vа	1	0.0952	1.9786
1131	vй	1	0.0952	1.9786
1131	wc	1	0.0952	1.9786
1131	wq	1	0.0952	1.9786
1131	wі	1	0.0952	1.9786
1131	xg	1	0.0952	1.9786
1131	xl	1	0.0952	1.9786
1131	xn	1	0.0952	1.9786
1131	xq	1	0.0952	1.9786
1131	xе	1	0.0952	1.9786
1131	xз	1	0.0952	1.9786
1131	xл	1	0.0952	1.9786
1131	xп	1	0.0952	1.9786
1131	xу	1	0.0952	1.9786
1131	yj	1	0.0952	1.9786
1131	yх	1	0.0952	1.9786
1131	z-	1	0.0952	1.9786
1131	zk	1	0.0952	1.9786
1131	zx	1	0.0952	1.9786
1131	zо	1	0.0952	1.9786
1131	µх	1	0.0952	1.9786
1131	µы	1	0.0952	1.9786
1131	µё	1	0.0952	1.9786
1131	µі	1	0.0952	1.9786
1131	áл	1	0.0952	1.9786
1131	ât	1	0.0952	1.9786
1131	åk	1	0.0952	1.9786
1131	ès	1	0.0952	1.9786
1131	él	1	0.0952	1.9786
1131	és	1	0.0952	1.9786
1131	év	1	0.0952	1.9786
1131	éм	1	0.0952	1.9786
1131	ía	1	0.0952	1.9786
1131	ño	1	0.0952	1.9786
1131	ós	1	0.0952	1.9786
1131	ôn	1	0.0952	1.9786
1131	ôt	1	0.0952	1.9786
1131	ør	1	0.0952	1.9786
1131	üe	1	0.0952	1.9786
1131	́$	1	0.0952	1.9786
1131	ι$	1	0.0952	1.9786
1131	аl	1	0.0952	1.9786
1131	аq	1	0.0952	1.9786
1131	аy	1	0.0952	1.9786
1131	аz	1	0.0952	1.9786
1131	аµ	1	0.0952	1.9786
1131	бn	1	0.0952	1.9786
1131	вј	1	0.0952	1.9786
1131	вѣ	1	0.0952	1.9786
1131	вѫ	1	0.0952	1.9786
1131	гb	1	0.0952	1.9786
1131	гk	1	0.0952	1.9786
1131	гy	1	0.0952	1.9786
1131	гэ	1	0.0952	1.9786
1131	гѕ	1	0.0952	1.9786
1131	дb	1	0.0952	1.9786
1131	дt	1	0.0952	1.9786
1131	дъ	1	0.0952	1.9786
1131	еd	1	0.0952	1.9786
1131	еe	1	0.0952	1.9786
1131	еg	1	0.0952	1.9786
1131	еn	1	0.0952	1.9786
1131	жh	1	0.0952	1.9786
1131	жl	1	0.0952	1.9786
1131	жµ	1	0.0952	1.9786
1131	жф	1	0.0952	1.9786
1131	жх	1	0.0952	1.9786
1131	жш	1	0.0952	1.9786
1131	жщ	1	0.0952	1.9786
1131	жё	1	0.0952	1.9786
1131	зµ	1	0.0952	1.9786
1131	зъ	1	0.0952	1.9786
1131	иj	1	0.0952	1.9786
1131	иl	1	0.0952	1.9786
1131	йb	1	0.0952	1.9786
1131	йk	1	0.0952	1.9786
1131	йt	1	0.0952	1.9786
1131	йи	1	0.0952	1.9786
1131	йъ	1	0.0952	1.9786
1131	йё	1	0.0952	1.9786
1131	кr	1	0.0952	1.9786
1131	кt	1	0.0952	1.9786
1131	кu	1	0.0952	1.9786
1131	лf	1	0.0952	1.9786
1131	лl	1	0.0952	1.9786
1131	мµ	1	0.0952	1.9786
1131	мъ	1	0.0952	1.9786
1131	нl	1	0.0952	1.9786
1131	нµ	1	0.0952	1.9786
1131	нé	1	0.0952	1.9786
1131	нѣ	1	0.0952	1.9786
1131	нꙑ	1	0.0952	1.9786
1131	оm	1	0.0952	1.9786
1131	оs	1	0.0952	1.9786
1131	оt	1	0.0952	1.9786
1131	оu	1	0.0952	1.9786
1131	оw	1	0.0952	1.9786
1131	оъ	1	0.0952	1.9786
1131	пk	1	0.0952	1.9786
1131	пl	1	0.0952	1.9786
1131	пt	1	0.0952	1.9786
1131	пµ	1	0.0952	1.9786
1131	пж	1	0.0952	1.9786
1131	рs	1	0.0952	1.9786
1131	сf	1	0.0952	1.9786
1131	сn	1	0.0952	1.9786
1131	сy	1	0.0952	1.9786
1131	сќ	1	0.0952	1.9786
1131	тh	1	0.0952	1.9786
1131	тu	1	0.0952	1.9786
1131	тъ	1	0.0952	1.9786
1131	уh	1	0.0952	1.9786
1131	уx	1	0.0952	1.9786
1131	уъ	1	0.0952	1.9786
1131	уј	1	0.0952	1.9786
1131	уѥ	1	0.0952	1.9786
1131	фl	1	0.0952	1.9786
1131	фв	1	0.0952	1.9786
1131	фх	1	0.0952	1.9786
1131	фэ	1	0.0952	1.9786
1131	фё	1	0.0952	1.9786
1131	хt	1	0.0952	1.9786
1131	хж	1	0.0952	1.9786
1131	хѕ	1	0.0952	1.9786
1131	цl	1	0.0952	1.9786
1131	цг	1	0.0952	1.9786
1131	цф	1	0.0952	1.9786
1131	цэ	1	0.0952	1.9786
1131	цј	1	0.0952	1.9786
1131	чh	1	0.0952	1.9786
1131	чt	1	0.0952	1.9786
1131	чз	1	0.0952	1.9786
1131	чф	1	0.0952	1.9786
1131	чэ	1	0.0952	1.9786
1131	шn	1	0.0952	1.9786
1131	шp	1	0.0952	1.9786
1131	шж	1	0.0952	1.9786
1131	шф	1	0.0952	1.9786
1131	шч	1	0.0952	1.9786
1131	щ'	1	0.0952	1.9786
1131	щy	1	0.0952	1.9786
1131	щµ	1	0.0952	1.9786
1131	щб	1	0.0952	1.9786
1131	щв	1	0.0952	1.9786
1131	щп	1	0.0952	1.9786
1131	щр	1	0.0952	1.9786
1131	щц	1	0.0952	1.9786
1131	ъж	1	0.0952	1.9786
1131	ъи	1	0.0952	1.9786
1131	ъй	1	0.0952	1.9786
1131	ъф	1	0.0952	1.9786
1131	ъі	1	0.0952	1.9786
1131	ъї	1	0.0952	1.9786
1131	ъј	1	0.0952	1.9786
1131	ыж	1	0.0952	1.9786
1131	ыи	1	0.0952	1.9786
1131	ыу	1	0.0952	1.9786
1131	ыя	1	0.0952	1.9786
1131	ь'	1	0.0952	1.9786
1131	ьѕ	1	0.0952	1.9786
1131	ьі	1	0.0952	1.9786
1131	эh	1	0.0952	1.9786
1131	эв	1	0.0952	1.9786
1131	эе	1	0.0952	1.9786
1131	эи	1	0.0952	1.9786
1131	эу	1	0.0952	1.9786
1131	эц	1	0.0952	1.9786
1131	эє	1	0.0952	1.9786
1131	юt	1	0.0952	1.9786
1131	юё	1	0.0952	1.9786
1131	юґ	1	0.0952	1.9786
1131	яb	1	0.0952	1.9786
1131	яh	1	0.0952	1.9786
1131	яo	1	0.0952	1.9786
1131	яu	1	0.0952	1.9786
1131	яъ	1	0.0952	1.9786
1131	яё	1	0.0952	1.9786
1131	ёд	1	0.0952	1.9786
1131	ёк	1	0.0952	1.9786
1131	ёю	1	0.0952	1.9786
1131	єъ	1	0.0952	1.9786
1131	єы	1	0.0952	1.9786
1131	ѕв	1	0.0952	1.9786
1131	ѕп	1	0.0952	1.9786
1131	ѕх	1	0.0952	1.9786
1131	ѕч	1	0.0952	1.9786
1131	ѕі	1	0.0952	1.9786
1131	іb	1	0.0952	1.9786
1131	іs	1	0.0952	1.9786
1131	іъ	1	0.0952	1.9786
1131	їb	1	0.0952	1.9786
1131	ји	1	0.0952	1.9786
1131	јш	1	0.0952	1.9786
1131	јю	1	0.0952	1.9786
1131	јі	1	0.0952	1.9786
1131	јґ	1	0.0952	1.9786
1131	ћ$	1	0.0952	1.9786
1131	ћр	1	0.0952	1.9786
1131	ќс	1	0.0952	1.9786
1131	ѣ́	1	0.0952	1.9786
1131	ѣт	1	0.0952	1.9786
1131	ѥе	1	0.0952	1.9786
1131	ѫт	1	0.0952	1.9786
1131	ѵ$	1	0.0952	1.9786
1131	ґa	1	0.0952	1.9786
1131	ґy	1	0.0952	1.9786
1131	ґк	1	0.0952	1.9786
1131	ґё	1	0.0952	1.9786
1131	ґѕ	1	0.0952	1.9786
1131	ආය	1	0.0952	1.9786
1131	න්	1	0.0952	1.9786
1131	බෝ	1	0.0952	1.9786
1131	යු	1	0.0952	1.9786
1131	වන	1	0.0952	1.9786
1131	්$	1	0.0952	1.9786
1131	ුබ	1	0.0952	1.9786
1131	ෝව	1	0.0952	1.9786
1131	ꙑи	1	0.0952	1.9786
