Rank	Bigram	Frequency	Frequency per million	Zipf value
1	ու	4600	32822.4448	7.5162
2	ն$	3357	23953.2494	7.3794
3	ան	2840	20264.292	7.3067
4	^ա	2803	20000.2854	7.301
5	մ$	2157	15390.8725	7.1873
6	ր$	2156	15383.7372	7.1871
7	ի$	2151	15348.0606	7.1861
8	ար	2149	15333.79	7.1856
9	եր	1921	13706.9384	7.1369
10	^ե	1861	13278.8195	7.1232
11	^մ	1706	12172.8458	7.0854
12	^ո	1687	12037.2749	7.0805
13	ին	1680	11987.3277	7.0787
14	այ	1615	11523.5323	7.0616
15	ս$	1535	10952.7071	7.0395
16	^հ	1421	10139.2813	7.006
17	^է	1409	10053.6576	7.0023
18	որ	1372	9789.6509	6.9908
19	կա	1300	9275.9083	6.9674
20	^կ	1279	9126.0667	6.9603
21	ւմ	1173	8369.7234	6.9227
22	ել	1170	8348.3175	6.9216
23	^ի	1152	8219.8818	6.9149
24	ք$	1129	8055.7696	6.9061
25	նա	1116	7963.0105	6.9011
26	է$	1107	7898.7927	6.8976
27	հա	1104	7877.3868	6.8964
28	լ$	1087	7756.0864	6.8896
29	են	1074	7663.3273	6.8844
30	ես	1067	7613.3801	6.8816
31	նե	1046	7463.5385	6.8729
32	ը$	1018	7263.7498	6.8612
33	րա	974	6949.7959	6.842
34	ա$	970	6921.2547	6.8402
35	մա	968	6906.984	6.8393
36	^դ	954	6807.0896	6.833
37	^ն	938	6692.9246	6.8256
38	ամ	923	6585.8949	6.8186
39	ակ	852	6079.2876	6.7839
40	րո	829	5915.1754	6.772
41	մե	819	5843.8222	6.7667
42	ց$	813	5801.0104	6.7635
43	նո	763	5444.2447	6.7359
44	տա	747	5330.0796	6.7267
45	ւն	745	5315.809	6.7256
46	^ս	738	5265.8618	6.7215
46	րի	738	5265.8618	6.7215
47	ւ$	729	5201.644	6.7161
48	^պ	725	5173.1027	6.7138
49	եմ	710	5066.073	6.7047
50	^գ	687	4901.9608	6.6904
51	աս	682	4866.2842	6.6872
52	պա	668	4766.3898	6.6782
53	վա	656	4680.766	6.6703
54	^բ	653	4659.3601	6.6683
55	վ$	652	4652.2248	6.6677
56	րե	651	4645.0895	6.667
57	իր	650	4637.9542	6.6663
57	մի	650	4637.9542	6.6663
58	^չ	645	4602.2776	6.663
59	^տ	636	4538.0598	6.6569
59	ավ	636	4538.0598	6.6569
60	ատ	629	4488.1126	6.6521
61	տե	602	4295.4591	6.633
62	բա	595	4245.5119	6.6279
63	նք	591	4216.9706	6.625
64	վե	564	4024.3172	6.6047
65	լի	543	3874.4756	6.5882
66	տ$	542	3867.3402	6.5874
67	նի	540	3853.0696	6.5858
68	յն	536	3824.5284	6.5826
69	^ք	528	3767.4458	6.576
70	յո	515	3674.6868	6.5652
71	ող	507	3617.6042	6.5584
72	չ$	501	3574.7924	6.5533
73	^թ	480	3424.9508	6.5347
74	^վ	478	3410.6801	6.5328
74	նչ	478	3410.6801	6.5328
75	կ$	466	3325.0564	6.5218
76	ով	461	3289.3798	6.5171
77	դ$	459	3275.1092	6.5152
78	ւթ	451	3218.0267	6.5076
79	դո	450	3210.8913	6.5066
80	եք	438	3125.2676	6.4949
81	ղ$	434	3096.7263	6.4909
81	ստ	434	3096.7263	6.4909
82	ե$	433	3089.591	6.4899
83	առ	427	3046.7791	6.4838
84	րդ	423	3018.2379	6.4798
85	^խ	420	2996.8319	6.4767
85	եղ	420	2996.8319	6.4767
86	յա	411	2932.6141	6.4673
87	իմ	410	2925.4788	6.4662
88	և$	407	2904.0728	6.463
89	թյ	405	2889.8022	6.4609
90	^լ	402	2868.3963	6.4576
90	լո	402	2868.3963	6.4576
91	ած	393	2804.1784	6.4478
92	ալ	389	2775.6372	6.4434
93	աց	386	2754.2312	6.44
93	կո	386	2754.2312	6.44
94	սա	383	2732.8253	6.4366
95	ից	377	2690.0134	6.4298
96	թե	368	2625.7956	6.4193
97	տի	347	2475.954	6.3937
98	պե	344	2454.548	6.39
99	ետ	343	2447.4127	6.3887
100	հե	336	2397.4655	6.3798
100	քա	336	2397.4655	6.3798
101	դե	332	2368.9243	6.3746
102	ահ	329	2347.5183	6.3706
103	իս	328	2340.383	6.3693
104	ւր	327	2333.2477	6.368
105	ո$	326	2326.1124	6.3666
106	դա	321	2290.4358	6.3599
106	ծ$	321	2290.4358	6.3599
107	նր	319	2276.1652	6.3572
108	սե	311	2219.0827	6.3462
109	^և	310	2211.9474	6.3448
109	եց	310	2211.9474	6.3448
110	եզ	309	2204.8121	6.3434
110	սի	309	2204.8121	6.3434
111	^ձ	301	2147.7295	6.332
111	^շ	301	2147.7295	6.332
112	յս	289	2062.1058	6.3143
113	գա	287	2047.8351	6.3113
113	զ$	287	2047.8351	6.3113
113	տո	287	2047.8351	6.3113
114	րկ	281	2005.0233	6.3021
115	աղ	280	1997.8879	6.3006
115	կե	280	1997.8879	6.3006
116	քե	279	1990.7526	6.299
117	ռա	268	1912.2642	6.2815
117	վո	268	1912.2642	6.2815
118	գի	266	1897.9935	6.2783
119	մո	260	1855.1817	6.2684
120	կի	259	1848.0464	6.2667
121	ձե	258	1840.911	6.265
122	յդ	257	1833.7757	6.2633
123	ոչ	256	1826.6404	6.2617
124	եկ	255	1819.5051	6.26
125	իտ	252	1798.0992	6.2548
125	խա	252	1798.0992	6.2548
125	քո	252	1798.0992	6.2548
126	^օ	251	1790.9638	6.2531
127	ւյ	250	1783.8285	6.2514
128	^փ	248	1769.5579	6.2479
129	ոն	247	1762.4226	6.2461
130	նց	241	1719.6107	6.2354
131	գո	240	1712.4754	6.2336
132	սո	239	1705.3401	6.2318
133	նձ	238	1698.2048	6.23
134	ախ	236	1683.9341	6.2263
135	նկ	233	1662.5282	6.2208
136	ցի	232	1655.3929	6.2189
137	րը	231	1648.2576	6.217
138	նդ	230	1641.1222	6.2151
139	խո	229	1633.9869	6.2132
140	չե	226	1612.581	6.2075
141	դր	225	1605.4457	6.2056
142	եռ	223	1591.175	6.2017
142	նը	223	1591.175	6.2017
143	րն	221	1576.9044	6.1978
144	հի	213	1519.8219	6.1818
145	ապ	211	1505.5513	6.1777
146	րտ	203	1448.4688	6.1609
147	ձ$	202	1441.3334	6.1588
148	ոս	198	1412.7922	6.1501
149	նն	195	1391.3862	6.1434
150	ղա	191	1362.845	6.1344
151	իկ	189	1348.5744	6.1299
152	ազ	188	1341.4391	6.1276
152	մն	188	1341.4391	6.1276
153	նգ	186	1327.1684	6.1229
154	շա	185	1320.0331	6.1206
155	լա	183	1305.7625	6.1159
156	^զ	182	1298.6272	6.1135
157	հո	181	1291.4919	6.1111
158	թո	176	1255.8153	6.0989
158	սկ	176	1255.8153	6.0989
159	բե	173	1234.4093	6.0915
160	^ծ	172	1227.274	6.0889
161	ագ	171	1220.1387	6.0864
161	պի	171	1220.1387	6.0864
162	կն	170	1213.0034	6.0839
162	ռո	170	1213.0034	6.0839
162	սն	170	1213.0034	6.0839
163	ցե	168	1198.7328	6.0787
164	գն	166	1184.4621	6.0735
164	քի	166	1184.4621	6.0735
164	քն	166	1184.4621	6.0735
165	եթ	165	1177.3268	6.0709
166	բ$	163	1163.0562	6.0656
167	թա	162	1155.9209	6.0629
167	օր	162	1155.9209	6.0629
168	դի	161	1148.7856	6.0602
169	իշ	159	1134.5149	6.0548
169	ճա	159	1134.5149	6.0548
170	աշ	158	1127.3796	6.0521
170	վի	158	1127.3796	6.0521
171	ջո	157	1120.2443	6.0493
172	ժա	156	1113.109	6.0465
172	ցա	156	1113.109	6.0465
173	րհ	155	1105.9737	6.0437
174	զա	154	1098.8384	6.0409
175	րք	153	1091.7031	6.0381
176	ջ$	151	1077.4324	6.0324
177	էլ	150	1070.2971	6.0295
178	բո	148	1056.0265	6.0237
179	հ$	146	1041.7559	6.0178
180	զո	142	1013.2146	6.0057
181	չէ	141	1006.0793	6.0026
182	էի	139	991.8087	5.9964
183	իա	138	984.6733	5.9933
183	չո	138	984.6733	5.9933
184	փո	135	963.2674	5.9837
185	տվ	134	956.1321	5.9805
186	ըն	133	948.9968	5.9773
186	ծա	133	948.9968	5.9773
186	ցն	133	948.9968	5.9773
187	յր	132	941.8615	5.974
187	ոտ	132	941.8615	5.974
188	ւս	131	934.7261	5.9707
188	փա	131	934.7261	5.9707
189	էր	130	927.5908	5.9674
190	ծո	129	920.4555	5.964
190	չի	129	920.4555	5.964
190	ռ$	129	920.4555	5.964
190	րս	129	920.4555	5.964
191	րբ	127	906.1849	5.9572
192	^ճ	126	899.0496	5.9538
192	նտ	126	899.0496	5.9538
193	^ը	125	891.9143	5.9503
193	ցո	125	891.9143	5.9503
194	մբ	124	884.7789	5.9468
195	տք	123	877.6436	5.9433
196	^ժ	122	870.5083	5.9398
197	ոմ	121	863.373	5.9362
197	սպ	121	863.373	5.9362
197	տր	121	863.373	5.9362
198	լե	120	856.2377	5.9326
198	ղո	120	856.2377	5.9326
199	^ռ	117	834.8317	5.9216
199	յի	117	834.8317	5.9216
200	^ջ	116	827.6964	5.9179
200	գր	116	827.6964	5.9179
200	շե	116	827.6964	5.9179
200	տն	116	827.6964	5.9179
200	րվ	116	827.6964	5.9179
201	ռն	114	813.4258	5.9103
202	ադ	112	799.1552	5.9026
202	ղե	112	799.1552	5.9026
203	^ց	111	792.0199	5.8987
203	յլ	111	792.0199	5.8987
204	իք	110	784.8846	5.8948
204	րձ	110	784.8846	5.8948
205	աջ	109	777.7492	5.8908
205	րծ	109	777.7492	5.8908
206	շո	107	763.4786	5.8828
206	շտ	107	763.4786	5.8828
207	ղջ	104	742.0727	5.8704
208	թ$	102	727.802	5.862
209	եվ	100	713.5314	5.8534
210	աբ	98	699.2608	5.8446
210	պր	98	699.2608	5.8446
210	ւլ	98	699.2608	5.8446
211	ւց	97	692.1255	5.8402
212	շն	96	684.9902	5.8357
213	յց	95	677.8548	5.8311
214	նվ	94	670.7195	5.8265
214	ւզ	94	670.7195	5.8265
215	եո	92	656.4489	5.8172
215	ջա	92	656.4489	5.8172
216	ափ	91	649.3136	5.8125
216	եյ	91	649.3136	5.8125
217	քը	87	620.7723	5.7929
218	րջ	86	613.637	5.7879
219	գե	84	599.3664	5.7777
220	աք	83	592.2311	5.7725
221	իո	82	585.0958	5.7672
222	մտ	80	570.8251	5.7565
222	ոյ	80	570.8251	5.7565
223	եծ	79	563.6898	5.751
223	նս	79	563.6898	5.751
224	ձա	76	542.2839	5.7342
224	ցր	76	542.2839	5.7342
224	ւք	76	542.2839	5.7342
225	ղի	75	535.1486	5.7285
225	րժ	75	535.1486	5.7285
225	օհ	75	535.1486	5.7285
226	զի	74	528.0132	5.7226
226	կր	74	528.0132	5.7226
226	ջի	74	528.0132	5.7226
227	րմ	72	513.7426	5.7107
228	կը	71	506.6073	5.7047
228	րթ	71	506.6073	5.7047
229	խն	70	499.472	5.6985
230	թի	69	492.3367	5.6923
230	ոլ	69	492.3367	5.6923
231	աճ	68	485.2014	5.6859
231	խե	68	485.2014	5.6859
232	զն	67	478.066	5.6795
232	չպ	67	478.066	5.6795
233	աչ	66	470.9307	5.673
233	իվ	66	470.9307	5.673
233	ոխ	66	470.9307	5.673
233	չա	66	470.9307	5.673
234	ոք	65	463.7954	5.6663
234	րց	65	463.7954	5.6663
235	կտ	64	456.6601	5.6596
235	սր	64	456.6601	5.6596
235	ւղ	64	456.6601	5.6596
235	ւշ	64	456.6601	5.6596
236	իլ	63	449.5248	5.6528
237	շխ	61	435.2542	5.6387
238	խ$	60	428.1188	5.6316
239	պո	59	420.9835	5.6243
239	րգ	59	420.9835	5.6243
240	խի	58	413.8482	5.6168
240	ծե	58	413.8482	5.6168
240	ծն	58	413.8482	5.6168
240	յտ	58	413.8482	5.6168
240	ռք	58	413.8482	5.6168
240	վր	58	413.8482	5.6168
240	ւկ	58	413.8482	5.6168
241	գլ	57	406.7129	5.6093
241	ղը	57	406.7129	5.6093
241	նմ	57	406.7129	5.6093
242	ոգ	56	399.5776	5.6016
242	ոց	56	399.5776	5.6016
242	րյ	56	399.5776	5.6016
242	րև	56	399.5776	5.6016
243	^յ	55	392.4423	5.5938
243	եի	55	392.4423	5.5938
243	յվ	55	392.4423	5.5938
244	դպ	54	385.307	5.5858
244	եջ	54	385.307	5.5858
244	չք	54	385.307	5.5858
245	իե	52	371.0363	5.5694
245	հր	52	371.0363	5.5694
246	կլ	51	363.901	5.561
246	նպ	51	363.901	5.561
246	ւհ	51	363.901	5.561
247	ռե	50	356.7657	5.5524
248	կյ	49	349.6304	5.5436
249	աթ	48	342.4951	5.5347
249	կբ	48	342.4951	5.5347
249	կս	48	342.4951	5.5347
249	տղ	48	342.4951	5.5347
249	րպ	48	342.4951	5.5347
249	ւտ	48	342.4951	5.5347
250	նզ	47	335.3598	5.5255
250	նթ	47	335.3598	5.5255
250	նյ	47	335.3598	5.5255
251	^ֆ	46	328.2244	5.5162
251	հն	46	328.2244	5.5162
251	շ$	46	328.2244	5.5162
251	փե	46	328.2244	5.5162
252	լս	45	321.0891	5.5066
252	ծի	45	321.0891	5.5066
252	սը	45	321.0891	5.5066
252	սք	45	321.0891	5.5066
253	գ$	44	313.9538	5.4969
253	նջ	44	313.9538	5.4969
254	կվ	43	306.8185	5.4869
254	ղմ	43	306.8185	5.4869
254	շի	43	306.8185	5.4869
255	իդ	42	299.6832	5.4767
255	յե	42	299.6832	5.4767
256	եպ	41	292.5479	5.4662
256	մը	41	292.5479	5.4662
256	յֆ	41	292.5479	5.4662
256	ոկ	41	292.5479	5.4662
256	ցվ	41	292.5479	5.4662
256	քս	41	292.5479	5.4662
257	խտ	40	285.4126	5.4555
257	տը	40	285.4126	5.4555
258	թն	39	278.2772	5.4445
258	իթ	39	278.2772	5.4445
258	իչ	39	278.2772	5.4445
258	իպ	39	278.2772	5.4445
258	նհ	39	278.2772	5.4445
259	եփ	38	271.1419	5.4332
259	զգ	38	271.1419	5.4332
259	ժո	38	271.1419	5.4332
259	մք	38	271.1419	5.4332
259	ոթ	38	271.1419	5.4332
259	ֆե	38	271.1419	5.4332
259	ևս	38	271.1419	5.4332
260	եգ	37	264.0066	5.4216
260	իբ	37	264.0066	5.4216
260	իջ	37	264.0066	5.4216
260	լլ	37	264.0066	5.4216
260	ոբ	37	264.0066	5.4216
260	ոշ	37	264.0066	5.4216
260	փի	37	264.0066	5.4216
260	քր	37	264.0066	5.4216
261	կդ	36	256.8713	5.4097
262	աժ	35	249.736	5.3975
262	չկ	35	249.736	5.3975
262	ռի	35	249.736	5.3975
262	տև	35	249.736	5.3975
263	լտ	34	242.6007	5.3849
263	ղն	34	242.6007	5.3849
264	դն	33	235.4654	5.3719
264	ժե	33	235.4654	5.3719
265	չև	32	228.3301	5.3586
266	լև	31	221.1947	5.3448
266	ձն	31	221.1947	5.3448
266	ճի	31	221.1947	5.3448
266	յ$	31	221.1947	5.3448
267	ոռ	30	214.0594	5.3305
268	բն	29	206.9241	5.3158
268	լք	29	206.9241	5.3158
268	խվ	29	206.9241	5.3158
268	յք	29	206.9241	5.3158
269	դը	28	199.7888	5.3006
269	դյ	28	199.7888	5.3006
269	թը	28	199.7888	5.3006
269	լմ	28	199.7888	5.3006
269	ձր	28	199.7888	5.3006
269	ջն	28	199.7888	5.3006
269	քդ	28	199.7888	5.3006
270	զե	27	192.6535	5.2848
270	ղբ	27	192.6535	5.2848
270	շմ	27	192.6535	5.2848
270	չգ	27	192.6535	5.2848
270	ֆի	27	192.6535	5.2848
270	ևո	27	192.6535	5.2848
271	գտ	26	185.5182	5.2684
271	լը	26	185.5182	5.2684
271	ձի	26	185.5182	5.2684
271	չն	26	185.5182	5.2684
271	ւխ	26	185.5182	5.2684
272	կգ	25	178.3829	5.2514
272	կց	25	178.3829	5.2514
272	հը	25	178.3829	5.2514
272	ղթ	25	178.3829	5.2514
272	յթ	25	178.3829	5.2514
272	օգ	25	178.3829	5.2514
273	զվ	24	171.2475	5.2336
273	ժվ	24	171.2475	5.2336
273	ծք	24	171.2475	5.2336
273	կհ	24	171.2475	5.2336
273	մր	24	171.2475	5.2336
273	սխ	24	171.2475	5.2336
273	սօ	24	171.2475	5.2336
273	տճ	24	171.2475	5.2336
273	ցը	24	171.2475	5.2336
273	փփ	24	171.2475	5.2336
274	խմ	23	164.1122	5.2151
274	նշ	23	164.1122	5.2151
274	ռը	23	164.1122	5.2151
274	վդ	23	164.1122	5.2151
274	ևի	23	164.1122	5.2151
275	եհ	22	156.9769	5.1958
275	զմ	22	156.9769	5.1958
275	ճ$	22	156.9769	5.1958
275	ճշ	22	156.9769	5.1958
275	ճո	22	156.9769	5.1958
275	ոջ	22	156.9769	5.1958
275	ջե	22	156.9769	5.1958
276	զբ	21	149.8416	5.1756
276	թվ	21	149.8416	5.1756
276	կռ	21	149.8416	5.1756
276	ղք	21	149.8416	5.1756
276	ոհ	21	149.8416	5.1756
277	աև	20	142.7063	5.1544
277	գյ	20	142.7063	5.1544
277	եշ	20	142.7063	5.1544
277	զր	20	142.7063	5.1544
277	ժի	20	142.7063	5.1544
277	լն	20	142.7063	5.1544
277	կմ	20	142.7063	5.1544
277	պտ	20	142.7063	5.1544
277	տկ	20	142.7063	5.1544
277	տմ	20	142.7063	5.1544
278	բի	19	135.571	5.1322
278	դժ	19	135.571	5.1322
278	դք	19	135.571	5.1322
278	լդ	19	135.571	5.1322
278	հյ	19	135.571	5.1322
278	ղծ	19	135.571	5.1322
278	մյ	19	135.571	5.1322
278	մփ	19	135.571	5.1322
278	փ$	19	135.571	5.1322
278	ևա	19	135.571	5.1322
279	լխ	18	128.4357	5.1087
279	կկ	18	128.4357	5.1087
279	մս	18	128.4357	5.1087
279	շվ	18	128.4357	5.1087
279	ռվ	18	128.4357	5.1087
279	վկ	18	128.4357	5.1087
280	հմ	17	121.3003	5.0839
280	ղվ	17	121.3003	5.0839
280	ճե	17	121.3003	5.0839
280	պս	17	121.3003	5.0839
280	վս	17	121.3003	5.0839
280	ւֆ	17	121.3003	5.0839
281	կծ	16	114.165	5.0575
281	ղց	16	114.165	5.0575
281	շր	16	114.165	5.0575
281	ոզ	16	114.165	5.0575
281	պ$	16	114.165	5.0575
281	ցք	16	114.165	5.0575
281	փն	16	114.165	5.0575
281	ևե	16	114.165	5.0575
282	դվ	15	107.0297	5.0295
282	լռ	15	107.0297	5.0295
282	խկ	15	107.0297	5.0295
282	սվ	15	107.0297	5.0295
282	վճ	15	107.0297	5.0295
283	թշ	14	99.8944	4.9995
283	յժ	14	99.8944	4.9995
283	չը	14	99.8944	4.9995
283	չհ	14	99.8944	4.9995
283	վն	14	99.8944	4.9995
283	տյ	14	99.8944	4.9995
283	տպ	14	99.8944	4.9995
283	րճ	14	99.8944	4.9995
283	ւդ	14	99.8944	4.9995
283	ւժ	14	99.8944	4.9995
283	ւռ	14	99.8944	4.9995
283	ֆ$	14	99.8944	4.9995
284	բլ	13	92.7591	4.9674
284	գս	13	92.7591	4.9674
284	ժ$	13	92.7591	4.9674
284	իծ	13	92.7591	4.9674
284	իճ	13	92.7591	4.9674
284	ծվ	13	92.7591	4.9674
284	շշ	13	92.7591	4.9674
284	չլ	13	92.7591	4.9674
284	ջը	13	92.7591	4.9674
284	ւա	13	92.7591	4.9674
285	^ր	12	85.6238	4.9326
285	եժ	12	85.6238	4.9326
285	թռ	12	85.6238	4.9326
285	թև	12	85.6238	4.9326
285	լվ	12	85.6238	4.9326
285	ծը	12	85.6238	4.9326
285	կպ	12	85.6238	4.9326
285	ձո	12	85.6238	4.9326
285	ղղ	12	85.6238	4.9326
285	յմ	12	85.6238	4.9326
285	ոպ	12	85.6238	4.9326
285	րզ	12	85.6238	4.9326
285	ցց	12	85.6238	4.9326
286	աա	11	78.4885	4.8948
286	դգ	11	78.4885	4.8948
286	դկ	11	78.4885	4.8948
286	դտ	11	78.4885	4.8948
286	ժմ	11	78.4885	4.8948
286	իզ	11	78.4885	4.8948
286	լց	11	78.4885	4.8948
286	խր	11	78.4885	4.8948
286	խք	11	78.4885	4.8948
286	հվ	11	78.4885	4.8948
286	ղր	11	78.4885	4.8948
286	նբ	11	78.4885	4.8948
286	նխ	11	78.4885	4.8948
286	շկ	11	78.4885	4.8948
286	պք	11	78.4885	4.8948
286	ջև	11	78.4885	4.8948
286	վտ	11	78.4885	4.8948
286	ֆլ	11	78.4885	4.8948
287	բթ	10	71.3531	4.8534
287	բռ	10	71.3531	4.8534
287	ծկ	10	71.3531	4.8534
287	ղկ	10	71.3531	4.8534
287	ռչ	10	71.3531	4.8534
287	սց	10	71.3531	4.8534
287	սև	10	71.3531	4.8534
287	վը	10	71.3531	4.8534
287	վհ	10	71.3531	4.8534
287	րշ	10	71.3531	4.8534
287	րօ	10	71.3531	4.8534
287	ցս	10	71.3531	4.8534
287	օդ	10	71.3531	4.8534
288	գը	9	64.2178	4.8077
288	գց	9	64.2178	4.8077
288	եև	9	64.2178	4.8077
288	էս	9	64.2178	4.8077
288	կզ	9	64.2178	4.8077
288	ղճ	9	64.2178	4.8077
288	նժ	9	64.2178	4.8077
288	ռկ	9	64.2178	4.8077
288	ռց	9	64.2178	4.8077
288	տս	9	64.2178	4.8077
288	փր	9	64.2178	4.8077
288	ևն	9	64.2178	4.8077
289	բժ	8	57.0825	4.7565
289	գմ	8	57.0825	4.7565
289	եդ	8	57.0825	4.7565
289	եճ	8	57.0825	4.7565
289	թր	8	57.0825	4.7565
289	իգ	8	57.0825	4.7565
289	յգ	8	57.0825	4.7565
289	նծ	8	57.0825	4.7565
289	չմ	8	57.0825	4.7565
289	պվ	8	57.0825	4.7565
289	տծ	8	57.0825	4.7565
289	ւգ	8	57.0825	4.7565
289	ւի	8	57.0825	4.7565
289	ւծ	8	57.0825	4.7565
289	ֆր	8	57.0825	4.7565
290	աֆ	7	49.9472	4.6985
290	դռ	7	49.9472	4.6985
290	թք	7	49.9472	4.6985
290	իղ	7	49.9472	4.6985
290	իռ	7	49.9472	4.6985
290	խչ	7	49.9472	4.6985
290	ծխ	7	49.9472	4.6985
290	կթ	7	49.9472	4.6985
290	կխ	7	49.9472	4.6985
290	հպ	7	49.9472	4.6985
290	ձգ	7	49.9472	4.6985
290	մխ	7	49.9472	4.6985
290	մմ	7	49.9472	4.6985
290	չվ	7	49.9472	4.6985
290	ջկ	7	49.9472	4.6985
290	սզ	7	49.9472	4.6985
290	վշ	7	49.9472	4.6985
290	րլ	7	49.9472	4.6985
290	ւվ	7	49.9472	4.6985
290	քլ	7	49.9472	4.6985
290	քվ	7	49.9472	4.6985
290	ևէ	7	49.9472	4.6985
291	n$	6	42.8119	4.6316
291	աո	6	42.8119	4.6316
291	բր	6	42.8119	4.6316
291	դմ	6	42.8119	4.6316
291	եխ	6	42.8119	4.6316
291	զդ	6	42.8119	4.6316
291	ըս	6	42.8119	4.6316
291	թս	6	42.8119	4.6316
291	ժգ	6	42.8119	4.6316
291	ժպ	6	42.8119	4.6316
291	խթ	6	42.8119	4.6316
291	խլ	6	42.8119	4.6316
291	ծր	6	42.8119	4.6316
291	կ-	6	42.8119	4.6316
291	կղ	6	42.8119	4.6316
291	կշ	6	42.8119	4.6316
291	ձյ	6	42.8119	4.6316
291	ղզ	6	42.8119	4.6316
291	ճն	6	42.8119	4.6316
291	շք	6	42.8119	4.6316
291	ոփ	6	42.8119	4.6316
291	պչ	6	42.8119	4.6316
291	ջս	6	42.8119	4.6316
291	վյ	6	42.8119	4.6316
291	տդ	6	42.8119	4.6316
291	տլ	6	42.8119	4.6316
291	րչ	6	42.8119	4.6316
291	ցլ	6	42.8119	4.6316
291	ցկ	6	42.8119	4.6316
291	ցմ	6	42.8119	4.6316
291	ֆը	6	42.8119	4.6316
292	-ո	5	35.6766	4.5524
292	-պ	5	35.6766	4.5524
292	er	5	35.6766	4.5524
292	աձ	5	35.6766	4.5524
292	բվ	5	35.6766	4.5524
292	գվ	5	35.6766	4.5524
292	դև	5	35.6766	4.5524
292	եա	5	35.6766	4.5524
292	ըխ	5	35.6766	4.5524
292	թմ	5	35.6766	4.5524
292	խճ	5	35.6766	4.5524
292	ծյ	5	35.6766	4.5524
292	հս	5	35.6766	4.5524
292	ղպ	5	35.6766	4.5524
292	մթ	5	35.6766	4.5524
292	մշ	5	35.6766	4.5524
292	չ-	5	35.6766	4.5524
292	չյ	5	35.6766	4.5524
292	չս	5	35.6766	4.5524
292	չտ	5	35.6766	4.5524
292	ռլ	5	35.6766	4.5524
292	ռև	5	35.6766	4.5524
292	սյ	5	35.6766	4.5524
292	վք	5	35.6766	4.5524
292	տթ	5	35.6766	4.5524
292	տխ	5	35.6766	4.5524
292	ւչ	5	35.6766	4.5524
292	փվ	5	35.6766	4.5524
292	քշ	5	35.6766	4.5524
292	օձ	5	35.6766	4.5524
292	ֆա	5	35.6766	4.5524
292	ևտ	5	35.6766	4.5524
293	^i	4	28.5413	4.4555
293	^t	4	28.5413	4.4555
293	an	4	28.5413	4.4555
293	ic	4	28.5413	4.4555
293	in	4	28.5413	4.4555
293	it	4	28.5413	4.4555
293	ti	4	28.5413	4.4555
293	tr	4	28.5413	4.4555
293	բը	4	28.5413	4.4555
293	բև	4	28.5413	4.4555
293	գթ	4	28.5413	4.4555
293	գժ	4	28.5413	4.4555
293	գշ	4	28.5413	4.4555
293	եբ	4	28.5413	4.4555
293	զզ	4	28.5413	4.4555
293	զս	4	28.5413	4.4555
293	էդ	4	28.5413	4.4555
293	ժբ	4	28.5413	4.4555
293	իի	4	28.5413	4.4555
293	իֆ	4	28.5413	4.4555
293	լ-	4	28.5413	4.4555
293	կք	4	28.5413	4.4555
293	ձը	4	28.5413	4.4555
293	ձմ	4	28.5413	4.4555
293	ղդ	4	28.5413	4.4555
293	ղս	4	28.5413	4.4555
293	ղտ	4	28.5413	4.4555
293	ճռ	4	28.5413	4.4555
293	մպ	4	28.5413	4.4555
293	մռ	4	28.5413	4.4555
293	մվ	4	28.5413	4.4555
293	յծ	4	28.5413	4.4555
293	յկ	4	28.5413	4.4555
293	նճ	4	28.5413	4.4555
293	ոդ	4	28.5413	4.4555
293	ոժ	4	28.5413	4.4555
293	ջր	4	28.5413	4.4555
293	ս-	4	28.5413	4.4555
293	սդ	4	28.5413	4.4555
293	րր	4	28.5413	4.4555
293	ցյ	4	28.5413	4.4555
293	ցտ	4	28.5413	4.4555
293	ւպ	4	28.5413	4.4555
293	քթ	4	28.5413	4.4555
293	օտ	4	28.5413	4.4555
293	ֆթ	4	28.5413	4.4555
293	ևը	4	28.5413	4.4555
294	'$	3	21.4059	4.3305
294	'ր	3	21.4059	4.3305
294	-ա	3	21.4059	4.3305
294	-թ	3	21.4059	4.3305
294	^a	3	21.4059	4.3305
294	^s	3	21.4059	4.3305
294	en	3	21.4059	4.3305
294	gu	3	21.4059	4.3305
294	h$	3	21.4059	4.3305
294	le	3	21.4059	4.3305
294	ng	3	21.4059	4.3305
294	re	3	21.4059	4.3305
294	s$	3	21.4059	4.3305
294	st	3	21.4059	4.3305
294	t$	3	21.4059	4.3305
294	ui	3	21.4059	4.3305
294	y$	3	21.4059	4.3305
294	ա'	3	21.4059	4.3305
294	աե	3	21.4059	4.3305
294	բկ	3	21.4059	4.3305
294	գռ	3	21.4059	4.3305
294	գև	3	21.4059	4.3305
294	դհ	3	21.4059	4.3305
294	դչ	3	21.4059	4.3305
294	ե'	3	21.4059	4.3305
294	զը	3	21.4059	4.3305
294	էջ	3	21.4059	4.3305
294	ըմ	3	21.4059	4.3305
294	թղ	3	21.4059	4.3305
294	ժշ	3	21.4059	4.3305
294	ժտ	3	21.4059	4.3305
294	լբ	3	21.4059	4.3305
294	լյ	3	21.4059	4.3305
294	լր	3	21.4059	4.3305
294	խդ	3	21.4059	4.3305
294	խը	3	21.4059	4.3305
294	խց	3	21.4059	4.3305
294	ծդ	3	21.4059	4.3305
294	ծտ	3	21.4059	4.3305
294	ձկ	3	21.4059	4.3305
294	ձև	3	21.4059	4.3305
294	ճը	3	21.4059	4.3305
294	մ-	3	21.4059	4.3305
294	մղ	3	21.4059	4.3305
294	յզ	3	21.4059	4.3305
294	ն-	3	21.4059	4.3305
294	նօ	3	21.4059	4.3305
294	շը	3	21.4059	4.3305
294	ոո	3	21.4059	4.3305
294	պճ	3	21.4059	4.3305
294	ջվ	3	21.4059	4.3305
294	ջք	3	21.4059	4.3305
294	ռջ	3	21.4059	4.3305
294	սգ	3	21.4059	4.3305
294	սղ	3	21.4059	4.3305
294	սս	3	21.4059	4.3305
294	վվ	3	21.4059	4.3305
294	տգ	3	21.4059	4.3305
294	տռ	3	21.4059	4.3305
294	տտ	3	21.4059	4.3305
294	ցդ	3	21.4059	4.3305
294	քց	3	21.4059	4.3305
294	քև	3	21.4059	4.3305
294	օօ	3	21.4059	4.3305
295	-գ	2	14.2706	4.1544
295	-ի	2	14.2706	4.1544
295	-ծ	2	14.2706	4.1544
295	-մ	2	14.2706	4.1544
295	^b	2	14.2706	4.1544
295	^n	2	14.2706	4.1544
295	at	2	14.2706	4.1544
295	bt	2	14.2706	4.1544
295	by	2	14.2706	4.1544
295	cp	2	14.2706	4.1544
295	e$	2	14.2706	4.1544
295	es	2	14.2706	4.1544
295	ni	2	14.2706	4.1544
295	no	2	14.2706	4.1544
295	o$	2	14.2706	4.1544
295	pe	2	14.2706	4.1544
295	ra	2	14.2706	4.1544
295	su	2	14.2706	4.1544
295	th	2	14.2706	4.1544
295	tl	2	14.2706	4.1544
295	ub	2	14.2706	4.1544
295	ve	2	14.2706	4.1544
295	բդ	2	14.2706	4.1544
295	բզ	2	14.2706	4.1544
295	բխ	2	14.2706	4.1544
295	բղ	2	14.2706	4.1544
295	բյ	2	14.2706	4.1544
295	գչ	2	14.2706	4.1544
295	դս	2	14.2706	4.1544
295	եե	2	14.2706	4.1544
295	եֆ	2	14.2706	4.1544
295	զղ	2	14.2706	4.1544
295	էա	2	14.2706	4.1544
295	էկ	2	14.2706	4.1544
295	էհ	2	14.2706	4.1544
295	էյ	2	14.2706	4.1544
295	էն	2	14.2706	4.1544
295	էո	2	14.2706	4.1544
295	թզ	2	14.2706	4.1544
295	թխ	2	14.2706	4.1544
295	թկ	2	14.2706	4.1544
295	ժը	2	14.2706	4.1544
295	իժ	2	14.2706	4.1544
295	իհ	2	14.2706	4.1544
295	իև	2	14.2706	4.1544
295	լծ	2	14.2706	4.1544
295	լկ	2	14.2706	4.1544
295	խղ	2	14.2706	4.1544
295	խռ	2	14.2706	4.1544
295	խս	2	14.2706	4.1544
295	ծ-	2	14.2706	4.1544
295	ծծ	2	14.2706	4.1544
295	ծղ	2	14.2706	4.1544
295	ծռ	2	14.2706	4.1544
295	կչ	2	14.2706	4.1544
295	հկ	2	14.2706	4.1544
295	հղ	2	14.2706	4.1544
295	հռ	2	14.2706	4.1544
295	հք	2	14.2706	4.1544
295	ղխ	2	14.2706	4.1544
295	ղձ	2	14.2706	4.1544
295	ղև	2	14.2706	4.1544
295	մդ	2	14.2706	4.1544
295	մկ	2	14.2706	4.1544
295	յշ	2	14.2706	4.1544
295	նռ	2	14.2706	4.1544
295	նև	2	14.2706	4.1544
295	ոճ	2	14.2706	4.1544
295	չբ	2	14.2706	4.1544
295	չզ	2	14.2706	4.1544
295	չղ	2	14.2706	4.1544
295	պղ	2	14.2706	4.1544
295	պմ	2	14.2706	4.1544
295	պն	2	14.2706	4.1544
295	պշ	2	14.2706	4.1544
295	ջդ	2	14.2706	4.1544
295	ջտ	2	14.2706	4.1544
295	ռթ	2	14.2706	4.1544
295	ռյ	2	14.2706	4.1544
295	սթ	2	14.2706	4.1544
295	սմ	2	14.2706	4.1544
295	սփ	2	14.2706	4.1544
295	վբ	2	14.2706	4.1544
295	տժ	2	14.2706	4.1544
295	տհ	2	14.2706	4.1544
295	տօ	2	14.2706	4.1544
295	ցև	2	14.2706	4.1544
295	ւ'	2	14.2706	4.1544
295	ւո	2	14.2706	4.1544
295	փլ	2	14.2706	4.1544
295	փչ	2	14.2706	4.1544
295	փռ	2	14.2706	4.1544
295	փս	2	14.2706	4.1544
295	օժ	2	14.2706	4.1544
295	օծ	2	14.2706	4.1544
295	օվ	2	14.2706	4.1544
295	ֆն	2	14.2706	4.1544
295	ֆո	2	14.2706	4.1544
295	ևմ	2	14.2706	4.1544
296	's	1	7.1353	3.8534
296	'ն	1	7.1353	3.8534
296	'ո	1	7.1353	3.8534
296	'ռ	1	7.1353	3.8534
296	'տ	1	7.1353	3.8534
296	-ե	1	7.1353	3.8534
296	-լ	1	7.1353	3.8534
296	-խ	1	7.1353	3.8534
296	-կ	1	7.1353	3.8534
296	-հ	1	7.1353	3.8534
296	-ն	1	7.1353	3.8534
296	-չ	1	7.1353	3.8534
296	-ս	1	7.1353	3.8534
296	-տ	1	7.1353	3.8534
296	-ց	1	7.1353	3.8534
296	^'	1	7.1353	3.8534
296	^d	1	7.1353	3.8534
296	^e	1	7.1353	3.8534
296	^f	1	7.1353	3.8534
296	^l	1	7.1353	3.8534
296	^o	1	7.1353	3.8534
296	^u	1	7.1353	3.8534
296	^v	1	7.1353	3.8534
296	^y	1	7.1353	3.8534
296	aa	1	7.1353	3.8534
296	ag	1	7.1353	3.8534
296	ah	1	7.1353	3.8534
296	ai	1	7.1353	3.8534
296	ap	1	7.1353	3.8534
296	ar	1	7.1353	3.8534
296	c$	1	7.1353	3.8534
296	co	1	7.1353	3.8534
296	de	1	7.1353	3.8534
296	df	1	7.1353	3.8534
296	e'	1	7.1353	3.8534
296	ee	1	7.1353	3.8534
296	el	1	7.1353	3.8534
296	ep	1	7.1353	3.8534
296	ev	1	7.1353	3.8534
296	f$	1	7.1353	3.8534
296	fa	1	7.1353	3.8534
296	ff	1	7.1353	3.8534
296	g$	1	7.1353	3.8534
296	ha	1	7.1353	3.8534
296	he	1	7.1353	3.8534
296	ia	1	7.1353	3.8534
296	id	1	7.1353	3.8534
296	io	1	7.1353	3.8534
296	is	1	7.1353	3.8534
296	iv	1	7.1353	3.8534
296	jն	1	7.1353	3.8534
296	la	1	7.1353	3.8534
296	li	1	7.1353	3.8534
296	me	1	7.1353	3.8534
296	ns	1	7.1353	3.8534
296	nt	1	7.1353	3.8534
296	oh	1	7.1353	3.8534
296	on	1	7.1353	3.8534
296	ot	1	7.1353	3.8534
296	ph	1	7.1353	3.8534
296	pr	1	7.1353	3.8534
296	r$	1	7.1353	3.8534
296	ri	1	7.1353	3.8534
296	rm	1	7.1353	3.8534
296	rs	1	7.1353	3.8534
296	rt	1	7.1353	3.8534
296	ru	1	7.1353	3.8534
296	si	1	7.1353	3.8534
296	sl	1	7.1353	3.8534
296	ta	1	7.1353	3.8534
296	te	1	7.1353	3.8534
296	ty	1	7.1353	3.8534
296	un	1	7.1353	3.8534
296	us	1	7.1353	3.8534
296	va	1	7.1353	3.8534
296	ye	1	7.1353	3.8534
296	zր	1	7.1353	3.8534
296	աj	1	7.1353	3.8534
296	գգ	1	7.1353	3.8534
296	գջ	1	7.1353	3.8534
296	դդ	1	7.1353	3.8534
296	դխ	1	7.1353	3.8534
296	զկ	1	7.1353	3.8534
296	է-	1	7.1353	3.8534
296	էժ	1	7.1353	3.8534
296	էք	1	7.1353	3.8534
296	ըր	1	7.1353	3.8534
296	ըք	1	7.1353	3.8534
296	թթ	1	7.1353	3.8534
296	թփ	1	7.1353	3.8534
296	ժդ	1	7.1353	3.8534
296	ժխ	1	7.1353	3.8534
296	ժն	1	7.1353	3.8534
296	ժռ	1	7.1353	3.8534
296	ժս	1	7.1353	3.8534
296	ի'	1	7.1353	3.8534
296	իխ	1	7.1353	3.8534
296	իյ	1	7.1353	3.8534
296	լթ	1	7.1353	3.8534
296	լչ	1	7.1353	3.8534
296	լփ	1	7.1353	3.8534
296	խգ	1	7.1353	3.8534
296	խժ	1	7.1353	3.8534
296	խհ	1	7.1353	3.8534
296	խյ	1	7.1353	3.8534
296	խփ	1	7.1353	3.8534
296	խև	1	7.1353	3.8534
296	ծլ	1	7.1353	3.8534
296	ծպ	1	7.1353	3.8534
296	կձ	1	7.1353	3.8534
296	կճ	1	7.1353	3.8534
296	կփ	1	7.1353	3.8534
296	կօ	1	7.1353	3.8534
296	հդ	1	7.1353	3.8534
296	հզ	1	7.1353	3.8534
296	հհ	1	7.1353	3.8534
296	հճ	1	7.1353	3.8534
296	ձդ	1	7.1353	3.8534
296	ձվ	1	7.1353	3.8534
296	ձք	1	7.1353	3.8534
296	ղգ	1	7.1353	3.8534
296	ղյ	1	7.1353	3.8534
296	ղշ	1	7.1353	3.8534
296	ճղ	1	7.1353	3.8534
296	ճմ	1	7.1353	3.8534
296	ճյ	1	7.1353	3.8534
296	ճչ	1	7.1353	3.8534
296	ճպ	1	7.1353	3.8534
296	ճվ	1	7.1353	3.8534
296	ճր	1	7.1353	3.8534
296	մհ	1	7.1353	3.8534
296	մց	1	7.1353	3.8534
296	յբ	1	7.1353	3.8534
296	յը	1	7.1353	3.8534
296	նֆ	1	7.1353	3.8534
296	շգ	1	7.1353	3.8534
296	շպ	1	7.1353	3.8534
296	շռ	1	7.1353	3.8534
296	ոz	1	7.1353	3.8534
296	ոա	1	7.1353	3.8534
296	ոի	1	7.1353	3.8534
296	չդ	1	7.1353	3.8534
296	չթ	1	7.1353	3.8534
296	չխ	1	7.1353	3.8534
296	չձ	1	7.1353	3.8534
296	չշ	1	7.1353	3.8534
296	չց	1	7.1353	3.8534
296	չփ	1	7.1353	3.8534
296	պը	1	7.1353	3.8534
296	պլ	1	7.1353	3.8534
296	ջ-	1	7.1353	3.8534
296	ջլ	1	7.1353	3.8534
296	ջղ	1	7.1353	3.8534
296	ջմ	1	7.1353	3.8534
296	ռդ	1	7.1353	3.8534
296	սլ	1	7.1353	3.8534
296	սչ	1	7.1353	3.8534
296	սռ	1	7.1353	3.8534
296	վզ	1	7.1353	3.8534
296	վպ	1	7.1353	3.8534
296	տշ	1	7.1353	3.8534
296	ր-	1	7.1353	3.8534
296	րփ	1	7.1353	3.8534
296	ց-	1	7.1353	3.8534
296	ցբ	1	7.1353	3.8534
296	ւե	1	7.1353	3.8534
296	ւփ	1	7.1353	3.8534
296	փ-	1	7.1353	3.8534
296	փը	1	7.1353	3.8534
296	փխ	1	7.1353	3.8534
296	փկ	1	7.1353	3.8534
296	փյ	1	7.1353	3.8534
296	ք-	1	7.1353	3.8534
296	քգ	1	7.1353	3.8534
296	օթ	1	7.1353	3.8534
296	օլ	1	7.1353	3.8534
296	օմ	1	7.1353	3.8534
296	օպ	1	7.1353	3.8534
296	ֆ-	1	7.1353	3.8534
296	ևլ	1	7.1353	3.8534
