Rank	Bigram	Frequency	Frequency per million	Zipf value
1	a$	973264	35287.2912	7.5476
2	n$	792793	28744.0175	7.4585
3	^e	678644	24605.3573	7.391
4	en	548081	19871.5804	7.2982
5	^d	529875	19211.4918	7.2836
6	^b	521805	18918.9007	7.2769
7	ar	444369	16111.3308	7.2071
8	er	410146	14870.5195	7.1723
9	o$	386431	14010.6931	7.1465
10	at	371684	13476.0163	7.1296
11	u$	370983	13450.6004	7.1287
12	ra	368828	13372.4673	7.1262
13	an	368072	13345.0573	7.1253
14	^z	358519	12998.6975	7.1139
15	i$	325437	11799.2551	7.0719
16	in	324716	11773.114	7.0709
17	k$	318997	11565.7622	7.0632
18	ai	317085	11496.4395	7.0606
19	ze	316986	11492.8501	7.0604
20	re	311847	11306.5272	7.0533
21	ba	306506	11112.8804	7.0458
22	te	303940	11019.8459	7.0422
23	e$	296340	10744.2953	7.0312
24	ta	293463	10639.985	7.0269
25	^a	293016	10623.7782	7.0263
26	ez	287569	10426.2883	7.0181
27	it	279682	10140.3321	7.0061
28	z$	277815	10072.6409	7.0031
29	tz	273901	9930.7324	6.997
30	na	271557	9845.7468	6.9932
31	da	271325	9837.3353	6.9929
32	^h	269851	9783.893	6.9905
33	ak	267546	9700.3214	6.9868
34	ko	263947	9569.8337	6.9809
35	ri	257647	9341.4168	6.9704
36	za	257153	9323.506	6.9696
37	du	256415	9296.7486	6.9683
38	zu	250425	9079.5713	6.9581
39	tu	249733	9054.4817	6.9569
40	^n	248791	9020.3279	6.9552
41	rr	238528	8648.226	6.9369
42	or	238208	8636.6238	6.9363
43	et	233350	8460.489	6.9274
44	^g	227879	8262.1289	6.9171
45	ik	217469	7884.6972	6.8968
46	la	213716	7748.626	6.8892
47	be	205955	7467.2381	6.8732
48	t$	199534	7234.4342	6.8594
49	iz	191443	6941.0816	6.8414
50	^i	185489	6725.2096	6.8277
51	ur	178473	6470.8329	6.811
52	go	175613	6367.1389	6.8039
53	ut	174030	6309.7446	6.8
54	di	173115	6276.5698	6.7977
55	eg	168887	6123.2767	6.787
56	ha	166957	6053.3013	6.782
57	gi	165517	6001.0918	6.7782
58	ek	165325	5994.1305	6.7777
59	ka	161525	5856.3552	6.7676
60	on	159346	5777.352	6.7617
61	ea	156718	5682.0695	6.7545
62	de	153635	5570.2903	6.7459
63	ia	152807	5540.2698	6.7435
64	es	146928	5327.1169	6.7265
65	r$	146490	5311.2365	6.7252
66	al	145609	5279.2944	6.7226
67	ga	144916	5254.1685	6.7205
68	au	139732	5066.2141	6.7047
69	ir	137125	4971.693	6.6965
70	ki	136338	4943.159	6.694
71	gu	128076	4643.6066	6.6669
72	rt	125963	4566.9963	6.6596
73	^o	125934	4565.9448	6.6595
74	nt	125679	4556.6994	6.6587
75	zi	122746	4450.3586	6.6484
76	oa	121355	4399.9256	6.6434
77	ag	118043	4279.8436	6.6314
78	ne	116874	4237.4596	6.6271
79	uz	116570	4226.4376	6.626
80	az	116065	4208.128	6.6241
81	ti	112883	4092.7593	6.612
82	st	108710	3941.4603	6.5957
83	sa	107887	3911.6211	6.5924
84	un	107535	3898.8587	6.5909
85	ni	106514	3861.8407	6.5868
86	^m	105005	3807.1294	6.5806
87	ma	104598	3792.373	6.5789
88	nd	103446	3750.6053	6.5741
89	^l	103399	3748.9012	6.5739
90	el	102378	3711.8832	6.5696
91	^j	101982	3697.5256	6.5679
92	ho	100727	3652.0235	6.5625
93	il	99913	3622.5106	6.559
94	hi	98896	3585.6376	6.5546
95	ue	94758	3435.6075	6.536
96	bi	90989	3298.9562	6.5184
97	^s	89419	3242.0333	6.5108
98	uk	88976	3225.9716	6.5087
99	^k	87307	3165.4592	6.5004
100	ke	85931	3115.5701	6.4935
101	as	83580	3030.3307	6.4815
102	le	81032	2937.9488	6.468
103	^p	80713	2926.3829	6.4663
104	no	78471	2845.0955	6.4541
105	ng	77770	2819.6796	6.4502
106	ro	73349	2659.3889	6.4248
107	eh	73053	2648.657	6.423
108	me	72050	2612.2916	6.417
109	ua	72036	2611.784	6.4169
110	ge	69367	2515.015	6.4005
111	io	67752	2456.4605	6.3903
112	ku	65119	2360.9967	6.3731
113	^t	64561	2340.7655	6.3694
114	sk	63374	2297.7289	6.3613
115	us	62095	2251.3566	6.3524
116	^u	61090	2214.9187	6.3454
117	tx	60340	2187.7262	6.34
118	ja	60278	2185.4783	6.3395
119	ad	59944	2173.3686	6.3371
120	si	59478	2156.473	6.3337
121	ld	58350	2115.5755	6.3254
122	zt	58278	2112.965	6.3249
123	to	57686	2091.501	6.3205
124	ah	57600	2088.383	6.3198
125	em	57582	2087.7304	6.3197
126	li	56346	2042.9171	6.3103
127	se	56014	2030.8799	6.3077
128	he	55896	2026.6016	6.3068
129	ab	54916	1991.0701	6.2991
130	ot	53748	1948.7224	6.2897
131	do	53493	1939.4769	6.2877
132	ru	52502	1903.5466	6.2796
133	ie	51978	1884.5481	6.2752
134	ts	49694	1801.7379	6.2557
135	zk	49544	1796.2994	6.2544
136	id	48194	1747.3529	6.2424
137	ol	46507	1686.188	6.2269
138	os	46074	1670.4888	6.2228
139	am	43862	1590.2891	6.2015
140	so	41717	1512.5186	6.1797
141	pa	40438	1466.1464	6.1662
142	ud	40259	1459.6564	6.1643
143	rk	39388	1428.0769	6.1548
144	l$	38424	1393.1255	6.144
145	ok	38056	1379.783	6.1398
146	ed	37122	1345.9193	6.129
147	ug	37086	1344.6141	6.1286
148	nu	36815	1334.7885	6.1254
149	rd	36615	1327.5372	6.123
150	zo	36585	1326.4495	6.1227
151	is	36035	1306.5083	6.1161
152	pe	34828	1262.7466	6.1013
153	ul	33842	1226.9975	6.0888
154	oi	33662	1220.4713	6.0865
155	su	32579	1181.2054	6.0723
156	jo	31611	1146.1089	6.0592
157	po	30492	1105.5377	6.0436
158	lo	30015	1088.2433	6.0367
159	lt	29949	1085.8504	6.0358
160	oz	29786	1079.9405	6.0334
161	mi	29565	1071.9278	6.0302
162	bo	28888	1047.3821	6.0201
163	ei	28501	1033.3508	6.0142
164	mo	26532	961.9614	5.9832
165	bu	26519	961.4901	5.9829
166	rg	26261	952.1359	5.9787
167	tr	24527	889.2668	5.949
168	^f	23830	863.9959	5.9365
169	mu	22930	831.365	5.9198
170	s$	22726	823.9686	5.9159
171	oe	22148	803.0123	5.9047
172	lu	22113	801.7433	5.904
173	xe	22065	800.003	5.9031
174	pi	21530	780.6057	5.8924
175	xo	21403	776.0011	5.8899
176	rb	20837	755.4798	5.8782
177	ig	19937	722.8488	5.859
178	xa	19878	720.7097	5.8578
179	ap	18922	686.0483	5.8364
180	nb	18325	664.4031	5.8224
181	pr	18020	653.3448	5.8151
182	ib	17768	644.2081	5.809
183	eu	17749	643.5193	5.8086
184	xi	16602	601.9329	5.7795
185	og	16059	582.2455	5.7651
186	y$	16004	580.2514	5.7636
187	ix	15838	574.2328	5.7591
188	pu	14279	517.7087	5.7141
189	ob	14161	513.4304	5.7105
190	hu	13921	504.7288	5.7031
191	ee	13909	504.2937	5.7027
192	im	13828	501.3569	5.7001
193	od	13324	483.0836	5.684
194	np	13190	478.2252	5.6796
195	sp	13042	472.8592	5.6747
196	um	12879	466.9494	5.6693
197	^c	12820	464.8102	5.6673
198	nk	12290	445.5942	5.6489
199	ih	11409	413.6521	5.6166
200	lk	11369	412.2018	5.6151
201	om	11305	409.8814	5.6127
202	^r	11038	400.2009	5.6023
203	je	10659	386.4596	5.5871
204	op	10494	380.4773	5.5803
205	ll	9934	360.1736	5.5565
206	rm	9793	355.0614	5.5503
207	ip	9650	349.8767	5.5439
208	fa	9233	334.7576	5.5247
209	oh	9120	330.6606	5.5194
210	eb	8955	324.6783	5.5115
211	fi	8941	324.1707	5.5108
212	ch	8458	306.6587	5.4867
213	fe	8006	290.2707	5.4628
214	d$	7655	277.5446	5.4433
215	dr	7523	272.7588	5.4358
216	br	7480	271.1997	5.4333
217	rn	7152	259.3076	5.4138
218	kt	6581	238.605	5.3777
219	fr	6510	236.0308	5.373
220	ep	6233	225.9877	5.3541
221	ic	6206	225.0088	5.3522
222	h$	6160	223.341	5.349
223	rp	6099	221.1293	5.3446
224	fo	6050	219.3527	5.3411
225	nn	5989	217.1411	5.3367
226	xu	5817	210.9049	5.3241
227	kr	5794	210.071	5.3224
228	^w	5696	206.5179	5.315
229	-e	5586	202.5296	5.3065
230	gr	5571	201.9858	5.3053
231	ca	5489	199.0127	5.2989
232	th	5472	198.3964	5.2975
233	zp	5298	192.0877	5.2835
234	ns	5234	189.7673	5.2782
235	ui	5152	186.7943	5.2714
236	rl	5130	185.9966	5.2695
237	lb	5072	183.8937	5.2646
238	pl	5035	182.5522	5.2614
239	ax	5034	182.516	5.2613
240	eo	4874	176.7149	5.2473
241	ck	4785	173.4881	5.2393
242	ub	4742	171.929	5.2353
243	m$	4654	168.7384	5.2272
244	vi	4640	168.2309	5.2259
245	sh	4589	166.3818	5.2211
246	sm	4549	164.9315	5.2173
247	ry	4476	162.2848	5.2103
248	a-	4422	160.3269	5.205
249	^v	4401	159.5655	5.2029
250	co	4333	157.1001	5.1962
251	af	4230	153.3656	5.1857
252	ex	4214	152.7855	5.1841
253	ou	4053	146.9482	5.1672
254	ve	4028	146.0418	5.1645
255	iu	3989	144.6278	5.1603
256	oo	3875	140.4945	5.1477
257	ac	3798	137.7028	5.1389
258	ey	3638	131.9017	5.1203
259	e-	3613	130.9953	5.1173
260	bl	3524	127.7684	5.1064
261	ef	3487	126.4269	5.1018
262	tt	3446	124.9404	5.0967
263	n-	3426	124.2153	5.0942
264	ae	3424	124.1428	5.0939
265	g$	3344	121.2422	5.0837
266	wa	3259	118.1604	5.0725
267	sl	3228	117.0365	5.0683
268	if	3148	114.1359	5.0574
269	xk	3132	113.5558	5.0552
270	-a	3116	112.9757	5.053
271	ju	3072	111.3804	5.0468
272	kl	3068	111.2354	5.0462
273	lm	2977	107.936	5.0332
274	ji	2963	107.4285	5.0311
275	ay	2936	106.4495	5.0271
276	ce	2921	105.9057	5.0249
277	i-	2853	103.4402	5.0147
278	nf	2852	103.404	5.0145
279	up	2846	103.1864	5.0136
280	^y	2735	99.1619	4.9963
281	rs	2612	94.7024	4.9764
282	ss	2586	93.7597	4.972
283	sn	2584	93.6872	4.9717
284	-b	2582	93.6147	4.9713
285	fu	2551	92.4907	4.9661
286	ly	2540	92.0919	4.9642
287	av	2515	91.1855	4.9599
288	^x	2479	89.8802	4.9537
288	o-	2479	89.8802	4.9537
289	dy	2469	89.5177	4.9519
290	of	2455	89.0101	4.9494
291	va	2377	86.1821	4.9354
292	wi	2267	82.1938	4.9148
293	ow	2250	81.5775	4.9116
294	nc	2231	80.8886	4.9079
295	aj	2159	78.2781	4.8936
296	ev	2133	77.3354	4.8884
297	u-	2100	76.139	4.8816
298	ny	2066	74.9062	4.8745
299	yo	2058	74.6162	4.8728
300	ya	2020	73.2384	4.8647
301	uh	1858	67.3649	4.8284
302	ph	1855	67.2561	4.8277
303	yr	1847	66.966	4.8259
304	ox	1832	66.4222	4.8223
305	ux	1795	65.0807	4.8135
306	hn	1792	64.9719	4.8127
307	mm	1790	64.8994	4.8122
308	lf	1776	64.3918	4.8088
309	x$	1775	64.3556	4.8086
310	r-	1773	64.283	4.8081
311	we	1736	62.9415	4.7989
312	-k	1673	60.6574	4.7829
313	sb	1654	59.9685	4.7779
314	sc	1605	58.1919	4.7649
314	w$	1605	58.1919	4.7649
315	b$	1595	57.8294	4.7621
316	ew	1588	57.5756	4.7602
317	uc	1586	57.503	4.7597
318	sg	1570	56.9229	4.7553
319	lp	1566	56.7779	4.7542
320	oc	1544	55.9803	4.748
321	ci	1528	55.4002	4.7435
322	ño	1467	53.1885	4.7258
323	bb	1446	52.4271	4.7196
324	yk	1433	51.9558	4.7156
325	wo	1431	51.8833	4.715
326	cl	1412	51.1944	4.7092
327	c$	1399	50.7231	4.7052
328	ov	1383	50.1429	4.7002
329	fl	1380	50.0342	4.6993
330	-m	1371	49.7079	4.6964
331	ty	1336	48.4389	4.6852
332	ff	1322	47.9313	4.6806
333	f$	1315	47.6775	4.6783
334	-g	1306	47.3512	4.6753
335	lg	1279	46.3723	4.6663
336	my	1266	45.9009	4.6618
337	-i	1252	45.3933	4.657
338	iv	1249	45.2846	4.656
339	t-	1231	44.6319	4.6496
340	-r	1228	44.5232	4.6486
341	gh	1221	44.2694	4.6461
342	dd	1217	44.1243	4.6447
343	oy	1204	43.653	4.64
344	rc	1201	43.5442	4.6389
345	s-	1200	43.508	4.6386
346	eñ	1174	42.5653	4.6291
347	ec	1168	42.3478	4.6268
348	qu	1167	42.3115	4.6265
349	-t	1154	41.8402	4.6216
350	ls	1140	41.3326	4.6163
351	by	1127	40.8612	4.6113
352	ps	1122	40.68	4.6094
353	-l	1118	40.5349	4.6078
354	uf	1104	40.0273	4.6024
355	p$	1095	39.701	4.5988
356	l-	1079	39.1209	4.5924
357	mb	1061	38.4683	4.5851
358	-z	1044	37.8519	4.5781
359	-h	1031	37.3806	4.5726
360	yn	990	35.8941	4.555
361	kz	984	35.6765	4.5524
362	nz	979	35.4953	4.5502
363	gl	971	35.2052	4.5466
364	ky	970	35.1689	4.5462
365	vo	961	34.8426	4.5421
366	-p	956	34.6614	4.5398
367	ye	916	33.2111	4.5213
368	mp	906	32.8485	4.5165
369	hr	905	32.8123	4.516
370	aw	903	32.7398	4.5151
371	-s	893	32.3772	4.5102
372	aa	890	32.2684	4.5088
373	zz	889	32.2322	4.5083
374	cr	887	32.1596	4.5073
375	pt	858	31.1082	4.4929
376	yl	852	30.8907	4.4898
377	rj	850	30.8182	4.4888
378	rf	835	30.2743	4.4811
379	-o	824	29.8755	4.4753
380	ij	822	29.803	4.4743
381	ks	815	29.5492	4.4705
382	zb	811	29.4041	4.4684
383	-d	807	29.2591	4.4663
384	uo	799	28.9691	4.4619
385	zl	796	28.8603	4.4603
386	ao	786	28.4977	4.4548
387	tl	778	28.2077	4.4504
388	z-	773	28.0264	4.4476
389	gg	761	27.5913	4.4408
390	cu	754	27.3375	4.4368
391	pp	752	27.265	4.4356
392	nj	703	25.4884	4.4063
393	v$	694	25.1621	4.4007
394	-j	677	24.5458	4.39
395	cy	671	24.3282	4.3861
396	kn	669	24.2557	4.3848
397	wh	658	23.8569	4.3776
398	wn	657	23.8206	4.377
399	gn	653	23.6756	4.3743
400	-n	628	22.7692	4.3573
401	ms	613	22.2253	4.3468
402	kh	600	21.754	4.3375
402	oj	600	21.754	4.3375
403	nr	597	21.6452	4.3354
404	tc	594	21.5364	4.3332
405	hy	593	21.5002	4.3324
405	k-	593	21.5002	4.3324
406	ds	571	20.7025	4.316
407	sf	569	20.63	4.3145
408	mc	560	20.3037	4.3076
409	hm	556	20.1587	4.3045
409	rv	556	20.1587	4.3045
410	ht	548	19.8686	4.2982
410	rz	548	19.8686	4.2982
411	sz	529	19.1798	4.2828
412	yd	518	18.7809	4.2737
413	tm	494	17.9108	4.2531
414	y-	489	17.7295	4.2487
414	zg	489	17.7295	4.2487
415	cc	476	17.2582	4.237
415	sy	476	17.2582	4.237
416	ct	473	17.1494	4.2342
416	dw	473	17.1494	4.2342
417	^q	471	17.0769	4.2324
418	g-	456	16.533	4.2184
419	dg	455	16.4968	4.2174
420	xt	453	16.4243	4.2155
421	bs	441	15.9892	4.2038
422	gs	437	15.8442	4.1999
423	ys	434	15.7354	4.1969
424	lv	418	15.1553	4.1806
425	gt	410	14.8652	4.1722
426	dm	405	14.6839	4.1668
426	tw	405	14.6839	4.1668
427	yu	402	14.5752	4.1636
428	's	400	14.5027	4.1614
429	nl	393	14.2489	4.1538
430	ym	390	14.1401	4.1505
431	-u	383	13.8863	4.1426
431	d-	383	13.8863	4.1426
432	sw	381	13.8138	4.1403
433	nh	377	13.6688	4.1357
434	tn	375	13.5962	4.1334
435	m-	364	13.1974	4.1205
436	ej	355	12.8711	4.1096
437	tb	338	12.2547	4.0883
438	ii	331	12.001	4.0792
439	ér	319	11.5659	4.0632
440	-f	307	11.1308	4.0465
441	sr	306	11.0945	4.0451
442	yt	304	11.022	4.0423
443	lc	296	10.732	4.0307
444	km	295	10.6957	4.0292
445	h-	274	9.9343	3.9971
446	lz	273	9.8981	3.9956
446	yw	273	9.8981	3.9956
447	ws	271	9.8256	3.9924
448	hl	259	9.3905	3.9727
448	uu	259	9.3905	3.9727
449	uj	257	9.318	3.9693
450	^é	255	9.2454	3.9659
451	rh	251	9.1004	3.9591
452	n'	248	8.9916	3.9538
453	zh	245	8.8829	3.9486
454	dl	242	8.7741	3.9432
455	é$	239	8.6653	3.9378
456	yi	231	8.3753	3.923
457	ré	230	8.339	3.9211
458	bj	229	8.3028	3.9192
458	ft	229	8.3028	3.9192
459	dt	226	8.194	3.9135
460	j$	225	8.1577	3.9116
461	dn	217	7.8677	3.8958
462	ml	207	7.5051	3.8754
463	fb	204	7.3964	3.869
463	kk	204	7.3964	3.869
464	rw	203	7.3601	3.8669
465	mn	202	7.3238	3.8647
466	cq	199	7.2151	3.8582
466	hh	199	7.2151	3.8582
467	iy	195	7.07	3.8494
468	wy	190	6.8888	3.8381
469	ln	187	6.78	3.8312
469	wl	187	6.78	3.8312
470	o'	186	6.7437	3.8289
470	uy	186	6.7437	3.8289
471	gm	182	6.5987	3.8195
472	lw	179	6.4899	3.8122
473	fü	177	6.4174	3.8074
474	^'	175	6.3449	3.8024
474	zm	175	6.3449	3.8024
474	üh	175	6.3449	3.8024
475	ña	171	6.1999	3.7924
476	't	169	6.1274	3.7873
477	wk	168	6.0911	3.7847
477	wr	168	6.0911	3.7847
478	b-	163	5.9098	3.7716
478	mr	163	5.9098	3.7716
479	gy	162	5.8736	3.7689
479	uñ	162	5.8736	3.7689
480	sv	160	5.8011	3.7635
481	cn	158	5.7286	3.758
482	vk	155	5.6198	3.7497
482	yc	155	5.6198	3.7497
483	gb	153	5.5473	3.7441
484	iq	149	5.4022	3.7326
484	nm	149	5.4022	3.7326
484	uv	149	5.4022	3.7326
485	wb	147	5.3297	3.7267
486	gw	145	5.2572	3.7208
487	i'	144	5.221	3.7178
488	nv	143	5.1847	3.7147
489	'm	142	5.1484	3.7117
490	-y	141	5.1122	3.7086
490	aq	141	5.1122	3.7086
490	x-	141	5.1122	3.7086
491	c-	140	5.0759	3.7055
492	zj	138	5.0034	3.6993
493	lr	137	4.9672	3.6961
494	p-	135	4.8946	3.6897
495	iñ	134	4.8584	3.6865
496	t'	133	4.8221	3.6832
497	nw	129	4.6771	3.67
498	py	128	4.6409	3.6666
499	-c	126	4.5683	3.6598
499	bk	126	4.5683	3.6598
500	oñ	125	4.5321	3.6563
501	hs	124	4.4958	3.6528
501	lh	124	4.4958	3.6528
501	mg	124	4.4958	3.6528
501	sq	124	4.4958	3.6528
502	pz	120	4.3508	3.6386
503	dk	119	4.3145	3.6349
504	bd	118	4.2783	3.6313
504	él	118	4.2783	3.6313
505	xy	116	4.2058	3.6238
506	zy	115	4.1695	3.6201
507	cd	112	4.0607	3.6086
508	'e	111	4.0245	3.6047
509	sd	110	3.9882	3.6008
509	xp	110	3.9882	3.6008
510	'$	109	3.952	3.5968
510	f-	109	3.952	3.5968
511	ñi	108	3.9157	3.5928
512	e'	107	3.8795	3.5888
513	hé	106	3.8432	3.5847
513	vl	106	3.8432	3.5847
514	cs	105	3.8069	3.5806
515	mé	104	3.7707	3.5764
516	cm	102	3.6982	3.568
517	vr	101	3.6619	3.5637
518	gd	99	3.5894	3.555
519	hw	98	3.5532	3.5506
519	pn	98	3.5532	3.5506
520	pf	97	3.5169	3.5462
521	wu	96	3.4806	3.5417
522	^ñ	92	3.3356	3.5232
523	iw	91	3.2994	3.5184
524	d'	90	3.2631	3.5136
524	df	90	3.2631	3.5136
524	dj	90	3.2631	3.5136
524	md	90	3.2631	3.5136
525	'l	89	3.2268	3.5088
525	dh	89	3.2268	3.5088
525	lj	89	3.2268	3.5088
526	jb	87	3.1543	3.4989
527	zd	85	3.0818	3.4888
528	fé	84	3.0456	3.4837
529	añ	82	2.973	3.4732
530	yb	80	2.9005	3.4625
531	hk	79	2.8643	3.457
531	q$	79	2.8643	3.457
531	yv	79	2.8643	3.457
531	és	79	2.8643	3.457
532	'r	78	2.828	3.4515
532	cg	78	2.828	3.4515
532	nx	78	2.828	3.4515
533	dz	77	2.7918	3.4459
533	kw	77	2.7918	3.4459
533	vs	77	2.7918	3.4459
533	y'	77	2.7918	3.4459
534	sé	76	2.7555	3.4402
535	eq	75	2.7192	3.4344
536	gp	74	2.683	3.4286
537	éd	73	2.6467	3.4227
538	án	72	2.6105	3.4167
538	éo	72	2.6105	3.4167
539	yz	71	2.5742	3.4106
540	tk	70	2.538	3.4045
541	'a	69	2.5017	3.3982
541	bg	69	2.5017	3.3982
541	tg	69	2.5017	3.3982
541	ón	69	2.5017	3.3982
542	cb	68	2.4655	3.3919
542	vy	68	2.4655	3.3919
543	fg	66	2.3929	3.3789
544	bc	65	2.3567	3.3723
545	yp	64	2.3204	3.3656
546	cz	63	2.2842	3.3587
547	dc	61	2.2117	3.3447
547	kb	61	2.2117	3.3447
548	dé	60	2.1754	3.3375
548	wt	60	2.1754	3.3375
548	zn	60	2.1754	3.3375
548	éa	60	2.1754	3.3375
549	db	58	2.1029	3.3228
549	l'	58	2.1029	3.3228
550	rq	57	2.0666	3.3153
550	u'	57	2.0666	3.3153
550	xc	57	2.0666	3.3153
551	gk	56	2.0304	3.3076
551	jn	56	2.0304	3.3076
551	w-	56	2.0304	3.3076
551	wm	56	2.0304	3.3076
552	mw	55	1.9941	3.2997
553	'h	54	1.9579	3.2918
553	a'	54	1.9579	3.2918
553	ló	54	1.9579	3.2918
553	té	54	1.9579	3.2918
554	'n	53	1.9216	3.2837
554	ía	53	1.9216	3.2837
555	hb	51	1.8491	3.267
555	hc	51	1.8491	3.267
556	rí	50	1.8128	3.2583
556	yg	50	1.8128	3.2583
557	vu	49	1.7766	3.2496
558	bh	48	1.7403	3.2406
558	sj	48	1.7403	3.2406
559	pg	47	1.7041	3.2315
560	fn	45	1.6315	3.2126
560	èr	45	1.6315	3.2126
561	-w	43	1.559	3.1928
561	kd	43	1.559	3.1928
561	pm	43	1.559	3.1928
561	xx	43	1.559	3.1928
562	'b	42	1.5228	3.1826
562	bn	42	1.5228	3.1826
562	cp	42	1.5228	3.1826
562	iè	42	1.5228	3.1826
562	tf	42	1.5228	3.1826
562	vn	42	1.5228	3.1826
562	ém	42	1.5228	3.1826
562	én	42	1.5228	3.1826
563	mk	41	1.4865	3.1722
563	tp	41	1.4865	3.1722
564	bt	40	1.4503	3.1615
564	dv	40	1.4503	3.1615
564	kg	40	1.4503	3.1615
564	nç	40	1.4503	3.1615
565	né	39	1.414	3.1504
565	ód	39	1.414	3.1504
566	pb	38	1.3778	3.1392
566	tv	38	1.3778	3.1392
566	zr	38	1.3778	3.1392
567	cw	37	1.3415	3.1276
567	h'	37	1.3415	3.1276
567	kj	37	1.3415	3.1276
567	à$	37	1.3415	3.1276
567	èn	37	1.3415	3.1276
568	yf	36	1.3052	3.1157
569	lé	35	1.269	3.1035
569	xm	35	1.269	3.1035
569	ço	35	1.269	3.1035
569	ül	35	1.269	3.1035
570	-x	34	1.2327	3.0909
570	gf	34	1.2327	3.0909
570	gü	34	1.2327	3.0909
570	yj	34	1.2327	3.0909
571	fd	33	1.1965	3.0779
571	rx	33	1.1965	3.0779
572	'c	32	1.1602	3.0645
572	cé	32	1.1602	3.0645
572	eï	32	1.1602	3.0645
572	jr	32	1.1602	3.0645
572	mh	32	1.1602	3.0645
572	wd	32	1.1602	3.0645
572	ïl	32	1.1602	3.0645
573	xs	31	1.124	3.0508
573	ée	31	1.124	3.0508
573	ê$	31	1.124	3.0508
574	'v	30	1.0877	3.0365
574	cf	30	1.0877	3.0365
574	k'	30	1.0877	3.0365
574	mt	30	1.0877	3.0365
574	í$	30	1.0877	3.0365
575	bm	29	1.0514	3.0218
575	mj	29	1.0514	3.0218
575	qi	29	1.0514	3.0218
576	'd	28	1.0152	3.0066
576	nq	28	1.0152	3.0066
576	á$	28	1.0152	3.0066
576	äu	28	1.0152	3.0066
577	oq	27	0.9789	2.9907
577	tj	27	0.9789	2.9907
577	zc	27	0.9789	2.9907
578	fm	26	0.9427	2.9744
578	fs	26	0.9427	2.9744
578	jö	26	0.9427	2.9744
578	má	26	0.9427	2.9744
578	pk	26	0.9427	2.9744
578	vd	26	0.9427	2.9744
578	vé	26	0.9427	2.9744
578	wc	26	0.9427	2.9744
578	ép	26	0.9427	2.9744
579	bw	25	0.9064	2.9573
579	bé	25	0.9064	2.9573
579	hd	25	0.9064	2.9573
579	hf	25	0.9064	2.9573
579	jp	25	0.9064	2.9573
579	mz	25	0.9064	2.9573
579	mó	25	0.9064	2.9573
579	qa	25	0.9064	2.9573
579	r'	25	0.9064	2.9573
579	rè	25	0.9064	2.9573
579	v-	25	0.9064	2.9573
580	fy	24	0.8702	2.9396
580	gj	24	0.8702	2.9396
580	hj	24	0.8702	2.9396
580	hv	24	0.8702	2.9396
580	ié	24	0.8702	2.9396
580	lí	24	0.8702	2.9396
581	lè	23	0.8339	2.9211
581	éc	23	0.8339	2.9211
581	ég	23	0.8339	2.9211
582	ió	22	0.7976	2.9018
582	pd	22	0.7976	2.9018
582	ín	22	0.7976	2.9018
583	há	21	0.7614	2.8816
583	rä	21	0.7614	2.8816
583	ué	21	0.7614	2.8816
584	'z	20	0.7251	2.8604
584	fk	20	0.7251	2.8604
584	jv	20	0.7251	2.8604
584	xf	20	0.7251	2.8604
584	yx	20	0.7251	2.8604
585	gè	19	0.6889	2.8382
585	jf	19	0.6889	2.8382
585	jk	19	0.6889	2.8382
585	pc	19	0.6889	2.8382
585	vc	19	0.6889	2.8382
585	xl	19	0.6889	2.8382
586	gc	18	0.6526	2.8146
586	gé	18	0.6526	2.8146
586	hg	18	0.6526	2.8146
586	mü	18	0.6526	2.8146
586	xv	18	0.6526	2.8146
586	yh	18	0.6526	2.8146
586	èm	18	0.6526	2.8146
587	dp	17	0.6164	2.7899
587	kf	17	0.6164	2.7899
587	uw	17	0.6164	2.7899
588	gö	16	0.5801	2.7635
588	j-	16	0.5801	2.7635
588	lü	16	0.5801	2.7635
588	mù	16	0.5801	2.7635
588	pé	16	0.5801	2.7635
588	ró	16	0.5801	2.7635
588	wf	16	0.5801	2.7635
588	ùi	16	0.5801	2.7635
589	bz	15	0.5438	2.7354
589	g'	15	0.5438	2.7354
589	gz	15	0.5438	2.7354
589	jc	15	0.5438	2.7354
589	uq	15	0.5438	2.7354
589	xw	15	0.5438	2.7354
589	zs	15	0.5438	2.7354
589	év	15	0.5438	2.7354
590	^ŕ	14	0.5076	2.7055
590	aï	14	0.5076	2.7055
590	ná	14	0.5076	2.7055
590	nê	14	0.5076	2.7055
590	rá	14	0.5076	2.7055
590	sí	14	0.5076	2.7055
590	éj	14	0.5076	2.7055
590	ñe	14	0.5076	2.7055
590	ó$	14	0.5076	2.7055
590	öf	14	0.5076	2.7055
591	^á	13	0.4713	2.6733
591	jd	13	0.4713	2.6733
591	lx	13	0.4713	2.6733
591	là	13	0.4713	2.6733
591	mf	13	0.4713	2.6733
591	td	13	0.4713	2.6733
591	vv	13	0.4713	2.6733
591	zv	13	0.4713	2.6733
591	ím	13	0.4713	2.6733
591	ñu	13	0.4713	2.6733
591	üg	13	0.4713	2.6733
591	ün	13	0.4713	2.6733
592	'i	12	0.4351	2.6386
592	^à	12	0.4351	2.6386
592	fj	12	0.4351	2.6386
592	gv	12	0.4351	2.6386
592	kā	12	0.4351	2.6386
592	mq	12	0.4351	2.6386
592	zq	12	0.4351	2.6386
592	ès	12	0.4351	2.6386
592	ïs	12	0.4351	2.6386
592	óf	12	0.4351	2.6386
592	óp	12	0.4351	2.6386
592	ör	12	0.4351	2.6386
593	-q	11	0.3988	2.6008
593	^º	11	0.3988	2.6008
593	aê	11	0.3988	2.6008
593	c'	11	0.3988	2.6008
593	cí	11	0.3988	2.6008
593	eó	11	0.3988	2.6008
593	hp	11	0.3988	2.6008
593	jl	11	0.3988	2.6008
593	kp	11	0.3988	2.6008
593	qo	11	0.3988	2.6008
593	só	11	0.3988	2.6008
593	uè	11	0.3988	2.6008
593	xb	11	0.3988	2.6008
593	éb	11	0.3988	2.6008
593	ét	11	0.3988	2.6008
593	ús	11	0.3988	2.6008
594	'o	10	0.3626	2.5594
594	-v	10	0.3626	2.5594
594	hä	10	0.3626	2.5594
594	kv	10	0.3626	2.5594
594	lá	10	0.3626	2.5594
594	tí	10	0.3626	2.5594
594	vá	10	0.3626	2.5594
594	wg	10	0.3626	2.5594
594	ál	10	0.3626	2.5594
594	èv	10	0.3626	2.5594
594	èy	10	0.3626	2.5594
594	éz	10	0.3626	2.5594
594	ûl	10	0.3626	2.5594
594	ā$	10	0.3626	2.5594
594	ńo	10	0.3626	2.5594
595	'g	9	0.3263	2.5136
595	dû	9	0.3263	2.5136
595	eń	9	0.3263	2.5136
595	gä	9	0.3263	2.5136
595	jà	9	0.3263	2.5136
595	m'	9	0.3263	2.5136
595	vg	9	0.3263	2.5136
595	ár	9	0.3263	2.5136
595	äd	9	0.3263	2.5136
595	ça	9	0.3263	2.5136
595	êt	9	0.3263	2.5136
595	ël	9	0.3263	2.5136
595	ît	9	0.3263	2.5136
595	öt	9	0.3263	2.5136
596	^å	8	0.2901	2.4625
596	aé	8	0.2901	2.4625
596	cv	8	0.2901	2.4625
596	dq	8	0.2901	2.4625
596	dí	8	0.2901	2.4625
596	fc	8	0.2901	2.4625
596	gá	8	0.2901	2.4625
596	gû	8	0.2901	2.4625
596	iá	8	0.2901	2.4625
596	jm	8	0.2901	2.4625
596	pì	8	0.2901	2.4625
596	qs	8	0.2901	2.4625
596	ví	8	0.2901	2.4625
596	xh	8	0.2901	2.4625
596	zf	8	0.2901	2.4625
596	éi	8	0.2901	2.4625
596	éu	8	0.2901	2.4625
596	ór	8	0.2901	2.4625
596	ów	8	0.2901	2.4625
596	ôm	8	0.2901	2.4625
597	'j	7	0.2538	2.4045
597	'k	7	0.2538	2.4045
597	^ň	7	0.2538	2.4045
597	jj	7	0.2538	2.4045
597	nó	7	0.2538	2.4045
597	oî	7	0.2538	2.4045
597	rü	7	0.2538	2.4045
597	s'	7	0.2538	2.4045
597	tô	7	0.2538	2.4045
597	vh	7	0.2538	2.4045
597	vp	7	0.2538	2.4045
597	ât	7	0.2538	2.4045
597	än	7	0.2538	2.4045
597	èl	7	0.2538	2.4045
597	ék	7	0.2538	2.4045
597	éy	7	0.2538	2.4045
597	ên	7	0.2538	2.4045
597	ík	7	0.2538	2.4045
597	ól	7	0.2538	2.4045
597	ök	7	0.2538	2.4045
597	ön	7	0.2538	2.4045
597	ør	7	0.2538	2.4045
597	ür	7	0.2538	2.4045
598	aë	6	0.2175	2.3375
598	aî	6	0.2175	2.3375
598	b'	6	0.2175	2.3375
598	bó	6	0.2175	2.3375
598	hz	6	0.2175	2.3375
598	hâ	6	0.2175	2.3375
598	jq	6	0.2175	2.3375
598	jõ	6	0.2175	2.3375
598	kc	6	0.2175	2.3375
598	ké	6	0.2175	2.3375
598	kö	6	0.2175	2.3375
598	mv	6	0.2175	2.3375
598	mè	6	0.2175	2.3375
598	ní	6	0.2175	2.3375
598	p'	6	0.2175	2.3375
598	pá	6	0.2175	2.3375
598	rö	6	0.2175	2.3375
598	tá	6	0.2175	2.3375
598	vt	6	0.2175	2.3375
598	ww	6	0.2175	2.3375
598	yê	6	0.2175	2.3375
598	z'	6	0.2175	2.3375
598	ás	6	0.2175	2.3375
598	åk	6	0.2175	2.3375
598	ôt	6	0.2175	2.3375
598	õg	6	0.2175	2.3375
598	ŕ$	6	0.2175	2.3375
599	'p	5	0.1813	2.2584
599	^ä	5	0.1813	2.2584
599	^ç	5	0.1813	2.2584
599	aó	5	0.1813	2.2584
599	bp	5	0.1813	2.2584
599	cü	5	0.1813	2.2584
599	hó	5	0.1813	2.2584
599	js	5	0.1813	2.2584
599	jw	5	0.1813	2.2584
599	jy	5	0.1813	2.2584
599	jé	5	0.1813	2.2584
599	jó	5	0.1813	2.2584
599	nè	5	0.1813	2.2584
599	pî	5	0.1813	2.2584
599	sú	5	0.1813	2.2584
599	wj	5	0.1813	2.2584
599	yú	5	0.1813	2.2584
599	zw	5	0.1813	2.2584
599	zé	5	0.1813	2.2584
599	ân	5	0.1813	2.2584
599	äg	5	0.1813	2.2584
599	é-	5	0.1813	2.2584
599	ís	5	0.1813	2.2584
599	óm	5	0.1813	2.2584
599	öd	5	0.1813	2.2584
599	öl	5	0.1813	2.2584
599	úr	5	0.1813	2.2584
599	ûm	5	0.1813	2.2584
599	üe	5	0.1813	2.2584
599	ük	5	0.1813	2.2584
599	üs	5	0.1813	2.2584
600	'u	4	0.145	2.1614
600	-é	4	0.145	2.1614
600	-ñ	4	0.145	2.1614
600	^ö	4	0.145	2.1614
600	^ø	4	0.145	2.1614
600	aí	4	0.145	2.1614
600	bf	4	0.145	2.1614
600	bü	4	0.145	2.1614
600	cj	4	0.145	2.1614
600	dè	4	0.145	2.1614
600	dô	4	0.145	2.1614
600	dú	4	0.145	2.1614
600	fh	4	0.145	2.1614
600	fù	4	0.145	2.1614
600	gó	4	0.145	2.1614
600	j'	4	0.145	2.1614
600	jh	4	0.145	2.1614
600	kó	4	0.145	2.1614
600	lä	4	0.145	2.1614
600	mí	4	0.145	2.1614
600	oê	4	0.145	2.1614
600	qt	4	0.145	2.1614
600	rê	4	0.145	2.1614
600	sø	4	0.145	2.1614
600	vm	4	0.145	2.1614
600	wp	4	0.145	2.1614
600	xz	4	0.145	2.1614
600	xé	4	0.145	2.1614
600	º-	4	0.145	2.1614
600	áv	4	0.145	2.1614
600	áy	4	0.145	2.1614
600	ão	4	0.145	2.1614
600	íc	4	0.145	2.1614
600	íd	4	0.145	2.1614
600	öp	4	0.145	2.1614
600	ùs	4	0.145	2.1614
600	ú$	4	0.145	2.1614
600	üb	4	0.145	2.1614
600	üc	4	0.145	2.1614
601	^μ	3	0.1088	2.0366
601	bí	3	0.1088	2.0366
601	bú	3	0.1088	2.0366
601	cá	3	0.1088	2.0366
601	cè	3	0.1088	2.0366
601	cô	3	0.1088	2.0366
601	dá	3	0.1088	2.0366
601	dö	3	0.1088	2.0366
601	eé	3	0.1088	2.0366
601	fw	3	0.1088	2.0366
601	fz	3	0.1088	2.0366
601	fê	3	0.1088	2.0366
601	fí	3	0.1088	2.0366
601	gx	3	0.1088	2.0366
601	gí	3	0.1088	2.0366
601	hü	3	0.1088	2.0366
601	já	3	0.1088	2.0366
601	jä	3	0.1088	2.0366
601	kê	3	0.1088	2.0366
601	mö	3	0.1088	2.0366
601	mε	3	0.1088	2.0366
601	nô	3	0.1088	2.0366
601	oé	3	0.1088	2.0366
601	oë	3	0.1088	2.0366
601	pw	3	0.1088	2.0366
601	pè	3	0.1088	2.0366
601	qe	3	0.1088	2.0366
601	qr	3	0.1088	2.0366
601	qv	3	0.1088	2.0366
601	rñ	3	0.1088	2.0366
601	rô	3	0.1088	2.0366
601	sà	3	0.1088	2.0366
601	sã	3	0.1088	2.0366
601	sõ	3	0.1088	2.0366
601	tè	3	0.1088	2.0366
601	uâ	3	0.1088	2.0366
601	uí	3	0.1088	2.0366
601	vj	3	0.1088	2.0366
601	zá	3	0.1088	2.0366
601	º$	3	0.1088	2.0366
601	ºc	3	0.1088	2.0366
601	áe	3	0.1088	2.0366
601	ám	3	0.1088	2.0366
601	är	3	0.1088	2.0366
601	ç$	3	0.1088	2.0366
601	êb	3	0.1088	2.0366
601	ìl	3	0.1088	2.0366
601	íg	3	0.1088	2.0366
601	ío	3	0.1088	2.0366
601	ír	3	0.1088	2.0366
601	îk	3	0.1088	2.0366
601	îz	3	0.1088	2.0366
601	ô$	3	0.1088	2.0366
601	ô-	3	0.1088	2.0366
601	õr	3	0.1088	2.0366
601	øl	3	0.1088	2.0366
601	ù$	3	0.1088	2.0366
601	ûn	3	0.1088	2.0366
601	ûr	3	0.1088	2.0366
601	ý$	3	0.1088	2.0366
601	ňm	3	0.1088	2.0366
601	ňz	3	0.1088	2.0366
601	εi	3	0.1088	2.0366
601	μe	3	0.1088	2.0366
602	'f	2	0.0725	1.8603
602	'w	2	0.0725	1.8603
602	-à	2	0.0725	1.8603
602	^ê	2	0.0725	1.8603
602	^ü	2	0.0725	1.8603
602	aú	2	0.0725	1.8603
602	bö	2	0.0725	1.8603
602	bø	2	0.0725	1.8603
602	cê	2	0.0725	1.8603
602	dx	2	0.0725	1.8603
602	dó	2	0.0725	1.8603
602	dü	2	0.0725	1.8603
602	eä	2	0.0725	1.8603
602	fp	2	0.0725	1.8603
602	fú	2	0.0725	1.8603
602	gq	2	0.0725	1.8603
602	gš	2	0.0725	1.8603
602	hí	2	0.0725	1.8603
602	hö	2	0.0725	1.8603
602	ił	2	0.0725	1.8603
602	jg	2	0.0725	1.8603
602	kå	2	0.0725	1.8603
602	kü	2	0.0725	1.8603
602	lò	2	0.0725	1.8603
602	lö	2	0.0725	1.8603
602	mâ	2	0.0725	1.8603
602	nä	2	0.0725	1.8603
602	nû	2	0.0725	1.8603
602	oã	2	0.0725	1.8603
602	où	2	0.0725	1.8603
602	pv	2	0.0725	1.8603
602	qd	2	0.0725	1.8603
602	qy	2	0.0725	1.8603
602	sx	2	0.0725	1.8603
602	sá	2	0.0725	1.8603
602	tó	2	0.0725	1.8603
602	vó	2	0.0725	1.8603
602	wz	2	0.0725	1.8603
602	xd	2	0.0725	1.8603
602	xg	2	0.0725	1.8603
602	xr	2	0.0725	1.8603
602	zx	2	0.0725	1.8603
602	zê	2	0.0725	1.8603
602	à-	2	0.0725	1.8603
602	ái	2	0.0725	1.8603
602	áp	2	0.0725	1.8603
602	át	2	0.0725	1.8603
602	áu	2	0.0725	1.8603
602	âi	2	0.0725	1.8603
602	äl	2	0.0725	1.8603
602	äs	2	0.0725	1.8603
602	ål	2	0.0725	1.8603
602	ån	2	0.0725	1.8603
602	çe	2	0.0725	1.8603
602	èg	2	0.0725	1.8603
602	êe	2	0.0725	1.8603
602	íb	2	0.0725	1.8603
602	íf	2	0.0725	1.8603
602	íl	2	0.0725	1.8603
602	íï	2	0.0725	1.8603
602	îe	2	0.0725	1.8603
602	îi	2	0.0725	1.8603
602	îl	2	0.0725	1.8603
602	ïm	2	0.0725	1.8603
602	ït	2	0.0725	1.8603
602	ò$	2	0.0725	1.8603
602	ó-	2	0.0725	1.8603
602	ói	2	0.0725	1.8603
602	ót	2	0.0725	1.8603
602	óv	2	0.0725	1.8603
602	óz	2	0.0725	1.8603
602	öb	2	0.0725	1.8603
602	öh	2	0.0725	1.8603
602	öm	2	0.0725	1.8603
602	úi	2	0.0725	1.8603
602	üt	2	0.0725	1.8603
602	āk	2	0.0725	1.8603
602	łî	2	0.0725	1.8603
602	ōk	2	0.0725	1.8603
602	ŕd	2	0.0725	1.8603
602	ŕe	2	0.0725	1.8603
602	ŕl	2	0.0725	1.8603
602	ŕz	2	0.0725	1.8603
602	šs	2	0.0725	1.8603
603	'â	1	0.0363	1.5599
603	'é	1	0.0363	1.5599
603	'î	1	0.0363	1.5599
603	'ó	1	0.0363	1.5599
603	^ª	1	0.0363	1.5599
603	^è	1	0.0363	1.5599
603	^ý	1	0.0363	1.5599
603	^ń	1	0.0363	1.5599
603	aç	1	0.0363	1.5599
603	að	1	0.0363	1.5599
603	aô	1	0.0363	1.5599
603	aþ	1	0.0363	1.5599
603	ań	1	0.0363	1.5599
603	cx	1	0.0363	1.5599
603	có	1	0.0363	1.5599
603	cý	1	0.0363	1.5599
603	dý	1	0.0363	1.5599
603	dō	1	0.0363	1.5599
603	eê	1	0.0363	1.5599
603	eí	1	0.0363	1.5599
603	eû	1	0.0363	1.5599
603	eþ	1	0.0363	1.5599
603	f'	1	0.0363	1.5599
603	fö	1	0.0363	1.5599
603	hè	1	0.0363	1.5599
603	iß	1	0.0363	1.5599
603	iâ	1	0.0363	1.5599
603	ií	1	0.0363	1.5599
603	i廨	1	0.0363	1.5599
603	i鎙	1	0.0363	1.5599
603	jí	1	0.0363	1.5599
603	jø	1	0.0363	1.5599
603	jü	1	0.0363	1.5599
603	kx	1	0.0363	1.5599
603	kí	1	0.0363	1.5599
603	kò	1	0.0363	1.5599
603	lú	1	0.0363	1.5599
603	lû	1	0.0363	1.5599
603	lš	1	0.0363	1.5599
603	l璯	1	0.0363	1.5599
603	l酺	1	0.0363	1.5599
603	mä	1	0.0363	1.5599
603	mú	1	0.0363	1.5599
603	në	1	0.0363	1.5599
603	nú	1	0.0363	1.5599
603	oí	1	0.0363	1.5599
603	oð	1	0.0363	1.5599
603	oû	1	0.0363	1.5599
603	pq	1	0.0363	1.5599
603	pâ	1	0.0363	1.5599
603	pç	1	0.0363	1.5599
603	pê	1	0.0363	1.5599
603	pó	1	0.0363	1.5599
603	põ	1	0.0363	1.5599
603	pú	1	0.0363	1.5599
603	q-	1	0.0363	1.5599
603	qb	1	0.0363	1.5599
603	ql	1	0.0363	1.5599
603	qq	1	0.0363	1.5599
603	rø	1	0.0363	1.5599
603	rû	1	0.0363	1.5599
603	rý	1	0.0363	1.5599
603	sâ	1	0.0363	1.5599
603	sû	1	0.0363	1.5599
603	sý	1	0.0363	1.5599
603	tq	1	0.0363	1.5599
603	tâ	1	0.0363	1.5599
603	tå	1	0.0363	1.5599
603	tê	1	0.0363	1.5599
603	tú	1	0.0363	1.5599
603	uá	1	0.0363	1.5599
603	uê	1	0.0363	1.5599
603	vb	1	0.0363	1.5599
603	vù	1	0.0363	1.5599
603	w'	1	0.0363	1.5599
603	wö	1	0.0363	1.5599
603	x'	1	0.0363	1.5599
603	xn	1	0.0363	1.5599
603	xè	1	0.0363	1.5599
603	yy	1	0.0363	1.5599
603	yō	1	0.0363	1.5599
603	zç	1	0.0363	1.5599
603	zó	1	0.0363	1.5599
603	ª$	1	0.0363	1.5599
603	ºt	1	0.0363	1.5599
603	ße	1	0.0363	1.5599
603	á-	1	0.0363	1.5599
603	áb	1	0.0363	1.5599
603	ád	1	0.0363	1.5599
603	ág	1	0.0363	1.5599
603	âm	1	0.0363	1.5599
603	âo	1	0.0363	1.5599
603	ã$	1	0.0363	1.5599
603	äk	1	0.0363	1.5599
603	år	1	0.0363	1.5599
603	çd	1	0.0363	1.5599
603	è$	1	0.0363	1.5599
603	èe	1	0.0363	1.5599
603	èi	1	0.0363	1.5599
603	èk	1	0.0363	1.5599
603	èo	1	0.0363	1.5599
603	èp	1	0.0363	1.5599
603	éx	1	0.0363	1.5599
603	êp	1	0.0363	1.5599
603	ês	1	0.0363	1.5599
603	êz	1	0.0363	1.5599
603	ë$	1	0.0363	1.5599
603	ìd	1	0.0363	1.5599
603	ìn	1	0.0363	1.5599
603	ìr	1	0.0363	1.5599
603	ìt	1	0.0363	1.5599
603	ìx	1	0.0363	1.5599
603	íp	1	0.0363	1.5599
603	ít	1	0.0363	1.5599
603	íy	1	0.0363	1.5599
603	ðl	1	0.0363	1.5599
603	ðý	1	0.0363	1.5599
603	ñb	1	0.0363	1.5599
603	ñf	1	0.0363	1.5599
603	ñk	1	0.0363	1.5599
603	òr	1	0.0363	1.5599
603	óc	1	0.0363	1.5599
603	ôn	1	0.0363	1.5599
603	õd	1	0.0363	1.5599
603	ös	1	0.0363	1.5599
603	öv	1	0.0363	1.5599
603	öz	1	0.0363	1.5599
603	ød	1	0.0363	1.5599
603	øs	1	0.0363	1.5599
603	új	1	0.0363	1.5599
603	úl	1	0.0363	1.5599
603	úm	1	0.0363	1.5599
603	út	1	0.0363	1.5599
603	ûo	1	0.0363	1.5599
603	ûs	1	0.0363	1.5599
603	ût	1	0.0363	1.5599
603	üm	1	0.0363	1.5599
603	üz	1	0.0363	1.5599
603	üç	1	0.0363	1.5599
603	ýs	1	0.0363	1.5599
603	ýz	1	0.0363	1.5599
603	ýç	1	0.0363	1.5599
603	þ$	1	0.0363	1.5599
603	þn	1	0.0363	1.5599
603	ńu	1	0.0363	1.5599
603	ňk	1	0.0363	1.5599
603	št	1	0.0363	1.5599
603	廨p	1	0.0363	1.5599
603	璯$	1	0.0363	1.5599
603	酺u	1	0.0363	1.5599
603	鎙$	1	0.0363	1.5599
