Rank	Bigram	Frequency	Frequency per million	Zipf value
1	ა$	284236	42633.1532	7.6297
2	ვ$	249290	37391.5295	7.5728
3	თ$	176364	26453.2059	7.4225
4	ჲ$	152747	22910.8426	7.36
5	^ჟ	141448	21216.0819	7.3267
6	^ნ	125232	18783.8101	7.2738
7	^ე	105328	15798.3674	7.1986
8	ნა	92051	13806.9224	7.1401
9	^რ	89026	13353.1963	7.1256
10	^ო	86169	12924.6689	7.1114
11	^მ	80252	12037.1656	7.0805
12	ეა	77542	11630.6871	7.0656
13	კა	72362	10853.728	7.0356
14	რჲ	71619	10742.2839	7.0311
15	გა	69134	10369.5535	7.0158
16	ნვ	67088	10062.6697	7.0027
17	^გ	66883	10031.9213	7.0014
18	^კ	65860	9878.4794	6.9947
19	რა	65678	9851.1808	6.9935
20	პა	63322	9497.7995	6.9776
21	^თ	60838	9125.2191	6.9602
22	რვ	57709	8655.8938	6.9373
23	არ	56194	8428.6558	6.9258
24	მ$	53701	8054.7255	6.9061
25	^ჲ	51510	7726.0928	6.888
26	^ვ	51266	7689.4948	6.8859
27	^ჱ	50806	7620.4984	6.882
28	ამ	50497	7574.1508	6.8793
29	კჲ	48866	7329.5137	6.8651
30	ჟრ	47275	7090.8763	6.8507
31	რ$	45446	6816.5408	6.8336
32	ნთ	44220	6632.6505	6.8217
33	ლთ	44057	6608.2017	6.8201
34	ჟვ	43354	6502.7573	6.8131
35	ოპ	43170	6475.1588	6.8113
36	ჱა	42679	6401.5126	6.8063
37	პვ	42259	6338.516	6.802
38	ოჲ	42020	6302.6678	6.7995
39	ჲრ	41742	6260.97	6.7966
40	ნჲ	40186	6027.5823	6.7801
41	^დ	39940	5990.6843	6.7775
42	მა	39021	5852.8416	6.7674
43	ჲგ	38914	5836.7924	6.7662
44	აკ	38023	5703.1494	6.7561
45	რთ	37861	5678.8507	6.7543
46	მვ	37247	5586.7556	6.7472
47	^ბ	36974	5545.8077	6.744
48	ვნ	36198	5429.4139	6.7348
49	გჲ	36163	5424.1641	6.7343
50	დჲ	35803	5370.167	6.73
51	გთ	33677	5051.2838	6.7034
52	პთ	32214	4831.8454	6.6841
53	აგ	32171	4825.3957	6.6835
54	მჲ	31792	4768.5487	6.6784
55	ევ	31369	4705.102	6.6726
56	^ა	30994	4648.855	6.6673
57	ჟთ	30846	4626.6562	6.6653
58	ვე	29745	4461.5149	6.6495
59	წ$	29397	4409.3176	6.6444
60	ქ$	29129	4369.1197	6.6404
61	ნ$	28907	4335.8215	6.6371
62	მთ	28745	4311.5228	6.6346
63	ეჲ	28742	4311.0728	6.6346
64	ვრ	28590	4288.274	6.6323
65	ან	28268	4239.9766	6.6274
66	თრ	27514	4126.8825	6.6156
67	ალ	26950	4042.287	6.6066
68	ი$	25289	3793.1501	6.579
69	ლა	24731	3709.4545	6.5693
70	ფვ	24687	3702.8549	6.5685
71	ლვ	24629	3694.1553	6.5675
72	თნ	24463	3669.2566	6.5646
73	გვ	24173	3625.7589	6.5594
74	ჲპ	23861	3578.9614	6.5538
75	^ლ	23505	3525.5642	6.5472
76	აპ	23291	3493.4659	6.5433
77	^ფ	23133	3469.7671	6.5403
78	და	22546	3381.7218	6.5291
79	თმ	22431	3364.4727	6.5269
80	ჲე	22267	3339.874	6.5237
81	პჲ	21990	3298.3262	6.5183
82	თჟ	21899	3284.6769	6.5165
83	აჱ	21732	3259.6282	6.5132
84	ჲბ	21669	3250.1787	6.5119
85	^პ	21442	3216.1305	6.5073
86	ჲჟ	21367	3204.8811	6.5058
87	ჲლ	21266	3189.7319	6.5038
88	გ$	20281	3041.9897	6.4832
89	ეთ	19997	2999.3919	6.477
90	ს$	19973	2995.7921	6.4765
91	რპ	19746	2961.7439	6.4715
92	ჲდ	19737	2960.394	6.4713
93	აქ	19634	2944.9448	6.4691
94	ჟ$	19602	2940.1451	6.4684
95	ბთ	18809	2821.2013	6.4504
96	ვპ	18452	2767.6541	6.4421
97	ვმ	18409	2761.2045	6.4411
98	ჟა	18076	2711.2571	6.4332
99	ვლ	18042	2706.1574	6.4324
100	^ს	17977	2696.4079	6.4308
101	ღვ	17601	2640.0109	6.4216
102	კ$	17154	2572.9644	6.4104
103	ვქ	17087	2562.9149	6.4087
104	აე	16565	2484.6191	6.3953
105	თჱ	16075	2411.1229	6.3822
106	ზვ	16041	2406.0232	6.3813
107	ჟლ	15933	2389.8241	6.3784
108	თლ	15895	2384.1244	6.3773
109	ვკ	15749	2362.2255	6.3733
110	ე$	15376	2306.2785	6.3629
111	აჟ	15178	2276.58	6.3573
112	^ღ	15175	2276.13	6.3572
113	ყპ	14938	2240.5819	6.3504
114	ვჟ	14815	2222.1329	6.3468
115	აი	14813	2221.8329	6.3467
116	ლ$	14594	2188.9846	6.3402
117	ჟყ	14582	2187.1847	6.3399
118	ბპ	14538	2180.5851	6.3386
119	ბვ	14209	2131.2377	6.3286
120	ჟკ	14070	2110.3888	6.3244
121	ჱნ	13822	2073.1907	6.3166
122	ოა	12795	1919.1489	6.2831
123	ენ	12775	1916.149	6.2824
124	თწ	12630	1894.4002	6.2775
125	რგ	12469	1870.2514	6.2719
126	ჲნ	12465	1869.6515	6.2718
127	ჲმ	12462	1869.2015	6.2717
128	ბა	12263	1839.3531	6.2647
129	ჲზ	12180	1826.9037	6.2617
130	ლჲ	12033	1804.8549	6.2564
131	ქვ	12002	1800.2051	6.2553
132	^ჳ	11867	1779.9562	6.2504
133	ჳ$	11771	1765.557	6.2469
134	თვ	11703	1755.3575	6.2444
135	ბჲ	11666	1749.8078	6.243
136	ნწ	11545	1731.6587	6.2385
137	თფ	11404	1710.5099	6.2331
138	კთ	11377	1706.4601	6.2321
139	წრ	11330	1699.4104	6.2303
140	პ$	11297	1694.4607	6.229
141	თკ	11292	1693.7107	6.2288
142	ჲი	11139	1670.762	6.2229
143	თქ	10786	1617.8147	6.2089
144	კგ	10774	1616.0148	6.2084
145	აო	10559	1583.7665	6.1997
146	თე	10453	1567.8674	6.1953
147	თგ	10448	1567.1174	6.1951
148	პწ	9819	1472.7724	6.1681
149	ჟო	9589	1438.2742	6.1578
150	ფთ	9515	1427.1748	6.1545
151	ღჲ	9374	1406.0259	6.148
152	ფა	9228	1384.1271	6.1412
153	სგ	9131	1369.5778	6.1366
154	ად	8986	1347.829	6.1296
155	ჲკ	8946	1341.8293	6.1277
156	ლს	8823	1323.3803	6.1217
157	ვდ	8696	1304.3313	6.1154
158	ქრ	8681	1302.0814	6.1146
159	ვი	8679	1301.7814	6.1145
160	ზთ	8673	1300.8814	6.1142
161	ოთ	8593	1288.8821	6.1102
162	^ქ	8585	1287.6821	6.1098
163	ლწ	8469	1270.2831	6.1039
164	ავ	8381	1257.0838	6.0994
165	გყ	8249	1237.2848	6.0925
166	ჱთ	8158	1223.6355	6.0877
167	ზა	8138	1220.6357	6.0866
168	თპ	8010	1201.4367	6.0797
169	გჟ	7932	1189.7373	6.0755
170	ჱ$	7917	1187.4874	6.0746
171	კყ	7911	1186.5875	6.0743
172	აჳ	7852	1177.7379	6.071
173	უთ	7741	1161.0888	6.0649
174	აბ	7732	1159.7389	6.0644
175	ვჱ	7538	1130.6404	6.0533
176	აზ	7531	1129.5905	6.0529
177	ჳა	7505	1125.6907	6.0514
178	პს	7468	1120.141	6.0493
179	კპ	7392	1108.7416	6.0448
180	ეპ	7390	1108.4416	6.0447
181	ვბ	7325	1098.6921	6.0409
182	დლ	7320	1097.9421	6.0406
183	რს	7029	1054.2944	6.023
184	ლკ	7024	1053.5445	6.0227
185	ვფ	6961	1044.095	6.0187
186	ოვ	6933	1039.8952	6.017
187	კს	6912	1036.7454	6.0157
188	ჟნ	6884	1032.5456	6.0139
189	ჱგ	6756	1013.3466	6.0058
190	წმ	6724	1008.5468	6.0037
191	ყმ	6620	992.9477	5.9969
192	დთ	6598	989.6478	5.9955
193	ჟჲ	6569	985.2981	5.9936
194	ჲჱ	6527	978.9984	5.9908
195	სკ	6519	977.7985	5.9902
196	მნ	6508	976.1486	5.9895
197	აღ	6319	947.8001	5.9767
198	ჲო	6288	943.1503	5.9746
199	დპ	6284	942.5503	5.9743
200	ჲა	6245	936.7006	5.9716
201	მს	6239	935.8007	5.9712
202	გპ	6224	933.5508	5.9701
203	^ზ	6196	929.351	5.9682
204	ჟგ	6176	926.3512	5.9668
205	ნრ	6151	922.6014	5.965
206	ეგ	6105	915.7017	5.9618
207	ჲფ	6009	901.3025	5.9549
208	პყ	5974	896.0528	5.9523
209	ვგ	5972	895.7528	5.9522
210	თუ	5962	894.2529	5.9515
211	ფკ	5918	887.6532	5.9482
212	სბ	5871	880.6036	5.9448
213	^წ	5793	868.9042	5.939
214	ვღ	5719	857.8048	5.9334
215	ბლ	5645	846.7054	5.9277
216	ჟმ	5636	845.3554	5.927
217	ყე	5566	834.856	5.9216
218	სჟ	5547	832.0062	5.9201
219	აფ	5543	831.4062	5.9198
220	სე	5512	826.7564	5.9174
221	თდ	5417	812.5072	5.9098
222	ღა	5327	799.0079	5.9026
223	სმ	5302	795.2581	5.9005
224	ბგ	5250	787.4585	5.8962
225	რყ	5244	786.5585	5.8957
226	ზე	5195	779.2089	5.8917
227	სფ	5188	778.159	5.8911
228	პნ	5165	774.7092	5.8891
229	ყრ	5108	766.1596	5.8843
229	ჳჲ	5108	766.1596	5.8843
230	თა	5105	765.7096	5.8841
231	თჳ	5083	762.4098	5.8822
232	ჱბ	5080	761.9598	5.8819
233	პრ	5021	753.1103	5.8769
234	ეს	5018	752.6603	5.8766
235	წგ	5016	752.3604	5.8764
236	რნ	4966	744.8607	5.8721
237	წბ	4928	739.161	5.8687
238	უვ	4890	733.4613	5.8654
239	ლნ	4839	725.8117	5.8608
240	^ტ	4789	718.3121	5.8563
241	ქა	4719	707.8127	5.8499
242	დს	4699	704.8129	5.8481
243	რკ	4644	696.5633	5.843
244	ჱვ	4607	691.0136	5.8395
245	ირ	4585	687.7138	5.8374
246	ქთ	4574	686.0638	5.8364
247	პგ	4529	679.3142	5.8321
248	თჲ	4462	669.2647	5.8256
249	ჟს	4422	663.265	5.8217
250	გწ	4421	663.1151	5.8216
251	ფნ	4407	661.0152	5.8202
252	ჲთ	4367	655.0155	5.8163
253	ჲვ	4332	649.7658	5.8128
254	ებ	4244	636.5665	5.8038
255	ნე	4214	632.0667	5.8008
256	ოლ	4166	624.8671	5.7958
257	უა	4164	624.5671	5.7956
258	ბყ	4157	623.5171	5.7948
259	კლ	4127	619.0174	5.7917
260	სპ	4120	617.9674	5.791
261	ოს	4098	614.6676	5.7886
262	^უ	4050	607.468	5.7835
263	წკ	4027	604.0182	5.7811
264	ნს	4014	602.0683	5.7796
265	ფს	3987	598.0185	5.7767
266	სქ	3946	591.8688	5.7722
267	ჲწ	3903	585.4191	5.7675
268	ნჟ	3902	585.2692	5.7674
269	ეზ	3785	567.7201	5.7541
270	თზ	3774	566.0702	5.7529
271	აა	3688	553.1708	5.7429
272	დ$	3687	553.0209	5.7427
273	სო	3681	552.1209	5.742
274	გნ	3651	547.6211	5.7385
275	ყლ	3647	547.0212	5.738
276	ინ	3629	544.3213	5.7359
277	ოყ	3609	541.3215	5.7335
278	დნ	3605	540.7215	5.733
279	ჱე	3596	539.3716	5.7319
280	ეწ	3502	525.2723	5.7204
281	ყზ	3475	521.2225	5.717
282	რწ	3446	516.8728	5.7134
283	სრ	3422	513.273	5.7103
284	სდ	3351	502.6235	5.7012
285	ეყ	3287	493.024	5.6929
286	ბ$	3278	491.6741	5.6917
287	მყ	3261	489.1242	5.6894
288	ყნ	3257	488.5243	5.6889
289	ჱჲ	3252	487.7743	5.6882
290	ვა	3215	482.2246	5.6832
291	იე	3187	478.0248	5.6795
292	ვზ	3180	476.9749	5.6785
293	ის	3143	471.4252	5.6734
294	ჲღ	3125	468.7253	5.6709
295	წჳ	3110	466.4754	5.6688
296	სა	3059	458.8258	5.6616
297	ას	3031	454.626	5.6577
298	ყღ	3022	453.2761	5.6564
299	ვუ	2980	446.9764	5.6503
300	კრ	2975	446.2265	5.6496
301	ჲქ	2971	445.6265	5.649
302	ყჟ	2922	438.2769	5.6417
303	მო	2901	435.1271	5.6386
304	სზ	2801	420.1279	5.6234
305	ბწ	2712	406.7786	5.6094
306	კვ	2708	406.1786	5.6087
307	ყო	2690	403.4787	5.6058
308	სნ	2671	400.6289	5.6027
309	ყგ	2653	397.929	5.5998
310	ფჲ	2652	397.779	5.5996
311	^ი	2641	396.1291	5.5978
312	ბს	2639	395.8291	5.5975
313	ჟპ	2625	393.7293	5.5952
314	ვო	2572	385.7797	5.5863
315	ჩ$	2568	385.1797	5.5857
316	გლ	2556	383.3798	5.5836
317	ზ$	2552	382.7798	5.5829
318	რო	2549	382.3299	5.5824
319	ვვ	2539	380.8299	5.5807
320	პკ	2514	377.0801	5.5764
321	ყკ	2481	372.1304	5.5707
322	ელ	2480	371.9804	5.5705
323	ნდ	2469	370.3305	5.5686
324	ლძ	2433	364.9308	5.5622
325	ჱლ	2428	364.1808	5.5613
326	პჟ	2403	360.431	5.5568
327	აუ	2398	359.681	5.5559
328	ჱდ	2394	359.0811	5.5552
329	ჲ-	2383	357.4312	5.5532
330	ვჳ	2370	355.4813	5.5508
331	ო$	2324	348.5816	5.5423
332	ჳმ	2309	346.3317	5.5395
333	თი	2305	345.7318	5.5387
334	პე	2292	343.7819	5.5363
335	ლი	2285	342.7319	5.535
336	კჟ	2249	337.3322	5.5281
337	თღ	2246	336.8822	5.5275
338	ნუ	2237	335.5323	5.5257
339	ტა	2202	330.2826	5.5189
340	აწ	2150	322.483	5.5085
341	ჱო	2137	320.5331	5.5059
342	ჟწ	2127	319.0332	5.5038
343	ზნ	2094	314.0834	5.497
344	იკ	2048	307.1838	5.4874
345	ტთ	2033	304.9339	5.4842
346	ათ	2032	304.7839	5.484
346	ჱმ	2032	304.7839	5.484
347	წჟ	2019	302.834	5.4812
348	პმ	2002	300.2842	5.4775
349	მპ	1999	299.8342	5.4769
350	დე	1991	298.6343	5.4751
351	ლყ	1978	296.6844	5.4723
352	დვ	1965	294.7345	5.4694
353	გჱ	1931	289.6347	5.4619
354	თო	1925	288.7348	5.4605
355	გრ	1913	286.9349	5.4578
356	სლ	1880	281.9851	5.4502
357	ყჱ	1875	281.2352	5.4491
358	იჟ	1859	278.8353	5.4453
359	მი	1844	276.5854	5.4418
360	ღთ	1831	274.6355	5.4388
361	ჲჳ	1829	274.3355	5.4383
362	მე	1811	271.6357	5.434
363	^შ	1808	271.1857	5.4333
364	ერ	1760	263.9861	5.4216
365	წლ	1754	263.0861	5.4201
366	ყდ	1718	257.6864	5.4111
367	მწ	1715	257.2364	5.4103
368	რი	1711	256.6365	5.4093
369	გე	1702	255.2865	5.407
370	პზ	1700	254.9866	5.4065
371	ლე	1686	252.8867	5.4029
372	ემ	1684	252.5867	5.4024
373	შე	1675	251.2368	5.4001
374	ბი	1671	250.6368	5.399
375	რჩ	1659	248.8369	5.3959
376	ია	1654	248.0869	5.3946
377	ქნ	1642	246.287	5.3914
378	ტვ	1619	242.8372	5.3853
379	პქ	1582	237.2875	5.3753
380	ნნ	1579	236.8375	5.3745
381	ჱკ	1578	236.6875	5.3742
382	რე	1573	235.9376	5.3728
383	ნკ	1556	233.3877	5.3681
384	გს	1553	232.9377	5.3672
385	გკ	1546	231.8878	5.3653
386	აჲ	1545	231.7378	5.365
387	დ-	1542	231.2878	5.3642
388	უ$	1540	230.9878	5.3636
389	œვ	1528	229.1879	5.3602
390	წე	1526	228.8879	5.3596
391	პლ	1508	226.1881	5.3545
392	ილ	1506	225.8881	5.3539
393	პჱ	1500	224.9881	5.3522
394	ომ	1475	221.2383	5.3449
395	ვწ	1456	218.3885	5.3392
396	ნი	1453	217.9385	5.3383
397	კნ	1445	216.7386	5.3359
398	შ$	1441	216.1386	5.3347
399	ფ$	1422	213.2888	5.329
400	დი	1416	212.3888	5.3271
401	ფრ	1407	211.0389	5.3244
402	ჲს	1398	209.6889	5.3216
403	ტჲ	1371	205.6392	5.3131
404	ზჲ	1365	204.7392	5.3112
405	აœ	1334	200.0895	5.3012
406	ქკ	1333	199.9395	5.3009
407	ჳვ	1317	197.5396	5.2957
408	თბ	1316	197.3896	5.2953
409	ი-	1302	195.2897	5.2907
410	წპ	1293	193.9398	5.2877
411	-ნ	1289	193.3398	5.2863
412	ჳს	1286	192.8898	5.2853
413	ჲჲ	1279	191.8399	5.2829
414	რჟ	1263	189.44	5.2775
415	ორ	1253	187.9401	5.274
416	ჳგ	1240	185.9902	5.2695
417	რრ	1217	182.5404	5.2614
418	თთ	1193	178.9406	5.2527
419	-ე	1187	178.0406	5.2505
420	ძ$	1183	177.4406	5.2491
421	სვ	1178	176.6907	5.2472
422	ატ	1154	173.0909	5.2383
423	წნ	1143	171.441	5.2341
424	ქჲ	1142	171.291	5.2337
425	ჳრ	1136	170.391	5.2314
426	ვტ	1133	169.941	5.2303
427	ლჟ	1119	167.8412	5.2249
428	სი	1114	167.0912	5.223
429	ედ	1105	165.7413	5.2194
430	ვს	1102	165.2913	5.2182
431	ში	1101	165.1413	5.2179
432	ობ	1098	164.6913	5.2167
433	მფ	1068	160.1916	5.2046
434	ჲტ	1066	159.8916	5.2038
435	რლ	1065	159.7416	5.2034
436	ეჟ	1056	158.3917	5.1997
436	ტპ	1056	158.3917	5.1997
437	^ც	1055	158.2417	5.1993
438	სჳ	1045	156.7417	5.1952
439	სთ	1035	155.2418	5.191
440	რდ	1027	154.0419	5.1876
441	დგ	1019	152.8419	5.1842
442	^ჩ	1016	152.392	5.183
443	ახ	1011	151.642	5.1808
444	ონ	1009	151.342	5.18
444	პდ	1009	151.342	5.18
445	ჳპ	1008	151.192	5.1795
446	ით	1002	150.2921	5.1769
447	ჱპ	979	146.8423	5.1669
448	იმ	977	146.5423	5.166
448	ჳთ	977	146.5423	5.166
449	ღ$	966	144.8924	5.161
450	ვჲ	944	141.5925	5.151
451	ყფ	939	140.8426	5.1487
452	ლო	938	140.6926	5.1483
453	დყ	937	140.5426	5.1478
454	ლზ	936	140.3926	5.1473
455	ძფ	927	139.0427	5.1431
456	ჲუ	922	138.2927	5.1408
457	ყბ	915	137.2428	5.1375
458	ც$	908	136.1928	5.1342
459	ოდ	899	134.8429	5.1298
460	ლჩ	898	134.6929	5.1293
461	ზს	889	133.343	5.125
462	ნყ	880	131.993	5.1206
463	სჱ	876	131.3931	5.1186
464	ულ	866	129.8932	5.1136
465	ფგ	865	129.7432	5.1131
466	ქს	852	127.7933	5.1065
467	გო	837	125.5434	5.0988
468	ბნ	836	125.3934	5.0983
468	პბ	836	125.3934	5.0983
468	ყვ	836	125.3934	5.0983
469	ვთ	813	121.9436	5.0862
470	გმ	804	120.5936	5.0813
471	მლ	794	119.0937	5.0759
472	ღნ	785	117.7438	5.0709
473	ლრ	782	117.2938	5.0693
474	მბ	778	116.6939	5.067
475	აც	777	116.5439	5.0665
476	ეო	775	116.2439	5.0654
477	უნ	769	115.3439	5.062
478	წდ	767	115.0439	5.0609
479	ოწ	753	112.944	5.0529
480	იდ	749	112.3441	5.0506
481	ხა	746	111.8941	5.0488
482	ჳნ	742	111.2941	5.0465
483	ძბ	739	110.8442	5.0447
484	თტ	727	109.0443	5.0376
485	^ყ	726	108.8943	5.037
486	იყ	715	107.2443	5.0304
487	ოკ	710	106.4944	5.0273
488	ლდ	708	106.1944	5.0261
489	^ხ	702	105.2945	5.0224
490	^ძ	699	104.8445	5.0205
491	ლჱ	696	104.3945	5.0187
492	ჱს	694	104.0945	5.0174
493	ოჟ	691	103.6445	5.0155
494	ეკ	690	103.4945	5.0149
494	წჱ	690	103.4945	5.0149
495	ბღ	687	103.0446	5.013
496	ოგ	681	102.1446	5.0092
497	ქლ	679	101.8446	5.0079
498	რშ	677	101.5446	5.0067
499	ჩჲ	672	100.7947	5.0034
500	უწ	659	98.8448	4.995
501	ბჟ	646	96.8949	4.9863
502	გი	644	96.5949	4.985
503	წი	638	95.695	4.9809
504	მკ	630	94.495	4.9754
504	სუ	630	94.495	4.9754
505	ჱფ	621	93.1451	4.9692
506	ჩე	614	92.0951	4.9642
507	œა	612	91.7952	4.9628
508	ცრ	593	88.9453	4.9491
509	ჱჟ	592	88.7953	4.9484
510	იც	591	88.6453	4.9477
511	ტ$	589	88.3453	4.9462
512	ცი	577	86.5454	4.9372
513	პუ	576	86.3954	4.9365
514	ურ	573	85.9455	4.9342
515	ჟჩ	563	84.4455	4.9266
516	ბო	560	83.9956	4.9243
517	ლბ	554	83.0956	4.9196
518	ბრ	551	82.6456	4.9172
519	ნფ	550	82.4957	4.9164
519	პო	550	82.4957	4.9164
520	ლმ	546	81.8957	4.9133
520	ყუ	546	81.8957	4.9133
521	e$	540	80.9957	4.9085
522	გშ	530	79.4958	4.9003
523	იგ	525	78.7459	4.8962
524	კუ	512	76.796	4.8853
525	ჱწ	510	76.496	4.8836
526	ჱყ	507	76.046	4.8811
527	მჟ	504	75.596	4.8785
527	ხე	504	75.596	4.8785
528	ნტ	500	74.996	4.875
529	რბ	490	73.4961	4.8663
530	კი	489	73.3461	4.8654
531	ბე	487	73.0462	4.8636
532	ჩi	483	72.4462	4.86
533	ჱრ	477	71.5462	4.8546
534	šს	474	71.0963	4.8518
535	^t	472	70.7963	4.85
536	ხო	468	70.1963	4.8463
537	ნჩ	466	69.8963	4.8445
538	ივ	464	69.5963	4.8426
539	ძლ	457	68.5464	4.836
540	ნჱ	455	68.2464	4.8341
540	პფ	455	68.2464	4.8341
541	ქჩ	445	66.7465	4.8244
542	იქ	436	65.3966	4.8156
543	ტო	435	65.2466	4.8146
543	წქ	435	65.2466	4.8146
544	თს	434	65.0966	4.8136
545	ბშ	432	64.7966	4.8116
546	ვœ	425	63.7466	4.8045
547	უს	424	63.5966	4.8034
548	i$	422	63.2967	4.8014
549	ფე	418	62.6967	4.7972
549	ჩვ	418	62.6967	4.7972
550	რძ	417	62.5467	4.7962
551	ჳლ	416	62.3967	4.7952
552	კე	412	61.7967	4.791
553	ნშ	411	61.6468	4.7899
554	ძე	407	61.0468	4.7857
555	ხვ	403	60.4468	4.7814
556	ჱჳ	394	59.0969	4.7716
557	ყჲ	391	58.6469	4.7682
557	შვ	391	58.6469	4.7682
558	აშ	390	58.4969	4.7671
559	რმ	389	58.3469	4.766
560	რუ	387	58.0469	4.7638
561	სტ	385	57.747	4.7615
562	აძ	381	57.147	4.757
563	ხლ	380	56.997	4.7559
564	უკ	378	56.697	4.7536
565	იჲ	376	56.397	4.7513
566	ოფ	375	56.247	4.7501
567	-ჟ	374	56.097	4.7489
568	პჳ	373	55.9471	4.7478
569	ტლ	368	55.1971	4.7419
570	მშ	362	54.2971	4.7348
571	^š	361	54.1471	4.7336
571	ზყ	361	54.1471	4.7336
571	იფ	361	54.1471	4.7336
572	სჲ	355	53.2472	4.7263
572	ძრ	355	53.2472	4.7263
573	ლტ	353	52.9472	4.7238
574	ღს	352	52.7972	4.7226
575	წა	347	52.0473	4.7164
576	ჟე	345	51.7473	4.7139
577	მდ	344	51.5973	4.7126
577	ტყ	344	51.5973	4.7126
578	ეი	340	50.9973	4.7075
579	ნო	331	49.6474	4.6959
579	ჟფ	331	49.6474	4.6959
579	ძა	331	49.6474	4.6959
580	ნძ	329	49.3474	4.6933
581	ღწ	327	49.0474	4.6906
582	ტს	326	48.8974	4.6893
583	-პ	323	48.4474	4.6853
584	ჟბ	322	48.2975	4.6839
585	ფყ	321	48.1475	4.6826
586	თხ	320	47.9975	4.6812
587	^h	319	47.8475	4.6799
588	^a	312	46.7975	4.6702
589	გფ	310	46.4975	4.6674
590	ზრ	307	46.0476	4.6632
591	ქმ	305	45.7476	4.6604
592	იტ	302	45.2976	4.6561
592	კმ	302	45.2976	4.6561
593	s$	301	45.1476	4.6546
593	ლგ	301	45.1476	4.6546
594	-მ	297	44.5477	4.6488
595	დრ	296	44.3977	4.6474
596	იუ	295	44.2477	4.6459
597	-დ	294	44.0977	4.6444
597	მუ	294	44.0977	4.6444
598	-ბ	293	43.9477	4.6429
599	ეუ	291	43.6477	4.64
600	გუ	290	43.4977	4.6385
601	-კ	289	43.3477	4.637
601	დო	289	43.3477	4.637
602	ზკ	287	43.0477	4.6339
602	ცხ	287	43.0477	4.6339
603	^i	285	42.7477	4.6309
604	რფ	284	42.5978	4.6294
604	ფი	284	42.5978	4.6294
605	ძმ	282	42.2978	4.6263
606	^œ	279	41.8478	4.6217
607	-გ	278	41.6978	4.6201
607	ლფ	278	41.6978	4.6201
608	იძ	275	41.2478	4.6154
609	a$	274	41.0978	4.6138
610	ტე	270	40.4979	4.6074
611	წღ	268	40.1979	4.6042
612	-რ	267	40.0479	4.6026
613	უჲ	266	39.8979	4.601
613	ქგ	266	39.8979	4.601
614	-ზ	264	39.5979	4.5977
615	t$	263	39.4479	4.596
616	ტი	261	39.1479	4.5927
617	ყა	259	38.848	4.5894
618	^o	257	38.548	4.586
618	ბუ	257	38.548	4.586
618	ზბ	257	38.548	4.586
618	ნგ	257	38.548	4.586
619	^m	256	38.398	4.5843
620	სს	254	38.098	4.5809
620	წო	254	38.098	4.5809
621	სწ	253	37.948	4.5792
622	ჩა	252	37.798	4.5775
623	იბ	251	37.648	4.5757
624	ჳყ	250	37.498	4.574
625	ქყ	249	37.348	4.5723
626	ცე	248	37.198	4.5705
627	ცა	247	37.048	4.5688
628	^b	245	36.7481	4.5652
629	თœ	244	36.5981	4.5635
630	ეე	243	36.4481	4.5617
630	ლუ	243	36.4481	4.5617
631	ოც	242	36.2981	4.5599
632	რც	240	35.9981	4.5563
633	^s	239	35.8481	4.5545
634	ცო	238	35.6981	4.5526
635	y$	237	35.5481	4.5508
635	ხი	237	35.5481	4.5508
636	o$	235	35.2481	4.5471
637	ჩნ	232	34.7982	4.5416
638	შლ	231	34.6482	4.5397
639	ეჩ	228	34.1982	4.534
639	უყ	228	34.1982	4.534
640	^ჰ	227	34.0482	4.5321
640	ეფ	227	34.0482	4.5321
641	šვ	226	33.8982	4.5302
642	წყ	225	33.7482	4.5283
643	ჩჟ	224	33.5982	4.5263
644	^ჯ	221	33.1483	4.5205
644	უგ	221	33.1483	4.5205
645	ეშ	219	32.8483	4.5165
646	იო	217	32.5483	4.5125
647	ღე	216	32.3983	4.5105
648	ჟდ	215	32.2483	4.5085
649	ბდ	214	32.0983	4.5065
650	მგ	209	31.3483	4.4962
650	ქო	209	31.3483	4.4962
651	šა	207	31.0484	4.492
652	ყჳ	204	30.5984	4.4857
653	ა-	203	30.4484	4.4836
653	ჟტ	203	30.4484	4.4836
654	ეც	202	30.2984	4.4814
654	უპ	202	30.2984	4.4814
655	ძჟ	201	30.1484	4.4793
656	ლშ	198	29.6984	4.4727
657	ეხ	196	29.3985	4.4683
658	n$	194	29.0985	4.4639
659	an	192	28.7985	4.4594
659	ტრ	192	28.7985	4.4594
660	-ლ	191	28.6485	4.4571
660	ეჱ	191	28.6485	4.4571
661	ეტ	190	28.4985	4.4548
662	ჲš	189	28.3485	4.4525
663	ნპ	188	28.1985	4.4502
664	პტ	186	27.8985	4.4456
665	პშ	185	27.7485	4.4432
666	ე-	184	27.5985	4.4409
666	პძ	184	27.5985	4.4409
666	უფ	184	27.5985	4.4409
667	ს-	182	27.2986	4.4361
667	ჭი	182	27.2986	4.4361
668	d$	180	26.9986	4.4313
668	ფლ	180	26.9986	4.4313
668	ჯე	180	26.9986	4.4313
669	th	177	26.5486	4.424
669	აš	177	26.5486	4.424
670	პი	176	26.3986	4.4216
671	ეჳ	175	26.2486	4.4191
671	ღრ	175	26.2486	4.4191
672	უბ	174	26.0986	4.4166
673	ძპ	171	25.6486	4.4091
674	ლქ	170	25.4987	4.4065
675	მმ	168	25.1987	4.4014
676	იშ	166	24.8987	4.3962
677	he	165	24.7487	4.3936
678	ბძ	164	24.5987	4.3909
678	სძ	164	24.5987	4.3909
679	œთ	162	24.2987	4.3856
679	ჩკ	162	24.2987	4.3856
680	სხ	160	23.9987	4.3802
681	ზი	159	23.8487	4.3775
681	ჟჟ	159	23.8487	4.3775
681	ხმ	159	23.8487	4.3775
681	ჯა	159	23.8487	4.3775
682	იხ	157	23.5488	4.372
683	^'	156	23.3988	4.3692
684	^y	153	22.9488	4.3608
685	ოქ	152	22.7988	4.3579
686	-უ	151	22.6488	4.355
686	დჟ	151	22.6488	4.355
686	ოი	151	22.6488	4.355
687	უმ	150	22.4988	4.3522
688	r$	149	22.3488	4.3493
688	გდ	149	22.3488	4.3493
689	ჟძ	148	22.1988	4.3463
690	ექ	147	22.0488	4.3434
690	კო	147	22.0488	4.3434
690	ჟუ	147	22.0488	4.3434
691	-ღ	146	21.8988	4.3404
691	^c	146	21.8988	4.3404
691	შა	146	21.8988	4.3404
692	^d	145	21.7489	4.3374
692	მრ	145	21.7489	4.3374
693	šთ	143	21.4489	4.3314
694	მხ	142	21.2989	4.3284
695	to	141	21.1489	4.3253
695	ჟჳ	141	21.1489	4.3253
696	ოე	139	20.8489	4.3191
697	-ა	137	20.5489	4.3128
697	-ო	137	20.5489	4.3128
697	ძნ	137	20.5489	4.3128
698	ეძ	136	20.3989	4.3096
699	^e	135	20.2489	4.3064
700	ღმ	133	19.9489	4.2999
700	ყი	133	19.9489	4.2999
700	წუ	133	19.9489	4.2999
701	on	132	19.799	4.2966
701	პჩ	132	19.799	4.2966
701	წვ	132	19.799	4.2966
702	შო	131	19.649	4.2933
703	ჩქ	130	19.499	4.29
703	ხდ	130	19.499	4.29
704	ლლ	129	19.349	4.2867
705	le	128	19.199	4.2833
705	გჩ	128	19.199	4.2833
705	იღ	128	19.199	4.2833
705	ოხ	128	19.199	4.2833
705	უშ	128	19.199	4.2833
706	-ჳ	127	19.049	4.2799
706	იზ	127	19.049	4.2799
707	in	126	18.899	4.2764
707	ნზ	126	18.899	4.2764
708	ვ-	125	18.749	4.273
709	es	124	18.599	4.2695
709	იწ	124	18.599	4.2695
710	დღ	123	18.449	4.266
711	ნბ	121	18.149	4.2589
711	რტ	121	18.149	4.2589
712	გქ	120	17.9991	4.2553
712	ქპ	120	17.9991	4.2553
712	ჰო	120	17.9991	4.2553
713	ცპ	119	17.8491	4.2516
713	ძი	119	17.8491	4.2516
713	ხუ	119	17.8491	4.2516
714	^w	118	17.6991	4.248
714	or	118	17.6991	4.248
715	it	117	17.5491	4.2443
715	œს	117	17.5491	4.2443
716	^l	116	17.3991	4.2405
716	უხ	116	17.3991	4.2405
717	იპ	115	17.2491	4.2368
717	იჱ	115	17.2491	4.2368
717	ნჳ	115	17.2491	4.2368
718	ou	114	17.0991	4.233
718	გზ	114	17.0991	4.233
719	ea	113	16.9491	4.2291
719	h$	113	16.9491	4.2291
719	თ-	113	16.9491	4.2291
720	st	112	16.7991	4.2253
721	^f	111	16.6491	4.2214
721	^g	111	16.6491	4.2214
721	te	111	16.6491	4.2214
721	ცნ	111	16.6491	4.2214
721	წფ	111	16.6491	4.2214
722	ოუ	110	16.4991	4.2175
723	-ჲ	109	16.3491	4.2135
723	ხს	109	16.3491	4.2135
724	შრ	108	16.1991	4.2095
725	ve	107	16.0492	4.2055
725	აყ	107	16.0492	4.2055
725	აჩ	107	16.0492	4.2055
725	შნ	107	16.0492	4.2055
725	ჩრ	107	16.0492	4.2055
725	ძუ	107	16.0492	4.2055
725	ჯო	107	16.0492	4.2055
726	ნც	106	15.8992	4.2014
727	m$	105	15.7492	4.1973
727	ბფ	105	15.7492	4.1973
728	ჱუ	104	15.5992	4.1931
729	-ჱ	103	15.4492	4.1889
729	^p	103	15.4492	4.1889
729	გš	103	15.4492	4.1889
729	წზ	103	15.4492	4.1889
730	ტბ	102	15.2992	4.1847
730	შგ	102	15.2992	4.1847
730	ცვ	102	15.2992	4.1847
731	el	101	15.1492	4.1804
731	მზ	101	15.1492	4.1804
731	ნმ	101	15.1492	4.1804
732	სღ	99	14.8492	4.1717
733	ვš	98	14.6992	4.1673
733	ძდ	98	14.6992	4.1673
733	ძო	98	14.6992	4.1673
734	l$	97	14.5492	4.1628
734	re	97	14.5492	4.1628
735	თყ	96	14.3992	4.1583
735	მძ	96	14.3992	4.1583
736	at	95	14.2492	4.1538
736	er	95	14.2492	4.1538
737	li	94	14.0993	4.1492
737	ბჩ	94	14.0993	4.1492
738	ბმ	93	13.9493	4.1446
738	ბჳ	93	13.9493	4.1446
739	ვყ	92	13.7993	4.1399
739	ძკ	92	13.7993	4.1399
740	al	91	13.6493	4.1351
741	ha	90	13.4993	4.1303
741	ჟც	90	13.4993	4.1303
742	hვ	89	13.3493	4.1255
742	ნლ	89	13.3493	4.1255
742	ოტ	89	13.3493	4.1255
742	ჟშ	89	13.3493	4.1255
743	რჯ	88	13.1993	4.1206
743	რჳ	88	13.1993	4.1206
744	ac	87	13.0493	4.1156
744	დმ	87	13.0493	4.1156
744	უდ	87	13.0493	4.1156
744	ცდ	87	13.0493	4.1156
745	am	86	12.8993	4.1106
745	oo	86	12.8993	4.1106
745	იჭ	86	12.8993	4.1106
745	ნქ	86	12.8993	4.1106
746	მჩ	85	12.7493	4.1055
746	ხრ	85	12.7493	4.1055
747	g$	84	12.5993	4.1003
747	ვხ	84	12.5993	4.1003
747	ფჩ	84	12.5993	4.1003
747	ძჱ	84	12.5993	4.1003
748	ar	83	12.4493	4.0951
748	en	83	12.4493	4.0951
748	me	83	12.4493	4.0951
748	ოძ	83	12.4493	4.0951
748	შმ	83	12.4493	4.0951
749	'$	82	12.2994	4.0899
749	იი	82	12.2994	4.0899
750	ra	81	12.1494	4.0846
750	ლხ	81	12.1494	4.0846
750	რჱ	81	12.1494	4.0846
751	ho	80	11.9994	4.0792
751	ფპ	80	11.9994	4.0792
751	ძზ	80	11.9994	4.0792
752	მც	79	11.8494	4.0737
752	ჲძ	79	11.8494	4.0737
753	^k	78	11.6994	4.0682
753	ll	78	11.6994	4.0682
754	se	77	11.5494	4.0626
754	ოშ	77	11.5494	4.0626
754	პპ	77	11.5494	4.0626
754	შქ	77	11.5494	4.0626
754	ჰ$	77	11.5494	4.0626
755	^ჭ	76	11.3994	4.0569
755	mo	76	11.3994	4.0569
755	ვშ	76	11.3994	4.0569
756	ce	75	11.2494	4.0511
756	is	75	11.2494	4.0511
756	შჳ	75	11.2494	4.0511
757	კჱ	74	11.0994	4.0453
758	-ს	73	10.9494	4.0394
758	na	73	10.9494	4.0394
758	ne	73	10.9494	4.0394
758	დჩ	73	10.9494	4.0394
759	š$	72	10.7994	4.0334
759	ჭ$	72	10.7994	4.0334
759	ჱჩ	72	10.7994	4.0334
760	k$	71	10.6494	4.0273
760	ma	71	10.6494	4.0273
760	ქი	71	10.6494	4.0273
760	ძღ	71	10.6494	4.0273
761	tჲ	70	10.4994	4.0212
762	ch	69	10.3495	4.0149
762	nd	69	10.3495	4.0149
762	დბ	69	10.3495	4.0149
762	თძ	69	10.3495	4.0149
762	ქფ	69	10.3495	4.0149
762	შჟ	69	10.3495	4.0149
762	ძვ	69	10.3495	4.0149
763	^n	68	10.1995	4.0086
763	no	68	10.1995	4.0086
763	yo	68	10.1995	4.0086
763	ჩმ	68	10.1995	4.0086
764	-თ	67	10.0495	4.0021
764	ig	67	10.0495	4.0021
764	ri	67	10.0495	4.0021
764	კ-	67	10.0495	4.0021
765	be	66	9.8995	3.9956
765	om	66	9.8995	3.9956
765	უძ	66	9.8995	3.9956
766	mi	65	9.7495	3.989
766	გჳ	65	9.7495	3.989
766	ფო	65	9.7495	3.989
766	ღი	65	9.7495	3.989
766	ჭე	65	9.7495	3.989
767	უც	64	9.5995	3.9822
767	ფქ	64	9.5995	3.9822
768	nt	63	9.4495	3.9754
768	un	63	9.4495	3.9754
768	ვც	63	9.4495	3.9754
768	კკ	63	9.4495	3.9754
768	ქე	63	9.4495	3.9754
769	et	62	9.2995	3.9685
769	ik	62	9.2995	3.9685
769	ke	62	9.2995	3.9685
769	ti	62	9.2995	3.9685
769	იჩ	62	9.2995	3.9685
769	მტ	62	9.2995	3.9685
769	ოჯ	62	9.2995	3.9685
770	do	61	9.1495	3.9614
770	ზპ	61	9.1495	3.9614
771	ng	60	8.9995	3.9542
771	ნ-	60	8.9995	3.9542
771	ჩუ	60	8.9995	3.9542
771	ჲœ	60	8.9995	3.9542
772	su	59	8.8495	3.9469
772	ta	59	8.8495	3.9469
772	სყ	59	8.8495	3.9469
772	ჩძ	59	8.8495	3.9469
773	wa	58	8.6995	3.9395
773	ზგ	58	8.6995	3.9395
773	ზლ	58	8.6995	3.9395
773	თš	58	8.6995	3.9395
773	ტკ	58	8.6995	3.9395
773	ყტ	58	8.6995	3.9395
773	ჩწ	58	8.6995	3.9395
774	lo	57	8.5495	3.9319
774	ur	57	8.5495	3.9319
774	ბჱ	57	8.5495	3.9319
775	^r	56	8.3996	3.9243
775	oh	56	8.3996	3.9243
776	კდ	55	8.2496	3.9164
776	ქც	55	8.2496	3.9164
777	ge	54	8.0996	3.9085
777	ol	54	8.0996	3.9085
777	ზო	54	8.0996	3.9085
777	რ-	54	8.0996	3.9085
777	ტუ	54	8.0996	3.9085
778	tr	53	7.9496	3.9003
778	აჭ	53	7.9496	3.9003
779	bo	52	7.7996	3.8921
779	ub	52	7.7996	3.8921
779	ჩი	52	7.7996	3.8921
779	ჱშ	52	7.7996	3.8921
780	ხ$	51	7.6496	3.8836
781	-ვ	50	7.4996	3.875
781	ბზ	50	7.4996	3.875
781	კფ	50	7.4996	3.875
781	ცლ	50	7.4996	3.875
781	ჳძ	50	7.4996	3.875
782	-ფ	49	7.3496	3.8663
782	ie	49	7.3496	3.8663
782	ld	49	7.3496	3.8663
782	დუ	49	7.3496	3.8663
782	ვძ	49	7.3496	3.8663
782	ოჰ	49	7.3496	3.8663
782	ცუ	49	7.3496	3.8663
783	's	48	7.1996	3.8573
783	da	48	7.1996	3.8573
783	hi	48	7.1996	3.8573
784	ed	47	7.0496	3.8482
784	ev	47	7.0496	3.8482
784	კქ	47	7.0496	3.8482
785	ay	46	6.8996	3.8388
785	ba	46	6.8996	3.8388
785	so	46	6.8996	3.8388
785	us	46	6.8996	3.8388
785	w$	46	6.8996	3.8388
785	კჳ	46	6.8996	3.8388
785	პ-	46	6.8996	3.8388
785	წძ	46	6.8996	3.8388
786	ai	45	6.7496	3.8293
786	ht	45	6.7496	3.8293
786	ia	45	6.7496	3.8293
786	la	45	6.7496	3.8293
786	ok	45	6.7496	3.8293
786	u$	45	6.7496	3.8293
786	è$	45	6.7496	3.8293
786	მš	45	6.7496	3.8293
787	de	44	6.5997	3.8195
787	gh	44	6.5997	3.8195
787	კძ	44	6.5997	3.8195
787	მ-	44	6.5997	3.8195
788	ye	43	6.4497	3.8095
788	ტჩ	43	6.4497	3.8095
788	ჱზ	43	6.4497	3.8095
788	ჳფ	43	6.4497	3.8095
788	ჵ$	43	6.4497	3.8095
789	ah	42	6.2997	3.7993
789	co	42	6.2997	3.7993
789	ja	42	6.2997	3.7993
789	ow	42	6.2997	3.7993
789	pa	42	6.2997	3.7993
789	tl	42	6.2997	3.7993
789	ჟი	42	6.2997	3.7993
789	ჩჱ	42	6.2997	3.7993
790	^u	41	6.1497	3.7889
790	sa	41	6.1497	3.7889
790	მჭ	41	6.1497	3.7889
790	ოო	41	6.1497	3.7889
790	რხ	41	6.1497	3.7889
790	სც	41	6.1497	3.7889
790	უე	41	6.1497	3.7889
790	ღლ	41	6.1497	3.7889
791	^j	40	5.9997	3.7781
791	ut	40	5.9997	3.7781
791	vi	40	5.9997	3.7781
791	ბკ	40	5.9997	3.7781
791	გძ	40	5.9997	3.7781
791	ზუ	40	5.9997	3.7781
791	ლჳ	40	5.9997	3.7781
791	მქ	40	5.9997	3.7781
791	ოჩ	40	5.9997	3.7781
791	ყქ	40	5.9997	3.7781
792	as	39	5.8497	3.7671
792	ee	39	5.8497	3.7671
792	ni	39	5.8497	3.7671
792	ოზ	39	5.8497	3.7671
792	ღო	39	5.8497	3.7671
793	by	38	5.6997	3.7559
793	ro	38	5.6997	3.7559
793	ყძ	38	5.6997	3.7559
794	^x	37	5.5497	3.7443
794	ad	37	5.5497	3.7443
794	il	37	5.5497	3.7443
794	ბš	37	5.5497	3.7443
794	პც	37	5.5497	3.7443
794	ძგ	37	5.5497	3.7443
795	^v	36	5.3997	3.7324
795	cs	36	5.3997	3.7324
795	f$	36	5.3997	3.7324
795	ir	36	5.3997	3.7324
795	ƒვ	36	5.3997	3.7324
795	სƒ	36	5.3997	3.7324
795	ყს	36	5.3997	3.7324
796	di	35	5.2497	3.7201
796	eo	35	5.2497	3.7201
796	ov	35	5.2497	3.7201
796	šნ	35	5.2497	3.7201
796	ეღ	35	5.2497	3.7201
796	რზ	35	5.2497	3.7201
796	უტ	35	5.2497	3.7201
796	უჩ	35	5.2497	3.7201
796	ფმ	35	5.2497	3.7201
797	t'	34	5.0997	3.7075
797	èò	34	5.0997	3.7075
797	გბ	34	5.0997	3.7075
797	ჟქ	34	5.0997	3.7075
798	si	33	4.9497	3.6946
798	ƒა	33	4.9497	3.6946
798	აჰ	33	4.9497	3.6946
798	ვჭ	33	4.9497	3.6946
798	ჟ-	33	4.9497	3.6946
798	ტჟ	33	4.9497	3.6946
798	ყ$	33	4.9497	3.6946
798	შუ	33	4.9497	3.6946
798	ცმ	33	4.9497	3.6946
798	ხშ	33	4.9497	3.6946
798	ჰყ	33	4.9497	3.6946
799	-o	32	4.7997	3.6812
799	gi	32	4.7997	3.6812
799	h-	32	4.7997	3.6812
799	ot	32	4.7997	3.6812
799	აჯ	32	4.7997	3.6812
799	იჯ	32	4.7997	3.6812
799	ლ-	32	4.7997	3.6812
799	შკ	32	4.7997	3.6812
799	ჭა	32	4.7997	3.6812
800	c$	31	4.6498	3.6674
800	fi	31	4.6498	3.6674
800	i'	31	4.6498	3.6674
800	ic	31	4.6498	3.6674
800	rs	31	4.6498	3.6674
800	ეჭ	31	4.6498	3.6674
800	ზღ	31	4.6498	3.6674
801	ab	30	4.4998	3.6532
801	bs	30	4.4998	3.6532
801	nn	30	4.4998	3.6532
801	ზმ	30	4.4998	3.6532
801	თშ	30	4.4998	3.6532
801	ლპ	30	4.4998	3.6532
801	ო-	30	4.4998	3.6532
801	ჯვ	30	4.4998	3.6532
801	ჰა	30	4.4998	3.6532
802	'კ	29	4.3498	3.6385
802	ca	29	4.3498	3.6385
802	iლ	29	4.3498	3.6385
802	შპ	29	4.3498	3.6385
802	წწ	29	4.3498	3.6385
802	ჭვ	29	4.3498	3.6385
802	ჱჱ	29	4.3498	3.6385
803	^í	28	4.1998	3.6232
803	em	28	4.1998	3.6232
803	od	28	4.1998	3.6232
803	pr	28	4.1998	3.6232
803	íჭ	28	4.1998	3.6232
803	œჲ	28	4.1998	3.6232
803	დფ	28	4.1998	3.6232
803	ღპ	28	4.1998	3.6232
804	^ñ	27	4.0498	3.6074
804	ak	27	4.0498	3.6074
804	fa	27	4.0498	3.6074
804	oა	27	4.0498	3.6074
804	rn	27	4.0498	3.6074
804	ss	27	4.0498	3.6074
804	ðჵ	27	4.0498	3.6074
804	ბბ	27	4.0498	3.6074
804	დძ	27	4.0498	3.6074
804	ეœ	27	4.0498	3.6074
804	ოš	27	4.0498	3.6074
804	უქ	27	4.0498	3.6074
804	ფუ	27	4.0498	3.6074
804	შბ	27	4.0498	3.6074
805	iრ	26	3.8998	3.591
805	p$	26	3.8998	3.591
805	იჳ	26	3.8998	3.591
805	ნღ	26	3.8998	3.591
805	ქტ	26	3.8998	3.591
805	ხტ	26	3.8998	3.591
805	ჲ'	26	3.8998	3.591
806	ec	25	3.7498	3.574
806	iი	25	3.7498	3.574
806	my	25	3.7498	3.574
806	wh	25	3.7498	3.574
806	î$	25	3.7498	3.574
806	გგ	25	3.7498	3.574
806	კჩ	25	3.7498	3.574
806	ნჯ	25	3.7498	3.574
806	ტტ	25	3.7498	3.574
806	ტძ	25	3.7498	3.574
806	ღჩ	25	3.7498	3.574
806	შზ	25	3.7498	3.574
806	ჯი	25	3.7498	3.574
807	gs	24	3.5998	3.5563
807	hა	24	3.5998	3.5563
807	ki	24	3.5998	3.5563
807	lu	24	3.5998	3.5563
807	nc	24	3.5998	3.5563
807	op	24	3.5998	3.5563
807	tთ	24	3.5998	3.5563
807	x$	24	3.5998	3.5563
807	გჭ	24	3.5998	3.5563
807	კბ	24	3.5998	3.5563
807	მჱ	24	3.5998	3.5563
807	ტმ	24	3.5998	3.5563
807	ქუ	24	3.5998	3.5563
807	ძჳ	24	3.5998	3.5563
807	ჰე	24	3.5998	3.5563
807	ჱ-	24	3.5998	3.5563
808	-ქ	23	3.4498	3.5378
808	aჱ	23	3.4498	3.5378
808	b$	23	3.4498	3.5378
808	eb	23	3.4498	3.5378
808	eh	23	3.4498	3.5378
808	ka	23	3.4498	3.5378
808	of	23	3.4498	3.5378
808	oრ	23	3.4498	3.5378
808	po	23	3.4498	3.5378
808	ry	23	3.4498	3.5378
808	მღ	23	3.4498	3.5378
808	სš	23	3.4498	3.5378
808	ქš	23	3.4498	3.5378
809	kპ	22	3.2998	3.5185
809	sh	22	3.2998	3.5185
809	v$	22	3.2998	3.5185
809	რღ	22	3.2998	3.5185
809	ცკ	22	3.2998	3.5185
810	'm	21	3.1498	3.4983
810	au	21	3.1498	3.4983
810	bt	21	3.1498	3.4983
810	ct	21	3.1498	3.4983
810	hთ	21	3.1498	3.4983
810	iჳ	21	3.1498	3.4983
810	sm	21	3.1498	3.4983
810	íè	21	3.1498	3.4983
810	òჭ	21	3.1498	3.4983
810	დჳ	21	3.1498	3.4983
810	ეa	21	3.1498	3.4983
810	თ'	21	3.1498	3.4983
810	მჯ	21	3.1498	3.4983
810	ძქ	21	3.1498	3.4983
810	ჳკ	21	3.1498	3.4983
810	ჳჳ	21	3.1498	3.4983
811	-a	20	2.9998	3.4771
811	-ტ	20	2.9998	3.4771
811	^ï	20	2.9998	3.4771
811	^ჴ	20	2.9998	3.4771
811	aკ	20	2.9998	3.4771
811	bთ	20	2.9998	3.4771
811	fo	20	2.9998	3.4771
811	ko	20	2.9998	3.4771
811	kt	20	2.9998	3.4771
811	ru	20	2.9998	3.4771
811	we	20	2.9998	3.4771
811	òჵ	20	2.9998	3.4771
811	გც	20	2.9998	3.4771
811	ვ'	20	2.9998	3.4771
811	ლც	20	2.9998	3.4771
811	სშ	20	2.9998	3.4771
811	ტდ	20	2.9998	3.4771
811	ღუ	20	2.9998	3.4771
811	ჱძ	20	2.9998	3.4771
811	ჵí	20	2.9998	3.4771
812	ck	19	2.8498	3.4548
812	gr	19	2.8498	3.4548
812	id	19	2.8498	3.4548
812	if	19	2.8498	3.4548
812	iu	19	2.8498	3.4548
812	rg	19	2.8498	3.4548
812	ðè	19	2.8498	3.4548
812	გ-	19	2.8498	3.4548
812	ჟa	19	2.8498	3.4548
812	რქ	19	2.8498	3.4548
812	უჭ	19	2.8498	3.4548
812	ჩფ	19	2.8498	3.4548
812	ჭო	19	2.8498	3.4548
813	bl	18	2.6999	3.4313
813	ci	18	2.6999	3.4313
813	e-	18	2.6999	3.4313
813	ey	18	2.6999	3.4313
813	eე	18	2.6999	3.4313
813	ga	18	2.6999	3.4313
813	go	18	2.6999	3.4313
813	hჲ	18	2.6999	3.4313
813	iვ	18	2.6999	3.4313
813	iქ	18	2.6999	3.4313
813	ly	18	2.6999	3.4313
813	ns	18	2.6999	3.4313
813	wo	18	2.6999	3.4313
813	ïð	18	2.6999	3.4313
813	ƒს	18	2.6999	3.4313
813	დც	18	2.6999	3.4313
813	სჯ	18	2.6999	3.4313
813	ტფ	18	2.6999	3.4313
813	ჩო	18	2.6999	3.4313
813	ჰქ	18	2.6999	3.4313
814	'ჱ	17	2.5499	3.4065
814	ap	17	2.5499	3.4065
814	av	17	2.5499	3.4065
814	iმ	17	2.5499	3.4065
814	m-	17	2.5499	3.4065
814	oy	17	2.5499	3.4065
814	tპ	17	2.5499	3.4065
814	ul	17	2.5499	3.4065
814	აƒ	17	2.5499	3.4065
814	დშ	17	2.5499	3.4065
814	დჱ	17	2.5499	3.4065
814	კš	17	2.5499	3.4065
814	ცბ	17	2.5499	3.4065
814	ძთ	17	2.5499	3.4065
814	ჭრ	17	2.5499	3.4065
815	-t	16	2.3999	3.3802
815	^è	16	2.3999	3.3802
815	ag	16	2.3999	3.3802
815	bg	16	2.3999	3.3802
815	bu	16	2.3999	3.3802
815	hწ	16	2.3999	3.3802
815	mm	16	2.3999	3.3802
815	oგ	16	2.3999	3.3802
815	rl	16	2.3999	3.3802
815	í$	16	2.3999	3.3802
815	დკ	16	2.3999	3.3802
815	მჳ	16	2.3999	3.3802
815	ნხ	16	2.3999	3.3802
815	პš	16	2.3999	3.3802
815	რœ	16	2.3999	3.3802
815	ქ-	16	2.3999	3.3802
815	ცს	16	2.3999	3.3802
815	ხნ	16	2.3999	3.3802
816	'გ	15	2.2499	3.3522
816	'ჲ	15	2.2499	3.3522
816	cc	15	2.2499	3.3522
816	cr	15	2.2499	3.3522
816	ii	15	2.2499	3.3522
816	mვ	15	2.2499	3.3522
816	pe	15	2.2499	3.3522
816	sl	15	2.2499	3.3522
816	tu	15	2.2499	3.3522
816	tა	15	2.2499	3.3522
816	uj	15	2.2499	3.3522
816	um	15	2.2499	3.3522
816	èí	15	2.2499	3.3522
816	êჭ	15	2.2499	3.3522
816	ბ-	15	2.2499	3.3522
816	კ'	15	2.2499	3.3522
816	ტწ	15	2.2499	3.3522
816	ქœ	15	2.2499	3.3522
816	შდ	15	2.2499	3.3522
816	შტ	15	2.2499	3.3522
816	ჳ-	15	2.2499	3.3522
817	'ა	14	2.0999	3.3222
817	ib	14	2.0999	3.3222
817	io	14	2.0999	3.3222
817	iნ	14	2.0999	3.3222
817	oბ	14	2.0999	3.3222
817	sp	14	2.0999	3.3222
817	z$	14	2.0999	3.3222
817	îჰ	14	2.0999	3.3222
817	ðჭ	14	2.0999	3.3222
817	òð	14	2.0999	3.3222
817	ეჯ	14	2.0999	3.3222
817	ზდ	14	2.0999	3.3222
817	სჭ	14	2.0999	3.3222
817	უღ	14	2.0999	3.3222
817	ჩხ	14	2.0999	3.3222
817	წჲ	14	2.0999	3.3222
818	^z	13	1.9499	3.29
818	br	13	1.9499	3.29
818	fr	13	1.9499	3.29
818	fu	13	1.9499	3.29
818	iv	13	1.9499	3.29
818	n'	13	1.9499	3.29
818	rc	13	1.9499	3.29
818	íî	13	1.9499	3.29
818	ñò	13	1.9499	3.29
818	òî	13	1.9499	3.29
818	œ$	13	1.9499	3.29
818	გტ	13	1.9499	3.29
818	გხ	13	1.9499	3.29
818	გჯ	13	1.9499	3.29
818	დდ	13	1.9499	3.29
818	ზფ	13	1.9499	3.29
818	კშ	13	1.9499	3.29
818	ოჳ	13	1.9499	3.29
818	ტზ	13	1.9499	3.29
818	ყ-	13	1.9499	3.29
818	ჩბ	13	1.9499	3.29
819	't	12	1.7999	3.2552
819	'ნ	12	1.7999	3.2552
819	'ღ	12	1.7999	3.2552
819	^ì	12	1.7999	3.2552
819	^ò	12	1.7999	3.2552
819	^ƒ	12	1.7999	3.2552
819	ew	12	1.7999	3.2552
819	fe	12	1.7999	3.2552
819	ms	12	1.7999	3.2552
819	ob	12	1.7999	3.2552
819	os	12	1.7999	3.2552
819	pა	12	1.7999	3.2552
819	sc	12	1.7999	3.2552
819	ბჭ	12	1.7999	3.2552
819	ვƒ	12	1.7999	3.2552
819	ოo	12	1.7999	3.2552
819	ჟe	12	1.7999	3.2552
819	უზ	12	1.7999	3.2552
819	უი	12	1.7999	3.2552
819	შფ	12	1.7999	3.2552
819	ჯუ	12	1.7999	3.2552
819	ჱქ	12	1.7999	3.2552
819	ჴჵ	12	1.7999	3.2552
820	'ო	11	1.6499	3.2175
820	-ყ	11	1.6499	3.2175
820	iგ	11	1.6499	3.2175
820	lb	11	1.6499	3.2175
820	mა	11	1.6499	3.2175
820	oc	11	1.6499	3.2175
820	oპ	11	1.6499	3.2175
820	pl	11	1.6499	3.2175
820	ps	11	1.6499	3.2175
820	rt	11	1.6499	3.2175
820	ts	11	1.6499	3.2175
820	tv	11	1.6499	3.2175
820	uc	11	1.6499	3.2175
820	ue	11	1.6499	3.2175
820	ys	11	1.6499	3.2175
820	òè	11	1.6499	3.2175
820	ზœ	11	1.6499	3.2175
820	ზშ	11	1.6499	3.2175
820	კტ	11	1.6499	3.2175
820	მu	11	1.6499	3.2175
820	მœ	11	1.6499	3.2175
820	უ-	11	1.6499	3.2175
820	ძტ	11	1.6499	3.2175
820	წ-	11	1.6499	3.2175
820	ჯდ	11	1.6499	3.2175
820	ჲც	11	1.6499	3.2175
820	ჴè	11	1.6499	3.2175
820	ჴî	11	1.6499	3.2175
821	'ე	10	1.4999	3.1761
821	'თ	10	1.4999	3.1761
821	-წ	10	1.4999	3.1761
821	aa	10	1.4999	3.1761
821	af	10	1.4999	3.1761
821	aჟ	10	1.4999	3.1761
821	bb	10	1.4999	3.1761
821	bჟ	10	1.4999	3.1761
821	cl	10	1.4999	3.1761
821	dd	10	1.4999	3.1761
821	ft	10	1.4999	3.1761
821	ip	10	1.4999	3.1761
821	pi	10	1.4999	3.1761
821	pp	10	1.4999	3.1761
821	rd	10	1.4999	3.1761
821	sk	10	1.4999	3.1761
821	tc	10	1.4999	3.1761
821	tt	10	1.4999	3.1761
821	wi	10	1.4999	3.1761
821	ëè	10	1.4999	3.1761
821	ëჭ	10	1.4999	3.1761
821	ìè	10	1.4999	3.1761
821	óხ	10	1.4999	3.1761
821	ÿ$	10	1.4999	3.1761
821	გœ	10	1.4999	3.1761
821	დტ	10	1.4999	3.1761
821	ზš	10	1.4999	3.1761
821	კo	10	1.4999	3.1761
821	შხ	10	1.4999	3.1761
821	ჩთ	10	1.4999	3.1761
821	ძძ	10	1.4999	3.1761
821	ჭí	10	1.4999	3.1761
821	ჴ$	10	1.4999	3.1761
821	ჵð	10	1.4999	3.1761
821	ჵò	10	1.4999	3.1761
822	'ჟ	9	1.3499	3.1303
822	'რ	9	1.3499	3.1303
822	^î	9	1.3499	3.1303
822	bi	9	1.3499	3.1303
822	dr	9	1.3499	3.1303
822	du	9	1.3499	3.1303
822	dv	9	1.3499	3.1303
822	ep	9	1.3499	3.1303
822	iბ	9	1.3499	3.1303
822	jo	9	1.3499	3.1303
822	ls	9	1.3499	3.1303
822	mr	9	1.3499	3.1303
822	ny	9	1.3499	3.1303
822	oდ	9	1.3499	3.1303
822	oჟ	9	1.3499	3.1303
822	py	9	1.3499	3.1303
822	xა	9	1.3499	3.1303
822	èñ	9	1.3499	3.1303
822	îê	9	1.3499	3.1303
822	îò	9	1.3499	3.1303
822	îჴ	9	1.3499	3.1303
822	ñჭ	9	1.3499	3.1303
822	ñჵ	9	1.3499	3.1303
822	õ$	9	1.3499	3.1303
822	šკ	9	1.3499	3.1303
822	ა'	9	1.3499	3.1303
822	ბც	9	1.3499	3.1303
822	გღ	9	1.3499	3.1303
822	დo	9	1.3499	3.1303
822	მe	9	1.3499	3.1303
822	სœ	9	1.3499	3.1303
822	ტშ	9	1.3499	3.1303
822	ქქ	9	1.3499	3.1303
822	შჱ	9	1.3499	3.1303
822	ცთ	9	1.3499	3.1303
822	ჭì	9	1.3499	3.1303
822	ჭð	9	1.3499	3.1303
822	ჭკ	9	1.3499	3.1303
822	ჭჴ	9	1.3499	3.1303
822	ჰგ	9	1.3499	3.1303
822	ჵì	9	1.3499	3.1303
822	ჵჴ	9	1.3499	3.1303
823	'c	8	1.1999	3.0791
823	^ç	8	1.1999	3.0791
823	ao	8	1.1999	3.0791
823	aლ	8	1.1999	3.0791
823	aმ	8	1.1999	3.0791
823	aნ	8	1.1999	3.0791
823	dy	8	1.1999	3.0791
823	eლ	8	1.1999	3.0791
823	fs	8	1.1999	3.0791
823	gp	8	1.1999	3.0791
823	im	8	1.1999	3.0791
823	nk	8	1.1999	3.0791
823	oზ	8	1.1999	3.0791
823	pვ	8	1.1999	3.0791
823	rr	8	1.1999	3.0791
823	tb	8	1.1999	3.0791
823	tწ	8	1.1999	3.0791
823	wn	8	1.1999	3.0791
823	yt	8	1.1999	3.0791
823	zi	8	1.1999	3.0791
823	é$	8	1.1999	3.0791
823	ëჵ	8	1.1999	3.0791
823	ìî	8	1.1999	3.0791
823	ìჵ	8	1.1999	3.0791
823	ðî	8	1.1999	3.0791
823	ñê	8	1.1999	3.0791
823	ბტ	8	1.1999	3.0791
823	დქ	8	1.1999	3.0791
823	თƒ	8	1.1999	3.0791
823	კჭ	8	1.1999	3.0791
823	ლ'	8	1.1999	3.0791
823	ოa	8	1.1999	3.0791
823	ოჭ	8	1.1999	3.0791
823	ტნ	8	1.1999	3.0791
823	უუ	8	1.1999	3.0791
823	უჯ	8	1.1999	3.0791
823	ქდ	8	1.1999	3.0791
823	შს	8	1.1999	3.0791
823	ცგ	8	1.1999	3.0791
823	წთ	8	1.1999	3.0791
823	ჰè	8	1.1999	3.0791
824	'მ	7	1.0499	3.0211
824	'პ	7	1.0499	3.0211
824	-œ	7	1.0499	3.0211
824	-შ	7	1.0499	3.0211
824	aw	7	1.0499	3.0211
824	bz	7	1.0499	3.0211
824	eg	7	1.0499	3.0211
824	ex	7	1.0499	3.0211
824	ff	7	1.0499	3.0211
824	hd	7	1.0499	3.0211
824	hr	7	1.0499	3.0211
824	hu	7	1.0499	3.0211
824	iფ	7	1.0499	3.0211
824	lt	7	1.0499	3.0211
824	mp	7	1.0499	3.0211
824	mთ	7	1.0499	3.0211
824	nl	7	1.0499	3.0211
824	og	7	1.0499	3.0211
824	oz	7	1.0499	3.0211
824	oე	7	1.0499	3.0211
824	oკ	7	1.0499	3.0211
824	oლ	7	1.0499	3.0211
824	oო	7	1.0499	3.0211
824	rk	7	1.0499	3.0211
824	s-	7	1.0499	3.0211
824	za	7	1.0499	3.0211
824	çჭ	7	1.0499	3.0211
824	ëî	7	1.0499	3.0211
824	ñ$	7	1.0499	3.0211
824	öჭ	7	1.0499	3.0211
824	ùჵ	7	1.0499	3.0211
824	ბp	7	1.0499	3.0211
824	ბქ	7	1.0499	3.0211
824	დწ	7	1.0499	3.0211
824	დხ	7	1.0499	3.0211
824	ვჩ	7	1.0499	3.0211
824	იჰ	7	1.0499	3.0211
824	კa	7	1.0499	3.0211
824	ოð	7	1.0499	3.0211
824	პœ	7	1.0499	3.0211
824	პღ	7	1.0499	3.0211
824	ტ-	7	1.0499	3.0211
824	უო	7	1.0499	3.0211
824	ფ-	7	1.0499	3.0211
824	ღგ	7	1.0499	3.0211
824	ყწ	7	1.0499	3.0211
824	ჩდ	7	1.0499	3.0211
824	ჭò	7	1.0499	3.0211
824	ჭუ	7	1.0499	3.0211
824	ხò	7	1.0499	3.0211
825	'v	6	0.9	2.9542
825	^ë	6	0.9	2.9542
825	a-	6	0.9	2.9542
825	aი	6	0.9	2.9542
825	bკ	6	0.9	2.9542
825	cu	6	0.9	2.9542
825	e'	6	0.9	2.9542
825	ef	6	0.9	2.9542
825	eგ	6	0.9	2.9542
825	fk	6	0.9	2.9542
825	fl	6	0.9	2.9542
825	hh	6	0.9	2.9542
825	iჟ	6	0.9	2.9542
825	ju	6	0.9	2.9542
825	lf	6	0.9	2.9542
825	mu	6	0.9	2.9542
825	oe	6	0.9	2.9542
825	oი	6	0.9	2.9542
825	ph	6	0.9	2.9542
825	rm	6	0.9	2.9542
825	sw	6	0.9	2.9542
825	ty	6	0.9	2.9542
825	tგ	6	0.9	2.9542
825	tს	6	0.9	2.9542
825	ug	6	0.9	2.9542
825	up	6	0.9	2.9542
825	vd	6	0.9	2.9542
825	vo	6	0.9	2.9542
825	zo	6	0.9	2.9542
825	ç$	6	0.9	2.9542
825	èö	6	0.9	2.9542
825	êè	6	0.9	2.9542
825	êბ	6	0.9	2.9542
825	ë$	6	0.9	2.9542
825	ìñ	6	0.9	2.9542
825	íñ	6	0.9	2.9542
825	îù	6	0.9	2.9542
825	ïë	6	0.9	2.9542
825	ñó	6	0.9	2.9542
825	ò$	6	0.9	2.9542
825	õჭ	6	0.9	2.9542
825	œ-	6	0.9	2.9542
825	šე	6	0.9	2.9542
825	šჟ	6	0.9	2.9542
825	ბë	6	0.9	2.9542
825	ზჩ	6	0.9	2.9542
825	კზ	6	0.9	2.9542
825	ლe	6	0.9	2.9542
825	მè	6	0.9	2.9542
825	ნe	6	0.9	2.9542
825	ჟð	6	0.9	2.9542
825	რჴ	6	0.9	2.9542
825	ტქ	6	0.9	2.9542
825	ქშ	6	0.9	2.9542
825	შთ	6	0.9	2.9542
825	ჩგ	6	0.9	2.9542
825	ჭë	6	0.9	2.9542
825	ჭï	6	0.9	2.9542
825	ჭმ	6	0.9	2.9542
825	ხბ	6	0.9	2.9542
825	ხყ	6	0.9	2.9542
825	ჯგ	6	0.9	2.9542
825	ჱღ	6	0.9	2.9542
825	ჴბ	6	0.9	2.9542
825	ჵñ	6	0.9	2.9542
826	'r	5	0.75	2.8751
826	'ბ	5	0.75	2.8751
826	-m	5	0.75	2.8751
826	bლ	5	0.75	2.8751
826	bყ	5	0.75	2.8751
826	cn	5	0.75	2.8751
826	cw	5	0.75	2.8751
826	ds	5	0.75	2.8751
826	eu	5	0.75	2.8751
826	gu	5	0.75	2.8751
826	hl	5	0.75	2.8751
826	hშ	5	0.75	2.8751
826	iკ	5	0.75	2.8751
826	iპ	5	0.75	2.8751
826	j$	5	0.75	2.8751
826	lc	5	0.75	2.8751
826	lg	5	0.75	2.8751
826	lk	5	0.75	2.8751
826	mb	5	0.75	2.8751
826	mჲ	5	0.75	2.8751
826	oa	5	0.75	2.8751
826	q$	5	0.75	2.8751
826	sy	5	0.75	2.8751
826	tვ	5	0.75	2.8751
826	ui	5	0.75	2.8751
826	va	5	0.75	2.8751
826	ya	5	0.75	2.8751
826	èõ	5	0.75	2.8751
826	íჵ	5	0.75	2.8751
826	îð	5	0.75	2.8751
826	úì	5	0.75	2.8751
826	šჲ	5	0.75	2.8751
826	დ'	5	0.75	2.8751
826	დზ	5	0.75	2.8751
826	ე'	5	0.75	2.8751
826	ზჟ	5	0.75	2.8751
826	თt	5	0.75	2.8751
826	თც	5	0.75	2.8751
826	ლœ	5	0.75	2.8751
826	ოe	5	0.75	2.8751
826	ოღ	5	0.75	2.8751
826	პ'	5	0.75	2.8751
826	ჟt	5	0.75	2.8751
826	ჟჱ	5	0.75	2.8751
826	რ'	5	0.75	2.8751
826	რo	5	0.75	2.8751
826	უჟ	5	0.75	2.8751
826	უჳ	5	0.75	2.8751
826	ღბ	5	0.75	2.8751
826	ც-	5	0.75	2.8751
826	ჭç	5	0.75	2.8751
826	ჭé	5	0.75	2.8751
826	ჭê	5	0.75	2.8751
826	ჭდ	5	0.75	2.8751
826	ხზ	5	0.75	2.8751
826	ჰი	5	0.75	2.8751
826	ჰჵ	5	0.75	2.8751
826	ჱa	5	0.75	2.8751
826	ჱტ	5	0.75	2.8751
826	ჳჱ	5	0.75	2.8751
826	ჵჵ	5	0.75	2.8751
827	'l	4	0.6	2.7782
827	'ჳ	4	0.6	2.7782
827	-ი	4	0.6	2.7782
827	-ც	4	0.6	2.7782
827	aრ	4	0.6	2.7782
827	bc	4	0.6	2.7782
827	cd	4	0.6	2.7782
827	d'	4	0.6	2.7782
827	d-	4	0.6	2.7782
827	ei	4	0.6	2.7782
827	ek	4	0.6	2.7782
827	eი	4	0.6	2.7782
827	fc	4	0.6	2.7782
827	gn	4	0.6	2.7782
827	hf	4	0.6	2.7782
827	hn	4	0.6	2.7782
827	i-	4	0.6	2.7782
827	iz	4	0.6	2.7782
827	iა	4	0.6	2.7782
827	kl	4	0.6	2.7782
827	kn	4	0.6	2.7782
827	kv	4	0.6	2.7782
827	mg	4	0.6	2.7782
827	pu	4	0.6	2.7782
827	pთ	4	0.6	2.7782
827	qu	4	0.6	2.7782
827	r'	4	0.6	2.7782
827	sn	4	0.6	2.7782
827	tn	4	0.6	2.7782
827	tp	4	0.6	2.7782
827	tw	4	0.6	2.7782
827	tz	4	0.6	2.7782
827	u'	4	0.6	2.7782
827	ua	4	0.6	2.7782
827	uk	4	0.6	2.7782
827	uv	4	0.6	2.7782
827	x-	4	0.6	2.7782
827	xo	4	0.6	2.7782
827	xთ	4	0.6	2.7782
827	yr	4	0.6	2.7782
827	èù	4	0.6	2.7782
827	èÿ	4	0.6	2.7782
827	êî	4	0.6	2.7782
827	íí	4	0.6	2.7782
827	îñ	4	0.6	2.7782
827	îხ	4	0.6	2.7782
827	ðí	4	0.6	2.7782
827	òí	4	0.6	2.7782
827	òú	4	0.6	2.7782
827	òჴ	4	0.6	2.7782
827	öè	4	0.6	2.7782
827	šუ	4	0.6	2.7782
827	აh	4	0.6	2.7782
827	ბჯ	4	0.6	2.7782
827	ეš	4	0.6	2.7782
827	ვჰ	4	0.6	2.7782
827	ზe	4	0.6	2.7782
827	ზზ	4	0.6	2.7782
827	კწ	4	0.6	2.7782
827	ლa	4	0.6	2.7782
827	მo	4	0.6	2.7782
827	ნa	4	0.6	2.7782
827	ჟo	4	0.6	2.7782
827	ჟზ	4	0.6	2.7782
827	ჟღ	4	0.6	2.7782
827	რჭ	4	0.6	2.7782
827	ტც	4	0.6	2.7782
827	ფe	4	0.6	2.7782
827	ფხ	4	0.6	2.7782
827	ქძ	4	0.6	2.7782
827	ღe	4	0.6	2.7782
827	ღდ	4	0.6	2.7782
827	ღყ	4	0.6	2.7782
827	ჩტ	4	0.6	2.7782
827	ცც	4	0.6	2.7782
827	ძ-	4	0.6	2.7782
827	ძწ	4	0.6	2.7782
827	ჭõ	4	0.6	2.7782
827	ჭს	4	0.6	2.7782
827	ხჭ	4	0.6	2.7782
827	ჯî	4	0.6	2.7782
827	ჰკ	4	0.6	2.7782
827	ჲè	4	0.6	2.7782
827	ჳv	4	0.6	2.7782
827	ჳე	4	0.6	2.7782
827	ჳჟ	4	0.6	2.7782
827	ჳც	4	0.6	2.7782
827	ჵë	4	0.6	2.7782
827	ჵჯ	4	0.6	2.7782
828	'ვ	3	0.45	2.6532
828	'ზ	3	0.45	2.6532
828	-e	3	0.45	2.6532
828	-f	3	0.45	2.6532
828	^q	3	0.45	2.6532
828	^ê	3	0.45	2.6532
828	^ù	3	0.45	2.6532
828	^ჵ	3	0.45	2.6532
828	ae	3	0.45	2.6532
828	aj	3	0.45	2.6532
828	az	3	0.45	2.6532
828	aბ	3	0.45	2.6532
828	aგ	3	0.45	2.6532
828	aდ	3	0.45	2.6532
828	aე	3	0.45	2.6532
828	bე	3	0.45	2.6532
828	bწ	3	0.45	2.6532
828	cრ	3	0.45	2.6532
828	cშ	3	0.45	2.6532
828	cჩ	3	0.45	2.6532
828	dl	3	0.45	2.6532
828	dm	3	0.45	2.6532
828	dn	3	0.45	2.6532
828	ej	3	0.45	2.6532
828	eდ	3	0.45	2.6532
828	eკ	3	0.45	2.6532
828	eჟ	3	0.45	2.6532
828	eღ	3	0.45	2.6532
828	fb	3	0.45	2.6532
828	fn	3	0.45	2.6532
828	gl	3	0.45	2.6532
828	gy	3	0.45	2.6532
828	hb	3	0.45	2.6532
828	hs	3	0.45	2.6532
828	ix	3	0.45	2.6532
828	iო	3	0.45	2.6532
828	iჱ	3	0.45	2.6532
828	je	3	0.45	2.6532
828	kb	3	0.45	2.6532
828	km	3	0.45	2.6532
828	kა	3	0.45	2.6532
828	n-	3	0.45	2.6532
828	nb	3	0.45	2.6532
828	nr	3	0.45	2.6532
828	oმ	3	0.45	2.6532
828	oნ	3	0.45	2.6532
828	pd	3	0.45	2.6532
828	r-	3	0.45	2.6532
828	rb	3	0.45	2.6532
828	rp	3	0.45	2.6532
828	sb	3	0.45	2.6532
828	sq	3	0.45	2.6532
828	tf	3	0.45	2.6532
828	tm	3	0.45	2.6532
828	wl	3	0.45	2.6532
828	xi	3	0.45	2.6532
828	ze	3	0.45	2.6532
828	èç	3	0.45	2.6532
828	èî	3	0.45	2.6532
828	èჭ	3	0.45	2.6532
828	ê$	3	0.45	2.6532
828	êö	3	0.45	2.6532
828	ëÿ	3	0.45	2.6532
828	ì$	3	0.45	2.6532
828	ìí	3	0.45	2.6532
828	íÿ	3	0.45	2.6532
828	îჵ	3	0.45	2.6532
828	ïî	3	0.45	2.6532
828	ñè	3	0.45	2.6532
828	òÿ	3	0.45	2.6532
828	óõ	3	0.45	2.6532
828	øè	3	0.45	2.6532
828	úë	3	0.45	2.6532
828	œჟ	3	0.45	2.6532
828	šó	3	0.45	2.6532
828	აp	3	0.45	2.6532
828	აt	3	0.45	2.6532
828	აê	3	0.45	2.6532
828	ეe	3	0.45	2.6532
828	ეo	3	0.45	2.6532
828	ეó	3	0.45	2.6532
828	ვჯ	3	0.45	2.6532
828	თc	3	0.45	2.6532
828	თp	3	0.45	2.6532
828	კœ	3	0.45	2.6532
828	კც	3	0.45	2.6532
828	ნî	3	0.45	2.6532
828	ჟ'	3	0.45	2.6532
828	რš	3	0.45	2.6532
828	ფa	3	0.45	2.6532
828	ფჟ	3	0.45	2.6532
828	ფშ	3	0.45	2.6532
828	ქჟ	3	0.45	2.6532
828	ქჱ	3	0.45	2.6532
828	ყყ	3	0.45	2.6532
828	შ-	3	0.45	2.6532
828	შშ	3	0.45	2.6532
828	ჩ-	3	0.45	2.6532
828	ცზ	3	0.45	2.6532
828	ცტ	3	0.45	2.6532
828	ცშ	3	0.45	2.6532
828	ცჳ	3	0.45	2.6532
828	ძყ	3	0.45	2.6532
828	ჭñ	3	0.45	2.6532
828	ჭთ	3	0.45	2.6532
828	ჭყ	3	0.45	2.6532
828	ჭჰ	3	0.45	2.6532
828	ხë	3	0.45	2.6532
828	ხð	3	0.45	2.6532
828	ხთ	3	0.45	2.6532
828	ჯ$	3	0.45	2.6532
828	ჯრ	3	0.45	2.6532
828	ჰó	3	0.45	2.6532
828	ჰჭ	3	0.45	2.6532
828	ჲყ	3	0.45	2.6532
828	ჴí	3	0.45	2.6532
828	ჴú	3	0.45	2.6532
828	ჵç	3	0.45	2.6532
828	ჵõ	3	0.45	2.6532
829	'უ	2	0.3	2.4771
829	'ფ	2	0.3	2.4771
829	'ქ	2	0.3	2.4771
829	-b	2	0.3	2.4771
829	-r	2	0.3	2.4771
829	-s	2	0.3	2.4771
829	-ძ	2	0.3	2.4771
829	^ö	2	0.3	2.4771
829	^ÿ	2	0.3	2.4771
829	aზ	2	0.3	2.4771
829	aთ	2	0.3	2.4771
829	aჳ	2	0.3	2.4771
829	bვ	2	0.3	2.4771
829	bნ	2	0.3	2.4771
829	bო	2	0.3	2.4771
829	bჩ	2	0.3	2.4771
829	bჱ	2	0.3	2.4771
829	cm	2	0.3	2.4771
829	cp	2	0.3	2.4771
829	cლ	2	0.3	2.4771
829	cო	2	0.3	2.4771
829	db	2	0.3	2.4771
829	dg	2	0.3	2.4771
829	ez	2	0.3	2.4771
829	eზ	2	0.3	2.4771
829	eნ	2	0.3	2.4771
829	eრ	2	0.3	2.4771
829	eქ	2	0.3	2.4771
829	f-	2	0.3	2.4771
829	gg	2	0.3	2.4771
829	gი	2	0.3	2.4771
829	h'	2	0.3	2.4771
829	hc	2	0.3	2.4771
829	hფ	2	0.3	2.4771
829	hჩ	2	0.3	2.4771
829	iდ	2	0.3	2.4771
829	iე	2	0.3	2.4771
829	iთ	2	0.3	2.4771
829	jჲ	2	0.3	2.4771
829	kk	2	0.3	2.4771
829	ks	2	0.3	2.4771
829	kშ	2	0.3	2.4771
829	kჲ	2	0.3	2.4771
829	l'	2	0.3	2.4771
829	l-	2	0.3	2.4771
829	lj	2	0.3	2.4771
829	ln	2	0.3	2.4771
829	lw	2	0.3	2.4771
829	mk	2	0.3	2.4771
829	ml	2	0.3	2.4771
829	nf	2	0.3	2.4771
829	nu	2	0.3	2.4771
829	nz	2	0.3	2.4771
829	oj	2	0.3	2.4771
829	ox	2	0.3	2.4771
829	oვ	2	0.3	2.4771
829	oს	2	0.3	2.4771
829	oფ	2	0.3	2.4771
829	oჳ	2	0.3	2.4771
829	p-	2	0.3	2.4771
829	pc	2	0.3	2.4771
829	pt	2	0.3	2.4771
829	pჵ	2	0.3	2.4771
829	rv	2	0.3	2.4771
829	sე	2	0.3	2.4771
829	td	2	0.3	2.4771
829	tყ	2	0.3	2.4771
829	tშ	2	0.3	2.4771
829	uf	2	0.3	2.4771
829	uh	2	0.3	2.4771
829	vc	2	0.3	2.4771
829	vr	2	0.3	2.4771
829	vx	2	0.3	2.4771
829	w-	2	0.3	2.4771
829	wc	2	0.3	2.4771
829	wd	2	0.3	2.4771
829	wf	2	0.3	2.4771
829	ws	2	0.3	2.4771
829	wt	2	0.3	2.4771
829	xp	2	0.3	2.4771
829	xr	2	0.3	2.4771
829	yi	2	0.3	2.4771
829	yu	2	0.3	2.4771
829	zl	2	0.3	2.4771
829	zy	2	0.3	2.4771
829	æ$	2	0.3	2.4771
829	çè	2	0.3	2.4771
829	çì	2	0.3	2.4771
829	çí	2	0.3	2.4771
829	èé	2	0.3	2.4771
829	èë	2	0.3	2.4771
829	é-	2	0.3	2.4771
829	éê	2	0.3	2.4771
829	ëí	2	0.3	2.4771
829	ìú	2	0.3	2.4771
829	ìჭ	2	0.3	2.4771
829	ìხ	2	0.3	2.4771
829	íჯ	2	0.3	2.4771
829	íჰ	2	0.3	2.4771
829	î-	2	0.3	2.4771
829	îç	2	0.3	2.4771
829	îé	2	0.3	2.4771
829	îë	2	0.3	2.4771
829	îí	2	0.3	2.4771
829	ïჵ	2	0.3	2.4771
829	ðë	2	0.3	2.4771
829	ðð	2	0.3	2.4771
829	ðò	2	0.3	2.4771
829	ðó	2	0.3	2.4771
829	ðú	2	0.3	2.4771
829	ñï	2	0.3	2.4771
829	ñú	2	0.3	2.4771
829	òë	2	0.3	2.4771
829	òვ	2	0.3	2.4771
829	ó$	2	0.3	2.4771
829	óì	2	0.3	2.4771
829	õî	2	0.3	2.4771
829	öÿ	2	0.3	2.4771
829	ø$	2	0.3	2.4771
829	ù$	2	0.3	2.4771
829	ùè	2	0.3	2.4771
829	ùò	2	0.3	2.4771
829	úð	2	0.3	2.4771
829	úჰ	2	0.3	2.4771
829	úჵ	2	0.3	2.4771
829	ü$	2	0.3	2.4771
829	ÿë	2	0.3	2.4771
829	ÿõ	2	0.3	2.4771
829	აn	2	0.3	2.4771
829	აr	2	0.3	2.4771
829	ბa	2	0.3	2.4771
829	ბe	2	0.3	2.4771
829	გa	2	0.3	2.4771
829	გe	2	0.3	2.4771
829	დœ	2	0.3	2.4771
829	დჵ	2	0.3	2.4771
829	ეh	2	0.3	2.4771
829	ეæ	2	0.3	2.4771
829	ზ'	2	0.3	2.4771
829	ზ-	2	0.3	2.4771
829	თb	2	0.3	2.4771
829	თo	2	0.3	2.4771
829	კp	2	0.3	2.4771
829	ლh	2	0.3	2.4771
829	ლo	2	0.3	2.4771
829	ლღ	2	0.3	2.4771
829	მ'	2	0.3	2.4771
829	მi	2	0.3	2.4771
829	მë	2	0.3	2.4771
829	ნo	2	0.3	2.4771
829	ოë	2	0.3	2.4771
829	პa	2	0.3	2.4771
829	პo	2	0.3	2.4771
829	ჟc	2	0.3	2.4771
829	ჟჭ	2	0.3	2.4771
829	რa	2	0.3	2.4771
829	რe	2	0.3	2.4771
829	რჵ	2	0.3	2.4771
829	სc	2	0.3	2.4771
829	ტგ	2	0.3	2.4771
829	ტხ	2	0.3	2.4771
829	უჰ	2	0.3	2.4771
829	ფბ	2	0.3	2.4771
829	ფზ	2	0.3	2.4771
829	ფფ	2	0.3	2.4771
829	ფწ	2	0.3	2.4771
829	ღ-	2	0.3	2.4771
829	ღტ	2	0.3	2.4771
829	შe	2	0.3	2.4771
829	შx	2	0.3	2.4771
829	შღ	2	0.3	2.4771
829	ჩh	2	0.3	2.4771
829	ჩl	2	0.3	2.4771
829	ჩm	2	0.3	2.4771
829	ცჱ	2	0.3	2.4771
829	წს	2	0.3	2.4771
829	ჭÿ	2	0.3	2.4771
829	ჭლ	2	0.3	2.4771
829	ჭშ	2	0.3	2.4771
829	ჭხ	2	0.3	2.4771
829	ჭჯ	2	0.3	2.4771
829	ხè	2	0.3	2.4771
829	ხî	2	0.3	2.4771
829	ხხ	2	0.3	2.4771
829	ჯ-	2	0.3	2.4771
829	ჯð	2	0.3	2.4771
829	ჯó	2	0.3	2.4771
829	ჯჭ	2	0.3	2.4771
829	ჰê	2	0.3	2.4771
829	ჰø	2	0.3	2.4771
829	ჰმ	2	0.3	2.4771
829	ჱh	2	0.3	2.4771
829	ჱo	2	0.3	2.4771
829	ჱœ	2	0.3	2.4771
829	ჲƒ	2	0.3	2.4771
829	ჳl	2	0.3	2.4771
829	ჳბ	2	0.3	2.4771
829	ჳდ	2	0.3	2.4771
829	ჳო	2	0.3	2.4771
829	ჳღ	2	0.3	2.4771
829	ჴჭ	2	0.3	2.4771
829	ჵg	2	0.3	2.4771
829	ჵé	2	0.3	2.4771
829	ჵî	2	0.3	2.4771
829	ჵჰ	2	0.3	2.4771
830	''	1	0.15	2.1761
830	'a	1	0.15	2.1761
830	'd	1	0.15	2.1761
830	'u	1	0.15	2.1761
830	'œ	1	0.15	2.1761
830	'š	1	0.15	2.1761
830	'დ	1	0.15	2.1761
830	'ყ	1	0.15	2.1761
830	-c	1	0.15	2.1761
830	-h	1	0.15	2.1761
830	-p	1	0.15	2.1761
830	-w	1	0.15	2.1761
830	-y	1	0.15	2.1761
830	-z	1	0.15	2.1761
830	-è	1	0.15	2.1761
830	-í	1	0.15	2.1761
830	-ò	1	0.15	2.1761
830	-ö	1	0.15	2.1761
830	-ჰ	1	0.15	2.1761
830	-ჴ	1	0.15	2.1761
830	^ó	1	0.15	2.1761
830	aq	1	0.15	2.1761
830	aí	1	0.15	2.1761
830	aო	1	0.15	2.1761
830	aპ	1	0.15	2.1761
830	aს	1	0.15	2.1761
830	bf	1	0.15	2.1761
830	bh	1	0.15	2.1761
830	bm	1	0.15	2.1761
830	bq	1	0.15	2.1761
830	bv	1	0.15	2.1761
830	bî	1	0.15	2.1761
830	bა	1	0.15	2.1761
830	bრ	1	0.15	2.1761
830	bშ	1	0.15	2.1761
830	cb	1	0.15	2.1761
830	cx	1	0.15	2.1761
830	cy	1	0.15	2.1761
830	cა	1	0.15	2.1761
830	cგ	1	0.15	2.1761
830	cვ	1	0.15	2.1761
830	cთ	1	0.15	2.1761
830	cნ	1	0.15	2.1761
830	cჟ	1	0.15	2.1761
830	cტ	1	0.15	2.1761
830	cუ	1	0.15	2.1761
830	cწ	1	0.15	2.1761
830	dc	1	0.15	2.1761
830	df	1	0.15	2.1761
830	dj	1	0.15	2.1761
830	eì	1	0.15	2.1761
830	eბ	1	0.15	2.1761
830	eპ	1	0.15	2.1761
830	eუ	1	0.15	2.1761
830	eწ	1	0.15	2.1761
830	eჱ	1	0.15	2.1761
830	eჲ	1	0.15	2.1761
830	eჳ	1	0.15	2.1761
830	fო	1	0.15	2.1761
830	gd	1	0.15	2.1761
830	gm	1	0.15	2.1761
830	gt	1	0.15	2.1761
830	gა	1	0.15	2.1761
830	hm	1	0.15	2.1761
830	hp	1	0.15	2.1761
830	hy	1	0.15	2.1761
830	hი	1	0.15	2.1761
830	hტ	1	0.15	2.1761
830	hუ	1	0.15	2.1761
830	hძ	1	0.15	2.1761
830	hჵ	1	0.15	2.1761
830	ij	1	0.15	2.1761
830	iq	1	0.15	2.1761
830	iს	1	0.15	2.1761
830	iტ	1	0.15	2.1761
830	iღ	1	0.15	2.1761
830	iჭ	1	0.15	2.1761
830	iჲ	1	0.15	2.1761
830	ji	1	0.15	2.1761
830	jk	1	0.15	2.1761
830	jს	1	0.15	2.1761
830	k'	1	0.15	2.1761
830	k-	1	0.15	2.1761
830	kf	1	0.15	2.1761
830	kr	1	0.15	2.1761
830	ku	1	0.15	2.1761
830	ky	1	0.15	2.1761
830	kz	1	0.15	2.1761
830	kვ	1	0.15	2.1761
830	kთ	1	0.15	2.1761
830	kნ	1	0.15	2.1761
830	lp	1	0.15	2.1761
830	lv	1	0.15	2.1761
830	lა	1	0.15	2.1761
830	lი	1	0.15	2.1761
830	lო	1	0.15	2.1761
830	mn	1	0.15	2.1761
830	mw	1	0.15	2.1761
830	mz	1	0.15	2.1761
830	mბ	1	0.15	2.1761
830	mმ	1	0.15	2.1761
830	mს	1	0.15	2.1761
830	mძ	1	0.15	2.1761
830	nj	1	0.15	2.1761
830	nm	1	0.15	2.1761
830	np	1	0.15	2.1761
830	nq	1	0.15	2.1761
830	nა	1	0.15	2.1761
830	nჲ	1	0.15	2.1761
830	o'	1	0.15	2.1761
830	o-	1	0.15	2.1761
830	oi	1	0.15	2.1761
830	oê	1	0.15	2.1761
830	oë	1	0.15	2.1761
830	oð	1	0.15	2.1761
830	oტ	1	0.15	2.1761
830	oღ	1	0.15	2.1761
830	oჱ	1	0.15	2.1761
830	pj	1	0.15	2.1761
830	pn	1	0.15	2.1761
830	pè	1	0.15	2.1761
830	pდ	1	0.15	2.1761
830	pლ	1	0.15	2.1761
830	pმ	1	0.15	2.1761
830	pს	1	0.15	2.1761
830	pშ	1	0.15	2.1761
830	pჩ	1	0.15	2.1761
830	pძ	1	0.15	2.1761
830	pწ	1	0.15	2.1761
830	q-	1	0.15	2.1761
830	rf	1	0.15	2.1761
830	rw	1	0.15	2.1761
830	rმ	1	0.15	2.1761
830	rნ	1	0.15	2.1761
830	rჲ	1	0.15	2.1761
830	s'	1	0.15	2.1761
830	sd	1	0.15	2.1761
830	sv	1	0.15	2.1761
830	sი	1	0.15	2.1761
830	sმ	1	0.15	2.1761
830	sჵ	1	0.15	2.1761
830	tx	1	0.15	2.1761
830	tდ	1	0.15	2.1761
830	tი	1	0.15	2.1761
830	tკ	1	0.15	2.1761
830	tჩ	1	0.15	2.1761
830	uu	1	0.15	2.1761
830	uy	1	0.15	2.1761
830	uი	1	0.15	2.1761
830	uპ	1	0.15	2.1761
830	uჲ	1	0.15	2.1761
830	uჵ	1	0.15	2.1761
830	v-	1	0.15	2.1761
830	vb	1	0.15	2.1761
830	vt	1	0.15	2.1761
830	vბ	1	0.15	2.1761
830	xe	1	0.15	2.1761
830	xl	1	0.15	2.1761
830	xm	1	0.15	2.1761
830	xt	1	0.15	2.1761
830	xv	1	0.15	2.1761
830	xვ	1	0.15	2.1761
830	y'	1	0.15	2.1761
830	yb	1	0.15	2.1761
830	yc	1	0.15	2.1761
830	ym	1	0.15	2.1761
830	yv	1	0.15	2.1761
830	yw	1	0.15	2.1761
830	yò	1	0.15	2.1761
830	yე	1	0.15	2.1761
830	zh	1	0.15	2.1761
830	zu	1	0.15	2.1761
830	zv	1	0.15	2.1761
830	zz	1	0.15	2.1761
830	æა	1	0.15	2.1761
830	æლ	1	0.15	2.1761
830	æჵ	1	0.15	2.1761
830	çî	1	0.15	2.1761
830	çï	1	0.15	2.1761
830	çჰ	1	0.15	2.1761
830	çჵ	1	0.15	2.1761
830	èc	1	0.15	2.1761
830	èæ	1	0.15	2.1761
830	èê	1	0.15	2.1761
830	èì	1	0.15	2.1761
830	èð	1	0.15	2.1761
830	èô	1	0.15	2.1761
830	èø	1	0.15	2.1761
830	èჯ	1	0.15	2.1761
830	èჵ	1	0.15	2.1761
830	éì	1	0.15	2.1761
830	éò	1	0.15	2.1761
830	êë	1	0.15	2.1761
830	êð	1	0.15	2.1761
830	êჴ	1	0.15	2.1761
830	êჵ	1	0.15	2.1761
830	ëa	1	0.15	2.1761
830	ëê	1	0.15	2.1761
830	ëë	1	0.15	2.1761
830	ëò	1	0.15	2.1761
830	ëó	1	0.15	2.1761
830	ëü	1	0.15	2.1761
830	ëþ	1	0.15	2.1761
830	ëხ	1	0.15	2.1761
830	ìï	1	0.15	2.1761
830	ìÿ	1	0.15	2.1761
830	í-	1	0.15	2.1761
830	íò	1	0.15	2.1761
830	íû	1	0.15	2.1761
830	îæ	1	0.15	2.1761
830	îè	1	0.15	2.1761
830	îì	1	0.15	2.1761
830	îï	1	0.15	2.1761
830	îô	1	0.15	2.1761
830	ï$	1	0.15	2.1761
830	ïê	1	0.15	2.1761
830	ïþ	1	0.15	2.1761
830	ïჭ	1	0.15	2.1761
830	ð$	1	0.15	2.1761
830	ðì	1	0.15	2.1761
830	ðü	1	0.15	2.1761
830	ñë	1	0.15	2.1761
830	ñõ	1	0.15	2.1761
830	ñჰ	1	0.15	2.1761
830	ñჴ	1	0.15	2.1761
830	òï	1	0.15	2.1761
830	òò	1	0.15	2.1761
830	òü	1	0.15	2.1761
830	óê	1	0.15	2.1761
830	óï	1	0.15	2.1761
830	óð	1	0.15	2.1761
830	óñ	1	0.15	2.1761
830	óø	1	0.15	2.1761
830	óჯ	1	0.15	2.1761
830	ôî	1	0.15	2.1761
830	ôð	1	0.15	2.1761
830	õì	1	0.15	2.1761
830	õჴ	1	0.15	2.1761
830	øí	1	0.15	2.1761
830	ùî	1	0.15	2.1761
830	û$	1	0.15	2.1761
830	ûé	1	0.15	2.1761
830	üÿ	1	0.15	2.1761
830	ýí	1	0.15	2.1761
830	þè	1	0.15	2.1761
830	þò	1	0.15	2.1761
830	ÿæ	1	0.15	2.1761
830	ÿé	1	0.15	2.1761
830	ÿê	1	0.15	2.1761
830	ÿì	1	0.15	2.1761
830	ÿა	1	0.15	2.1761
830	ÿვ	1	0.15	2.1761
830	ÿჴ	1	0.15	2.1761
830	œ'	1	0.15	2.1761
830	œფ	1	0.15	2.1761
830	šბ	1	0.15	2.1761
830	šქ	1	0.15	2.1761
830	ƒთ	1	0.15	2.1761
830	აa	1	0.15	2.1761
830	აb	1	0.15	2.1761
830	აl	1	0.15	2.1761
830	აm	1	0.15	2.1761
830	აç	1	0.15	2.1761
830	აé	1	0.15	2.1761
830	ბh	1	0.15	2.1761
830	ბè	1	0.15	2.1761
830	ბჵ	1	0.15	2.1761
830	გo	1	0.15	2.1761
830	გu	1	0.15	2.1761
830	გî	1	0.15	2.1761
830	დe	1	0.15	2.1761
830	დë	1	0.15	2.1761
830	დî	1	0.15	2.1761
830	დჰ	1	0.15	2.1761
830	ეí	1	0.15	2.1761
830	ეჰ	1	0.15	2.1761
830	ვa	1	0.15	2.1761
830	ვc	1	0.15	2.1761
830	ვd	1	0.15	2.1761
830	ვi	1	0.15	2.1761
830	ვr	1	0.15	2.1761
830	ვy	1	0.15	2.1761
830	ზტ	1	0.15	2.1761
830	ზქ	1	0.15	2.1761
830	ზწ	1	0.15	2.1761
830	ზჱ	1	0.15	2.1761
830	თe	1	0.15	2.1761
830	თh	1	0.15	2.1761
830	თi	1	0.15	2.1761
830	თm	1	0.15	2.1761
830	თn	1	0.15	2.1761
830	თჯ	1	0.15	2.1761
830	ი'	1	0.15	2.1761
830	იc	1	0.15	2.1761
830	იt	1	0.15	2.1761
830	იx	1	0.15	2.1761
830	კc	1	0.15	2.1761
830	კî	1	0.15	2.1761
830	კღ	1	0.15	2.1761
830	კჵ	1	0.15	2.1761
830	ლî	1	0.15	2.1761
830	ლჭ	1	0.15	2.1761
830	ლჵ	1	0.15	2.1761
830	მa	1	0.15	2.1761
830	მî	1	0.15	2.1761
830	ნ'	1	0.15	2.1761
830	ნr	1	0.15	2.1761
830	ნჵ	1	0.15	2.1761
830	ო'	1	0.15	2.1761
830	ოp	1	0.15	2.1761
830	ოý	1	0.15	2.1761
830	პi	1	0.15	2.1761
830	პr	1	0.15	2.1761
830	პî	1	0.15	2.1761
830	პƒ	1	0.15	2.1761
830	პჭ	1	0.15	2.1761
830	პჵ	1	0.15	2.1761
830	ჟs	1	0.15	2.1761
830	ჟê	1	0.15	2.1761
830	ჟò	1	0.15	2.1761
830	ჟó	1	0.15	2.1761
830	ჟœ	1	0.15	2.1761
830	ჟჴ	1	0.15	2.1761
830	ჟჵ	1	0.15	2.1761
830	რc	1	0.15	2.1761
830	რv	1	0.15	2.1761
830	სb	1	0.15	2.1761
830	სk	1	0.15	2.1761
830	სl	1	0.15	2.1761
830	სo	1	0.15	2.1761
830	სx	1	0.15	2.1761
830	სჩ	1	0.15	2.1761
830	სჰ	1	0.15	2.1761
830	ტa	1	0.15	2.1761
830	ტe	1	0.15	2.1761
830	ტo	1	0.15	2.1761
830	უe	1	0.15	2.1761
830	უœ	1	0.15	2.1761
830	ფò	1	0.15	2.1761
830	ფœ	1	0.15	2.1761
830	ფდ	1	0.15	2.1761
830	ფძ	1	0.15	2.1761
830	ფჵ	1	0.15	2.1761
830	ქზ	1	0.15	2.1761
830	ქღ	1	0.15	2.1761
830	ქწ	1	0.15	2.1761
830	ქჳ	1	0.15	2.1761
830	ღჟ	1	0.15	2.1761
830	ღფ	1	0.15	2.1761
830	ღჭ	1	0.15	2.1761
830	შt	1	0.15	2.1761
830	შწ	1	0.15	2.1761
830	ჩღ	1	0.15	2.1761
830	ჩჳ	1	0.15	2.1761
830	ცჟ	1	0.15	2.1761
830	ცქ	1	0.15	2.1761
830	ძც	1	0.15	2.1761
830	ძჲ	1	0.15	2.1761
830	წ'	1	0.15	2.1761
830	წt	1	0.15	2.1761
830	წx	1	0.15	2.1761
830	წñ	1	0.15	2.1761
830	ჭb	1	0.15	2.1761
830	ჭn	1	0.15	2.1761
830	ჭø	1	0.15	2.1761
830	ჭù	1	0.15	2.1761
830	ჭქ	1	0.15	2.1761
830	ჭჵ	1	0.15	2.1761
830	ხp	1	0.15	2.1761
830	ხკ	1	0.15	2.1761
830	ხქ	1	0.15	2.1761
830	ჯè	1	0.15	2.1761
830	ჯò	1	0.15	2.1761
830	ჯზ	1	0.15	2.1761
830	ჯშ	1	0.15	2.1761
830	ჯჵ	1	0.15	2.1761
830	ჰç	1	0.15	2.1761
830	ჰë	1	0.15	2.1761
830	ჰî	1	0.15	2.1761
830	ჰú	1	0.15	2.1761
830	ჰû	1	0.15	2.1761
830	ჰფ	1	0.15	2.1761
830	ჱp	1	0.15	2.1761
830	ჱც	1	0.15	2.1761
830	ჲa	1	0.15	2.1761
830	ჲj	1	0.15	2.1761
830	ჲn	1	0.15	2.1761
830	ჲu	1	0.15	2.1761
830	ჲê	1	0.15	2.1761
830	ჲí	1	0.15	2.1761
830	ჲõ	1	0.15	2.1761
830	ჳm	1	0.15	2.1761
830	ჳy	1	0.15	2.1761
830	ჳð	1	0.15	2.1761
830	ჳი	1	0.15	2.1761
830	ჳწ	1	0.15	2.1761
830	ჳჭ	1	0.15	2.1761
830	ჳჵ	1	0.15	2.1761
830	ჴy	1	0.15	2.1761
830	ჴð	1	0.15	2.1761
830	ჴò	1	0.15	2.1761
830	ჴó	1	0.15	2.1761
830	ჴჯ	1	0.15	2.1761
830	ჵl	1	0.15	2.1761
830	ჵv	1	0.15	2.1761
830	ჵê	1	0.15	2.1761
830	ჵö	1	0.15	2.1761
830	ჵø	1	0.15	2.1761
