Rank	Bigram	Frequency	Frequency per million	Zipf value
1	r$	1540257	29810.5976	7.4744
2	đ$	1137344	22012.4982	7.3427
3	a$	1085545	21009.9647	7.3224
4	^e	982295	19011.6331	7.279
5	^h	964055	18658.6107	7.2709
6	^ū	922139	17847.3558	7.2516
7	i$	826581	15997.8975	7.2041
8	er	821211	15893.9649	7.2012
9	^s	814134	15756.9945	7.1975
10	ađ	777939	15056.4656	7.1777
11	g$	754472	14602.2782	7.1644
12	n$	739201	14306.7187	7.1555
13	^a	671084	12988.3618	7.1136
14	^v	634811	12286.3232	7.0894
15	in	625109	12098.5478	7.0827
16	ar	591676	11451.4754	7.0589
17	t$	589977	11418.5925	7.0576
18	nn	565538	10945.5927	7.0392
19	u$	540712	10465.1028	7.0197
20	an	524092	10143.4343	7.0062
21	^m	515433	9975.8454	6.9989
22	ur	474854	9190.4673	6.9633
23	m$	466148	9021.9687	6.9553
24	^f	463841	8977.3183	6.9531
25	ei	443075	8575.4069	6.9333
26	st	424328	8212.5718	6.9145
27	iđ	398575	7714.1405	6.8873
28	ta	379327	7341.6089	6.8658
29	^é	374944	7256.779	6.8607
30	ir	374793	7253.8565	6.8606
31	ég	373693	7232.5668	6.8593
32	kk	368462	7131.3245	6.8532
33	tt	366562	7094.5513	6.8509
34	um	360240	6972.1934	6.8434
35	ki	350625	6786.1018	6.8316
36	na	346659	6709.3426	6.8267
37	ve	336896	6520.3866	6.8143
38	vi	322581	6243.3298	6.7954
39	á$	314240	6081.8956	6.784
40	^g	310458	6008.6976	6.7788
41	ra	303938	5882.5075	6.7696
42	ti	294116	5692.4096	6.7553
43	ri	291953	5650.5462	6.7521
44	^b	280930	5437.2038	6.7354
45	^l	279268	5405.0369	6.7328
46	tu	277775	5376.141	6.7305
47	ek	265180	5132.3735	6.7103
48	í$	258770	5008.3125	6.6997
49	ūa	256839	4970.9393	6.6964
50	va	251987	4877.0323	6.6882
51	đu	248849	4816.2985	6.6827
52	^t	246070	4762.5129	6.6778
53	en	245368	4748.9261	6.6766
54	^o	243296	4708.824	6.6729
55	^k	242726	4697.7921	6.6719
56	ha	240811	4660.7286	6.6685
57	^á	238729	4620.4329	6.6647
58	il	238149	4609.2074	6.6636
59	ni	230953	4469.9339	6.6503
60	hv	230118	4453.773	6.6487
61	al	228782	4427.9157	6.6462
62	la	225435	4363.1369	6.6398
63	ūe	221378	4284.6165	6.6319
64	^í	217608	4211.6507	6.6245
65	le	215159	4164.2521	6.6195
66	et	212568	4114.1051	6.6143
67	ng	211000	4083.7575	6.6111
68	nd	210381	4071.7772	6.6098
69	he	208908	4043.2683	6.6067
70	ga	208358	4032.6235	6.6056
71	ú$	204493	3957.8191	6.5975
72	eg	200916	3888.5887	6.5898
73	^n	199134	3854.0994	6.5859
74	sk	198288	3837.7256	6.5841
75	ka	196362	3800.4493	6.5798
76	ér	196034	3794.101	6.5791
77	l$	188812	3654.3243	6.5628
78	mi	188638	3650.9566	6.5624
79	ll	188568	3649.6018	6.5622
80	ma	186334	3606.3643	6.5571
81	rđ	186224	3604.2354	6.5568
82	nu	183788	3557.0883	6.5511
83	đi	175161	3390.1187	6.5302
84	og	174606	3379.3771	6.5288
85	ig	172844	3345.2748	6.5244
86	ge	171827	3325.5915	6.5219
87	af	171593	3321.0626	6.5213
88	s$	169284	3276.3735	6.5154
89	un	163023	3155.1962	6.499
90	it	160299	3102.4751	6.4917
91	ð$	160230	3101.1397	6.4915
92	ef	157929	3056.6054	6.4852
93	se	156155	3022.2709	6.4803
94	f$	155711	3013.6776	6.4791
95	rt	153194	2964.9628	6.472
96	sa	152908	2959.4275	6.4712
97	gi	149405	2891.6293	6.4611
98	ūú	147324	2851.353	6.4551
99	ja	143696	2781.1356	6.4442
100	me	137738	2665.8227	6.4258
101	li	135908	2630.4043	6.42
102	yr	134447	2602.1277	6.4153
103	fa	132694	2568.1996	6.4096
104	re	130225	2520.4139	6.4015
105	^d	129410	2504.6401	6.3987
106	ns	126851	2455.1124	6.3901
107	ru	126381	2446.0159	6.3885
108	^þ	126368	2445.7643	6.3884
109	is	125281	2424.7262	6.3847
110	el	122428	2369.5084	6.3747
111	já	121510	2351.7411	6.3714
112	^r	120492	2332.0384	6.3677
113	gu	120177	2325.9418	6.3666
114	di	118916	2301.5361	6.362
115	rn	118730	2297.9362	6.3613
116	ku	115683	2238.9636	6.35
117	am	115669	2238.6926	6.35
118	da	114088	2208.0935	6.344
119	^u	112477	2176.9137	6.3378
120	ld	110916	2146.7017	6.3318
121	ko	109228	2114.0316	6.3251
122	að	108793	2105.6125	6.3234
123	đa	107453	2079.6777	6.318
124	ag	107262	2075.981	6.3172
125	ss	105322	2038.4337	6.3093
126	em	105145	2035.008	6.3086
127	or	103642	2005.9185	6.3023
128	fi	103527	2003.6927	6.3018
129	es	103124	1995.8929	6.3001
130	^j	100044	1936.2817	6.287
131	ey	98691	1910.0953	6.2811
132	eđ	97872	1894.2442	6.2774
133	lt	97572	1888.4379	6.2761
134	fy	95965	1857.3355	6.2689
135	fr	95155	1841.6585	6.2652
136	au	92825	1796.563	6.2544
137	du	92352	1787.4084	6.2522
138	on	91282	1766.6993	6.2472
139	ūi	90588	1753.2674	6.2438
140	lu	89562	1733.4099	6.2389
141	si	89347	1729.2487	6.2379
142	as	88680	1716.3394	6.2346
143	æt	87249	1688.6434	6.2275
144	ne	87145	1686.6306	6.227
145	vo	85548	1655.7217	6.219
146	fu	84847	1642.1544	6.2154
147	sv	83411	1614.3616	6.208
148	ak	82805	1602.6329	6.2048
149	ba	77747	1504.7388	6.1775
150	ín	76175	1474.3139	6.1686
151	om	75485	1460.9594	6.1646
152	^p	75286	1457.1079	6.1635
153	ke	74492	1441.7406	6.1589
154	ft	73943	1431.1151	6.1557
155	k$	71225	1378.5101	6.1394
156	mé	70235	1359.3493	6.1333
157	ví	69581	1346.6916	6.1293
158	ær	68537	1326.4857	6.1227
159	lí	65405	1265.8681	6.1024
160	rs	64895	1255.9974	6.099
161	ok	64845	1255.0297	6.0987
162	d$	64690	1252.0297	6.0976
163	ál	64215	1242.8364	6.0944
164	pa	62748	1214.4437	6.0844
165	ún	62367	1207.0697	6.0817
166	dr	61781	1195.7281	6.0776
167	tr	61608	1192.3798	6.0764
168	yn	61474	1189.7863	6.0755
169	ug	61049	1181.5607	6.0725
170	ūé	61033	1181.2511	6.0723
171	át	60237	1165.845	6.0666
172	jķ	60087	1162.9419	6.0656
173	rf	59599	1153.497	6.062
174	ik	59062	1143.1037	6.0581
175	o$	58871	1139.4071	6.0567
176	rá	57578	1114.3819	6.047
177	ið	56928	1101.8016	6.0421
178	te	56645	1096.3244	6.0399
179	mu	53657	1038.4937	6.0164
180	im	53200	1029.6488	6.0127
181	gj	52903	1023.9006	6.0103
182	ju	52788	1021.6748	6.0093
183	hú	52422	1014.5912	6.0063
184	pp	51808	1002.7076	6.0012
185	uđ	51122	989.4306	5.9954
186	e$	51108	989.1596	5.9953
187	rg	50440	976.2309	5.9896
188	su	50193	971.4504	5.9874
189	be	49248	953.1606	5.9792
190	at	49213	952.4832	5.9789
191	^ú	48050	929.9742	5.9685
192	hé	47750	924.1679	5.9658
193	ot	47144	912.4392	5.9602
194	ör	46917	908.0457	5.9581
195	br	46156	893.3171	5.951
196	gr	46020	890.6849	5.9497
197	sl	45855	887.4915	5.9482
198	rj	45409	878.8595	5.9439
199	rr	45267	876.1111	5.9426
200	ul	45105	872.9757	5.941
201	nú	44957	870.1113	5.9396
202	fl	44830	867.6533	5.9383
203	öl	44091	853.3505	5.9311
204	^y	43807	847.8539	5.9283
205	sj	43793	847.5829	5.9282
206	sé	43629	844.4088	5.9266
207	us	43526	842.4153	5.9255
208	gt	43365	839.2993	5.9239
209	hr	42738	827.1641	5.9176
210	rk	42271	818.1257	5.9128
211	má	42112	815.0483	5.9112
212	ūv	41395	801.1713	5.9037
213	gl	41325	799.8165	5.903
214	ls	40966	792.8683	5.8992
215	y$	40073	775.5849	5.8896
216	^æ	39802	770.3399	5.8867
217	up	38983	754.4887	5.8777
218	fe	38840	751.7211	5.8761
219	ík	38604	747.1534	5.8734
220	^i	38436	743.9019	5.8715
221	nt	38374	742.7019	5.8708
222	kr	37998	735.4247	5.8665
223	lj	37733	730.2958	5.8635
224	ög	37650	728.6894	5.8625
225	gg	37430	724.4315	5.86
226	ķđ	37399	723.8315	5.8596
227	tl	37236	720.6768	5.8577
228	út	36491	706.2578	5.849
229	lo	36479	706.0255	5.8488
230	^ķ	36307	702.6966	5.8468
231	hi	35755	692.013	5.8401
232	ķt	35550	688.0454	5.8376
233	ho	35515	687.368	5.8372
234	yk	35471	686.5164	5.8367
235	gđ	35267	682.5681	5.8341
236	þa	35174	680.7682	5.833
237	rl	34617	669.9878	5.8261
238	jö	34108	660.1365	5.8196
239	hl	33960	657.2721	5.8177
239	ræ	33960	657.2721	5.8177
240	ķr	33764	653.4786	5.8152
241	ðu	33544	649.2207	5.8124
242	hæ	33468	647.7497	5.8114
243	kl	33400	646.4337	5.8105
244	mí	33213	642.8144	5.8081
245	gn	33046	639.5822	5.8059
246	^ö	32796	634.7437	5.8026
247	hu	32699	632.8663	5.8013
248	ár	32577	630.5051	5.7997
249	fn	32480	628.6277	5.7984
250	rí	32477	628.5696	5.7984
251	hj	32410	627.2729	5.7975
252	ūá	32130	621.8537	5.7937
253	ķl	31749	614.4797	5.7885
254	pi	31675	613.0475	5.7875
255	mm	31650	612.5636	5.7872
256	þe	31415	608.0154	5.7839
257	bo	31339	606.5444	5.7829
258	sp	31156	603.0026	5.7803
259	p$	30992	599.8285	5.778
260	of	30904	598.1253	5.7768
261	væ	30704	594.2545	5.774
262	fđ	30644	593.0932	5.7731
263	fj	30636	592.9384	5.773
264	tí	30574	591.7384	5.7721
265	æđ	30278	586.0095	5.7679
266	ro	30210	584.6934	5.7669
267	kj	30077	582.1193	5.765
268	th	29491	570.7777	5.7565
269	ít	29341	567.8745	5.7543
270	if	29050	562.2424	5.7499
271	rú	29020	561.6618	5.7495
272	áđ	28601	553.5524	5.7432
273	lá	28540	552.3718	5.7422
274	íđ	28451	550.6492	5.7409
275	læ	28416	549.9718	5.7403
276	kv	28205	545.8881	5.7371
277	my	27940	540.7592	5.733
278	to	27385	530.0175	5.7243
279	ét	27252	527.4434	5.7222
280	vö	26833	519.334	5.7154
281	ms	26826	519.1985	5.7153
282	bi	26444	511.8051	5.7091
283	ab	26180	506.6956	5.7047
284	sí	26175	506.5988	5.7047
285	lf	25837	500.0571	5.699
286	tö	25685	497.1152	5.6965
287	yf	25678	496.9797	5.6963
288	^c	25535	494.2121	5.6939
289	dd	25357	490.767	5.6909
290	ol	25241	488.5219	5.6889
291	rð	25103	485.851	5.6865
292	ré	24782	479.6383	5.6809
293	ím	24771	479.4254	5.6807
294	bú	24461	473.4256	5.6753
295	bí	24366	471.5869	5.6736
296	ky	24253	469.3999	5.6715
297	ði	23990	464.3097	5.6668
298	kt	23965	463.8258	5.6664
299	lk	23748	459.6259	5.6624
300	öf	23220	449.4069	5.6526
301	bl	23142	447.8972	5.6512
302	no	23128	447.6263	5.6509
303	íf	23114	447.3553	5.6507
304	gs	22757	440.4458	5.6439
305	pu	22729	439.9039	5.6434
306	ut	22683	439.0136	5.6425
307	ip	22603	437.4653	5.6409
308	de	22555	436.5363	5.64
309	sn	22413	433.7879	5.6373
310	næ	22199	429.6461	5.6331
311	tj	22042	426.6075	5.63
312	pe	22038	426.5301	5.6299
313	ná	21923	424.3043	5.6277
314	lv	21770	421.3431	5.6246
315	hö	21537	416.8336	5.62
316	fs	21475	415.6336	5.6187
317	lö	21400	414.182	5.6172
318	gæ	21245	411.1821	5.614
319	ep	21150	409.3435	5.6121
320	fá	20857	403.6727	5.606
321	án	20837	403.2856	5.6056
322	md	20644	399.5502	5.6016
323	úr	20613	398.9502	5.6009
324	ás	20540	397.5373	5.5994
325	ön	20520	397.1503	5.599
326	fķ	20506	396.8793	5.5987
327	đs	20501	396.7825	5.5986
328	gķ	20276	392.4278	5.5938
329	fæ	20239	391.7117	5.593
330	ūí	20083	388.6924	5.5896
331	kn	20072	388.4795	5.5894
332	þú	19702	381.3184	5.5813
333	os	19660	380.5056	5.5804
334	é$	19617	379.6733	5.5794
335	æk	19546	378.2992	5.5778
336	go	19358	374.6606	5.5736
337	sæ	19239	372.3574	5.571
338	ie	19150	370.6349	5.5689
339	él	19033	368.3704	5.5663
340	yl	19032	368.3511	5.5663
341	tķ	18975	367.2479	5.565
342	tv	18889	365.5834	5.563
343	ök	18819	364.2286	5.5614
344	ys	18755	362.9899	5.5599
345	pt	18646	360.8803	5.5574
346	æg	18304	354.2611	5.5493
347	úi	18143	351.1451	5.5455
348	by	18085	350.0225	5.5441
349	ís	17911	346.6549	5.5399
350	rķ	17850	345.4743	5.5384
351	ķ$	17824	344.9711	5.5378
352	ly	17760	343.7324	5.5362
353	so	17715	342.8614	5.5351
354	sm	17578	340.2099	5.5317
355	mo	17389	336.5519	5.5271
356	nh	17345	335.7004	5.526
357	ús	17011	329.236	5.5175
358	lp	16982	328.6747	5.5168
359	ch	16840	325.9264	5.5131
360	yg	16808	325.3071	5.5123
361	ķn	16608	321.4362	5.5071
362	tæ	16603	321.3395	5.507
363	jú	16511	319.5589	5.5046
364	æl	16503	319.404	5.5043
365	ry	16418	317.7589	5.5021
366	mt	16398	317.3718	5.5016
367	sá	16267	314.8364	5.4981
368	fo	16223	313.9848	5.4969
369	öđ	16194	313.4236	5.4961
370	ķk	16191	313.3655	5.4961
371	ap	16166	312.8816	5.4954
372	ūr	16005	309.7656	5.491
373	há	15933	308.3721	5.4891
374	nl	15903	307.7914	5.4883
375	ķs	15769	305.198	5.4846
376	rm	15699	303.8432	5.4826
377	pr	15506	300.1078	5.4773
378	bb	15378	297.6304	5.4737
379	bæ	15216	294.495	5.4691
380	fö	15143	293.0822	5.467
381	ða	15042	291.1274	5.4641
382	ák	15031	290.9145	5.4638
383	íl	14893	288.2436	5.4598
384	bu	14778	286.0179	5.4564
385	op	14355	277.831	5.4438
386	sö	14286	276.4955	5.4417
387	lķ	14231	275.4311	5.44
388	nk	14175	274.3472	5.4383
389	ad	14147	273.8053	5.4374
390	ks	13752	266.1603	5.4251
391	tn	13710	265.3475	5.4238
392	æs	13641	264.012	5.4216
393	đr	13414	259.6186	5.4143
394	áf	13408	259.5025	5.4141
395	æn	13329	257.9735	5.4116
396	eð	13307	257.5477	5.4109
397	lg	13304	257.4896	5.4108
398	ķm	13149	254.4897	5.4057
399	av	12793	247.5996	5.3937
400	ic	12762	246.9996	5.3927
401	fé	12754	246.8448	5.3924
402	ũr	12662	245.0642	5.3893
403	yt	12509	242.103	5.384
404	uk	12363	239.2772	5.3789
405	id	12170	235.5418	5.3721
406	þi	12008	232.4064	5.3662
407	bj	11919	230.6839	5.363
408	mj	11762	227.6453	5.3573
409	æm	11741	227.2388	5.3565
410	pn	11625	224.9937	5.3522
411	đv	11481	222.2067	5.3468
412	rb	11350	219.6713	5.3418
413	úl	11239	217.523	5.3375
414	^w	11228	217.3101	5.3371
415	rd	11099	214.8134	5.3321
416	ml	11088	214.6005	5.3316
417	lũ	11049	213.8457	5.3301
418	ia	10843	209.8587	5.3219
419	mö	10767	208.3878	5.3189
420	kķ	10756	208.1749	5.3184
421	rö	10732	207.7104	5.3175
422	nũ	10597	205.0975	5.312
423	ođ	10590	204.962	5.3117
424	ái	10555	204.2846	5.3102
425	ck	10498	203.1815	5.3079
426	öm	10463	202.5041	5.3064
427	sh	10444	202.1363	5.3056
428	x$	10385	200.9944	5.3032
429	ds	10172	196.872	5.2942
430	æ$	10017	193.872	5.2875
431	ũn	10012	193.7753	5.2873
432	úđ	9975	193.0592	5.2857
433	ts	9970	192.9624	5.2855
434	áh	9673	187.2142	5.2723
435	áu	9539	184.6207	5.2663
436	ii	9535	184.5433	5.2661
437	sũ	9495	183.7691	5.2643
438	ah	9491	183.6917	5.2641
439	lm	9403	181.9885	5.26
440	ca	9373	181.4079	5.2587
441	h$	9329	180.5563	5.2566
442	mb	9295	179.8982	5.255
443	dķ	9217	178.3886	5.2514
444	nķ	9193	177.9241	5.2502
445	ji	9162	177.3241	5.2488
446	co	9156	177.208	5.2485
447	ūu	9125	176.608	5.247
448	ũt	9090	175.9306	5.2453
449	sķ	9038	174.9242	5.2428
450	do	8879	171.8468	5.2351
451	áb	8733	169.0211	5.2279
452	ķg	8602	166.4857	5.2214
453	ac	8545	165.3825	5.2185
454	íu	8538	165.247	5.2181
455	éđ	8506	164.6277	5.2165
456	ūj	8504	164.589	5.2164
457	öt	8397	162.5181	5.2109
458	jo	8382	162.2278	5.2101
459	mæ	8377	162.131	5.2099
460	ed	8351	161.6278	5.2085
461	lb	8306	160.7568	5.2062
461	ym	8306	160.7568	5.2062
462	mķ	8300	160.6407	5.2059
463	sy	8260	159.8665	5.2038
464	ũs	8252	159.7117	5.2033
465	þé	8246	159.5956	5.203
466	nv	8236	159.402	5.2025
467	ai	8189	158.4924	5.2
468	rv	8058	155.957	5.193
469	íd	8055	155.8989	5.1928
470	æj	8051	155.8215	5.1926
471	pl	8050	155.8021	5.1926
472	ao	8031	155.4344	5.1915
473	hn	7960	154.0602	5.1877
474	yđ	7868	152.2796	5.1826
475	jó	7827	151.4861	5.1804
476	ūy	7786	150.6926	5.1781
477	dá	7735	149.7055	5.1752
478	kí	7668	148.4088	5.1715
479	ūæ	7623	147.5378	5.1689
480	gö	7591	146.9185	5.1671
481	fí	7476	144.6928	5.1604
482	đl	7465	144.4799	5.1598
483	uð	7463	144.4411	5.1597
484	kæ	7431	143.8218	5.1578
485	io	7421	143.6283	5.1572
486	hy	7349	142.2348	5.153
487	nm	7290	141.0929	5.1495
488	ou	7273	140.7638	5.1485
489	ae	7230	139.9316	5.1459
490	nj	7227	139.8735	5.1457
491	vé	7197	139.2929	5.1439
492	ex	7159	138.5574	5.1416
493	úk	7065	136.7381	5.1359
494	đj	6900	133.5447	5.1256
495	ax	6850	132.577	5.1225
496	ln	6844	132.4608	5.1221
497	je	6836	132.306	5.1216
498	úa	6813	131.8609	5.1201
499	ty	6638	128.4739	5.1088
500	rh	6594	127.6223	5.1059
501	bķ	6540	126.5771	5.1024
502	wa	6525	126.2868	5.1014
503	tú	6510	125.9965	5.1004
504	gd	6503	125.861	5.0999
505	dy	6478	125.3772	5.0982
506	ce	6445	124.7385	5.096
507	đe	6362	123.1321	5.0904
508	gm	6213	120.2483	5.0801
509	po	6197	119.9386	5.079
510	jæ	6169	119.3967	5.077
511	ud	6144	118.9128	5.0752
512	bö	6092	117.9064	5.0715
513	lé	6052	117.1322	5.0687
514	uf	5992	115.971	5.0643
515	ķf	5976	115.6613	5.0632
516	kö	5937	114.9065	5.0603
517	ps	5924	114.6549	5.0594
518	hķ	5915	114.4807	5.0587
519	æd	5909	114.3646	5.0583
520	dl	5863	113.4743	5.0549
521	rp	5835	112.9323	5.0528
522	ék	5824	112.7194	5.052
523	æf	5788	112.0227	5.0493
524	úm	5779	111.8485	5.0486
525	ay	5711	110.5324	5.0435
526	ff	5592	108.2293	5.0343
527	dũ	5554	107.4938	5.0314
528	sú	5481	106.0809	5.0256
529	ea	5475	105.9648	5.0252
530	ub	5438	105.2487	5.0222
531	þv	5416	104.8229	5.0205
532	ee	5371	103.952	5.0168
533	^ó	5348	103.5068	5.015
534	kũ	5341	103.3713	5.0144
535	ny	5323	103.0229	5.0129
536	kú	5311	102.7907	5.012
537	py	5142	99.5198	4.9979
538	ní	5139	99.4618	4.9977
539	lr	5118	99.0553	4.9959
540	yp	5100	98.7069	4.9943
541	ír	5092	98.5521	4.9937
542	ká	5070	98.1263	4.9918
543	õ$	4960	95.9973	4.9823
544	ob	4934	95.4941	4.98
545	óð	4921	95.2425	4.9788
546	oo	4876	94.3716	4.9748
547	þá	4846	93.7909	4.9722
548	mn	4843	93.7329	4.9719
549	ót	4822	93.3264	4.97
550	gð	4820	93.2877	4.9698
551	wi	4771	92.3394	4.9654
552	ös	4681	90.5975	4.9571
553	nf	4677	90.5201	4.9567
554	ph	4642	89.8427	4.9535
555	ũđ	4578	88.604	4.9475
556	ö$	4553	88.1201	4.9451
557	yj	4548	88.0234	4.9446
558	đn	4532	87.7137	4.9431
559	ūķ	4491	86.9202	4.9391
560	sb	4467	86.4557	4.9368
561	lú	4464	86.3976	4.9365
562	ól	4444	86.0105	4.9346
563	pí	4375	84.6751	4.9278
564	ũj	4369	84.5589	4.9272
565	ķp	4365	84.4815	4.9268
566	đg	4356	84.3073	4.9259
567	bá	4323	83.6686	4.9226
568	fð	4276	82.759	4.9178
569	sf	4266	82.5654	4.9168
570	ev	4264	82.5267	4.9166
571	ór	4262	82.488	4.9164
572	nb	4192	81.1332	4.9092
573	dæ	4188	81.0558	4.9088
574	ķv	4161	80.5332	4.906
575	bũ	4109	79.5268	4.9005
575	od	4109	79.5268	4.9005
576	eo	4061	78.5978	4.8954
576	nc	4061	78.5978	4.8954
577	æð	4048	78.3462	4.894
578	ó$	4028	77.9591	4.8919
579	rũ	4022	77.843	4.8912
579	w$	4022	77.843	4.8912
580	íð	4007	77.5527	4.8896
581	ūo	3989	77.2043	4.8876
582	ew	3973	76.8946	4.8859
583	ág	3926	75.985	4.8807
584	đb	3875	74.9979	4.875
585	oh	3793	73.4109	4.8658
586	nr	3725	72.0948	4.8579
587	đf	3681	71.2432	4.8527
588	áð	3680	71.2238	4.8526
589	dj	3628	70.2174	4.8464
590	dö	3494	67.6239	4.8301
591	íg	3451	66.7917	4.8247
592	mp	3441	66.5981	4.8235
593	b$	3412	66.0369	4.8198
594	áv	3386	65.5337	4.8165
595	sc	3336	64.5659	4.81
596	uv	3290	63.6757	4.804
597	pú	3256	63.0176	4.7995
598	gá	3252	62.9402	4.7989
599	gf	3238	62.6692	4.7971
600	pá	3237	62.6499	4.7969
601	aõ	3231	62.5337	4.7961
602	mk	3195	61.837	4.7912
603	gv	3179	61.5273	4.7891
604	úg	3177	61.4886	4.7888
605	ám	3136	60.6951	4.7832
606	ib	3110	60.1919	4.7795
607	ūũ	3065	59.3209	4.7732
608	oi	3041	58.8564	4.7698
609	we	3019	58.4306	4.7666
610	ō$	2941	56.921	4.7553
611	fb	2935	56.8049	4.7544
612	tb	2927	56.65	4.7532
613	fó	2903	56.1855	4.7496
613	tá	2903	56.1855	4.7496
614	ow	2902	56.1662	4.7495
615	gh	2898	56.0888	4.7489
615	úf	2898	56.0888	4.7489
616	tf	2869	55.5275	4.7445
617	tũ	2848	55.121	4.7413
618	vu	2818	54.5404	4.7367
619	ci	2797	54.134	4.7335
620	cl	2788	53.9598	4.7321
621	c$	2760	53.4179	4.7277
622	ró	2745	53.1276	4.7253
623	gó	2738	52.9921	4.7242
624	þí	2724	52.7211	4.722
625	ðs	2715	52.5469	4.7205
626	ķh	2708	52.4114	4.7194
627	km	2701	52.276	4.7183
628	yo	2669	51.6566	4.7131
629	áp	2666	51.5986	4.7126
630	uc	2652	51.3276	4.7104
631	mh	2630	50.9018	4.7067
632	ui	2598	50.2825	4.7014
633	oe	2591	50.147	4.7002
634	ķa	2588	50.0889	4.6997
635	đk	2539	49.1406	4.6914
636	uh	2519	48.7535	4.688
637	ók	2518	48.7341	4.6878
638	ue	2456	47.5342	4.677
639	lh	2445	47.3213	4.6751
640	mf	2432	47.0697	4.6727
641	iv	2417	46.7793	4.6701
642	dv	2409	46.6245	4.6686
643	tó	2405	46.5471	4.6679
644	đh	2390	46.2568	4.6652
645	íb	2385	46.16	4.6643
646	æp	2351	45.502	4.658
647	éu	2350	45.4826	4.6578
648	ec	2343	45.3471	4.6565
649	fm	2337	45.231	4.6554
650	iu	2332	45.1342	4.6545
650	ía	2332	45.1342	4.6545
651	ós	2301	44.5342	4.6487
652	sg	2297	44.4568	4.6479
653	öð	2263	43.7988	4.6415
654	eb	2246	43.4698	4.6382
655	æv	2241	43.373	4.6372
656	és	2231	43.1794	4.6353
657	úp	2226	43.0827	4.6343
658	ķi	2217	42.9085	4.6325
659	oc	2192	42.4246	4.6276
660	éf	2183	42.2504	4.6258
661	rc	2162	41.844	4.6216
662	z$	2161	41.8246	4.6214
663	mú	2156	41.7279	4.6204
664	þr	2146	41.5343	4.6184
665	aō	2139	41.3988	4.617
665	dt	2139	41.3988	4.617
666	ũ$	2103	40.7021	4.6096
667	ón	2090	40.4505	4.6069
668	a-	2085	40.3537	4.6059
669	-s	2081	40.2763	4.605
670	tm	2078	40.2182	4.6044
671	pķ	2065	39.9666	4.6017
672	ũl	2054	39.7537	4.5994
673	sr	2049	39.657	4.5983
674	ķū	2042	39.5215	4.5968
675	cr	2035	39.386	4.5953
676	ov	2034	39.3666	4.5951
677	dí	2029	39.2699	4.5941
678	iõ	1991	38.5344	4.5858
679	oa	1984	38.3989	4.5843
680	kh	1981	38.3409	4.5837
681	pj	1968	38.0893	4.5808
682	tg	1966	38.0506	4.5804
683	đm	1959	37.9151	4.5788
684	^ũ	1952	37.7796	4.5773
685	ló	1940	37.5473	4.5746
686	tk	1925	37.257	4.5712
687	nö	1913	37.0248	4.5685
688	yd	1903	36.8312	4.5662
689	nū	1868	36.1538	4.5582
690	ðr	1867	36.1345	4.5579
691	áæ	1852	35.8442	4.5544
692	v$	1838	35.5732	4.5511
693	ih	1827	35.3603	4.5485
694	ūö	1826	35.341	4.5483
695	r-	1816	35.1474	4.5459
695	ya	1816	35.1474	4.5459
696	ā$	1808	34.9926	4.544
697	ðv	1789	34.6248	4.5394
698	^z	1787	34.5861	4.5389
699	aw	1780	34.4507	4.5372
700	sd	1754	33.9474	4.5308
701	áa	1751	33.8894	4.5301
702	dg	1731	33.5023	4.5251
703	wo	1690	32.7088	4.5147
704	mv	1650	31.9346	4.5043
705	íp	1623	31.412	4.4971
706	fg	1607	31.1024	4.4928
707	æi	1599	30.9475	4.4906
708	vá	1596	30.8895	4.4898
709	xt	1590	30.7733	4.4882
710	íi	1583	30.6379	4.4863
711	mr	1570	30.3863	4.4827
712	óm	1563	30.2508	4.4807
713	ũm	1562	30.2314	4.4805
714	ýr	1560	30.1927	4.4799
715	dú	1543	29.8637	4.4751
716	ū$	1539	29.7863	4.474
717	cu	1534	29.6895	4.4726
717	lđ	1534	29.6895	4.4726
718	dh	1529	29.5927	4.4712
719	oy	1528	29.5734	4.4709
720	za	1518	29.3798	4.468
721	mc	1517	29.3605	4.4678
722	ný	1515	29.3218	4.4672
723	n-	1513	29.2831	4.4666
724	ux	1506	29.1476	4.4646
725	oð	1505	29.1282	4.4643
725	đd	1505	29.1282	4.4643
726	ýn	1497	28.9734	4.462
727	ua	1484	28.7218	4.4582
728	fv	1479	28.625	4.4567
729	né	1478	28.6057	4.4565
730	fh	1471	28.4702	4.4544
731	qu	1468	28.4121	4.4535
732	sý	1465	28.3541	4.4526
733	db	1463	28.3153	4.452
734	ũk	1458	28.2186	4.4505
735	lý	1448	28.025	4.4475
736	pé	1439	27.8508	4.4448
737	xu	1431	27.696	4.4424
738	rū	1428	27.6379	4.4415
739	kó	1425	27.5799	4.4406
740	gb	1423	27.5412	4.44
741	-h	1415	27.3863	4.4375
742	öd	1411	27.3089	4.4363
743	yi	1410	27.2896	4.436
744	dn	1406	27.2121	4.4348
745	aa	1388	26.8638	4.4292
746	tc	1381	26.7283	4.427
746	öp	1381	26.7283	4.427
747	úb	1379	26.6896	4.4263
748	^ā	1374	26.5928	4.4248
749	úð	1372	26.5541	4.4241
750	cy	1369	26.496	4.4232
751	đt	1365	26.4186	4.4219
752	pö	1361	26.3412	4.4206
753	ií	1360	26.3218	4.4203
754	xa	1356	26.2444	4.419
755	éð	1352	26.167	4.4178
756	-b	1344	26.0122	4.4152
757	iz	1340	25.9348	4.4139
758	mū	1333	25.7993	4.4116
759	só	1316	25.4703	4.406
760	xi	1301	25.1799	4.4011
760	ýt	1301	25.1799	4.4011
761	þæ	1286	24.8896	4.396
762	nó	1280	24.7735	4.394
763	þu	1274	24.6574	4.3919
764	ox	1270	24.58	4.3906
765	dó	1257	24.3284	4.3861
766	gy	1256	24.309	4.3858
767	ķb	1246	24.1155	4.3823
768	én	1242	24.038	4.3809
768	óg	1242	24.038	4.3809
769	gí	1240	23.9993	4.3802
770	ķd	1238	23.9606	4.3795
771	kf	1234	23.8832	4.3781
772	s-	1230	23.8058	4.3767
773	dm	1214	23.4961	4.371
774	-f	1193	23.0897	4.3634
775	yð	1186	22.9542	4.3609
776	ą$	1184	22.9155	4.3601
777	aū	1139	22.0445	4.3433
778	ye	1119	21.6575	4.3356
779	cc	1116	21.5994	4.3344
780	ýs	1112	21.522	4.3329
781	ô$	1107	21.4252	4.3309
782	õu	1098	21.251	4.3274
783	e-	1092	21.1349	4.325
784	mó	1087	21.0381	4.323
785	^č	1083	20.9607	4.3214
786	čg	1082	20.9414	4.321
787	ä$	1076	20.8252	4.3186
788	az	1073	20.7672	4.3174
789	pv	1070	20.7091	4.3162
790	ád	1064	20.593	4.3137
791	aj	1051	20.3414	4.3084
792	éi	1049	20.3027	4.3076
793	þj	1034	20.0123	4.3013
794	xí	1019	19.722	4.295
795	đū	1017	19.6833	4.2941
796	ct	1003	19.4124	4.2881
796	þy	1003	19.4124	4.2881
797	hm	1000	19.3543	4.2868
798	ij	999	19.3349	4.2863
799	ðl	988	19.122	4.2815
800	dw	987	19.1027	4.2811
801	xl	980	18.9672	4.278
802	ðj	976	18.8898	4.2762
803	óf	975	18.8704	4.2758
804	zo	974	18.8511	4.2753
805	aó	971	18.793	4.274
806	ķu	963	18.6382	4.2704
807	eu	941	18.2124	4.2604
808	j$	934	18.0769	4.2571
809	wh	932	18.0382	4.2562
810	df	931	18.0189	4.2557
811	fú	913	17.6705	4.2472
812	ix	909	17.5931	4.2453
813	öi	899	17.3995	4.2405
814	uo	897	17.3608	4.2396
815	mg	893	17.2834	4.2376
816	ũg	888	17.1866	4.2352
817	^ä	884	17.1092	4.2332
818	ðe	879	17.0124	4.2308
819	iō	877	16.9737	4.2298
819	rõ	877	16.9737	4.2298
820	-a	874	16.9157	4.2283
821	-k	871	16.8576	4.2268
822	-l	867	16.7802	4.2248
823	tz	865	16.7415	4.2238
824	pg	853	16.5092	4.2177
825	õi	852	16.4899	4.2172
826	-m	846	16.3737	4.2141
827	zi	837	16.1995	4.2095
828	aí	835	16.1608	4.2085
829	íķ	832	16.1028	4.2069
830	^q	830	16.0641	4.2059
831	^ü	826	15.9867	4.2038
832	úu	816	15.7931	4.1985
833	bó	810	15.677	4.1953
834	i-	807	15.6189	4.1937
835	ze	785	15.1931	4.1816
836	-t	780	15.0964	4.1789
837	ió	778	15.0576	4.1778
838	bs	763	14.7673	4.1693
839	ez	761	14.7286	4.1682
840	ht	752	14.5544	4.163
841	-v	736	14.2448	4.1537
842	hó	731	14.148	4.1507
842	vl	731	14.148	4.1507
842	ōu	731	14.148	4.1507
843	íū	730	14.1286	4.1501
844	vr	729	14.1093	4.1495
845	kd	727	14.0706	4.1483
846	aá	719	13.9157	4.1435
846	gú	719	13.9157	4.1435
847	dk	716	13.8577	4.1417
848	pæ	712	13.7803	4.1393
849	ũi	707	13.6835	4.1362
850	fk	701	13.5674	4.1325
850	ký	701	13.5674	4.1325
851	y-	698	13.5093	4.1306
852	l-	696	13.4706	4.1294
853	^x	689	13.3351	4.125
854	kb	688	13.3158	4.1244
855	öx	686	13.2771	4.1231
856	ũf	685	13.2577	4.1225
857	zz	679	13.1416	4.1186
858	t-	674	13.0448	4.1154
859	aô	671	12.9867	4.1135
860	ýð	667	12.9093	4.1109
861	uū	666	12.89	4.1103
862	íh	663	12.8319	4.1083
863	óp	660	12.7738	4.1063
864	þó	657	12.7158	4.1043
865	ąn	654	12.6577	4.1024
866	jā	648	12.5416	4.0984
867	iö	636	12.3093	4.0902
868	hũ	633	12.2513	4.0882
868	ýj	633	12.2513	4.0882
869	sū	631	12.2126	4.0868
870	-d	624	12.0771	4.082
870	ðn	624	12.0771	4.082
871	óv	619	11.9803	4.0785
872	té	615	11.9029	4.0757
873	^ž	612	11.8448	4.0735
874	ži	606	11.7287	4.0692
875	wn	600	11.6126	4.0649
876	's	596	11.5352	4.062
877	pf	594	11.4965	4.0606
878	íá	593	11.4771	4.0598
879	ũp	592	11.4577	4.0591
880	þý	590	11.419	4.0576
881	áe	587	11.361	4.0554
882	-e	585	11.3223	4.0539
882	o-	585	11.3223	4.0539
883	dý	580	11.2255	4.0502
884	úd	578	11.1868	4.0487
885	õa	576	11.1481	4.0472
886	þo	562	10.8771	4.0365
887	rō	560	10.8384	4.035
888	ðg	555	10.7416	4.0311
889	rý	552	10.6836	4.0287
890	u-	549	10.6255	4.0263
891	tū	545	10.5481	4.0232
892	íe	544	10.5287	4.0224
893	iæ	534	10.3352	4.0143
894	-g	524	10.1417	4.0061
895	pb	522	10.1029	4.0044
896	lc	521	10.0836	4.0036
896	wy	521	10.0836	4.0036
897	lū	518	10.0255	4.0011
898	ąr	514	9.9481	3.9977
899	ąđ	511	9.89	3.9952
900	sw	510	9.8707	3.9943
901	g-	509	9.8513	3.9935
902	d-	508	9.832	3.9926
902	tw	508	9.832	3.9926
903	k-	506	9.7933	3.9909
903	ką	506	9.7933	3.9909
904	nz	503	9.7352	3.9883
905	ų$	501	9.6965	3.9866
906	óu	495	9.5804	3.9814
907	ðb	494	9.561	3.9805
908	ðf	492	9.5223	3.9787
908	óa	492	9.5223	3.9787
909	ōi	483	9.3481	3.9707
910	eą	471	9.1159	3.9598
911	ói	469	9.0772	3.958
912	bý	465	8.9997	3.9542
912	ws	465	8.9997	3.9542
912	íí	465	8.9997	3.9542
913	oz	462	8.9417	3.9514
914	jä	455	8.8062	3.9448
915	-r	453	8.7675	3.9429
915	tý	453	8.7675	3.9429
916	iá	451	8.7288	3.941
917	eh	450	8.7094	3.94
918	iū	447	8.6514	3.9371
919	gk	441	8.5352	3.9312
920	o'	440	8.5159	3.9302
921	oj	435	8.4191	3.9253
922	iô	434	8.3998	3.9243
923	ív	423	8.1869	3.9131
924	iy	422	8.1675	3.9121
925	fd	420	8.1288	3.91
926	óh	416	8.0514	3.9059
927	kg	408	7.8966	3.8974
928	-i	406	7.8578	3.8953
929	zu	399	7.7224	3.8878
930	â$	396	7.6643	3.8845
931	nþ	391	7.5675	3.879
932	uz	390	7.5482	3.8778
933	ðh	387	7.4901	3.8745
934	tą	382	7.3933	3.8688
934	vą	382	7.3933	3.8688
935	rā	381	7.374	3.8677
936	ğ$	375	7.2579	3.8608
937	eõ	369	7.1417	3.8538
938	āl	363	7.0256	3.8467
939	yw	362	7.0063	3.8455
940	eķ	361	6.9869	3.8443
940	fū	361	6.9869	3.8443
941	fũ	359	6.9482	3.8419
942	đą	358	6.9288	3.8407
943	āt	357	6.9095	3.8394
944	ej	355	6.8708	3.837
945	uy	354	6.8514	3.8358
946	aö	352	6.8127	3.8333
947	^ş	347	6.7159	3.8271
948	rw	342	6.6192	3.8208
949	mũ	341	6.5998	3.8195
950	m-	339	6.5611	3.817
951	ũd	335	6.4837	3.8118
952	-p	334	6.4643	3.8105
953	bn	328	6.3482	3.8027
954	aķ	326	6.3095	3.8
955	pũ	325	6.2901	3.7987
956	jô	324	6.2708	3.7973
957	yc	321	6.2127	3.7933
958	pk	314	6.0773	3.7837
958	yb	314	6.0773	3.7837
959	áo	312	6.0385	3.7809
960	-n	311	6.0192	3.7795
961	^â	308	5.9611	3.7753
962	ío	306	5.9224	3.7725
963	b-	302	5.845	3.7668
963	ðk	302	5.845	3.7668
963	ķe	302	5.845	3.7668
964	rą	301	5.8256	3.7653
964	ý$	301	5.8256	3.7653
964	ýl	301	5.8256	3.7653
965	gw	297	5.7482	3.7595
965	h-	297	5.7482	3.7595
966	hs	295	5.7095	3.7566
967	tp	294	5.6902	3.7551
968	wl	291	5.6321	3.7507
969	^ý	288	5.574	3.7462
970	xe	286	5.5353	3.7431
970	úv	286	5.5353	3.7431
971	np	285	5.516	3.7416
972	wr	283	5.4773	3.7386
973	ým	282	5.4579	3.737
974	ķo	279	5.3998	3.7324
975	td	275	5.3224	3.7261
976	öu	273	5.2837	3.7229
977	-o	270	5.2257	3.7181
977	óþ	270	5.2257	3.7181
978	vķ	266	5.1482	3.7117
978	yu	266	5.1482	3.7117
979	ağ	264	5.1095	3.7084
979	ąg	264	5.1095	3.7084
980	iķ	263	5.0902	3.7067
981	uõ	262	5.0708	3.7051
982	ät	261	5.0515	3.7034
983	eō	260	5.0321	3.7017
983	pm	260	5.0321	3.7017
983	ūų	260	5.0321	3.7017
984	pó	257	4.9741	3.6967
984	rô	257	4.9741	3.6967
985	ôr	255	4.9353	3.6933
986	ðm	254	4.916	3.6916
986	čr	254	4.916	3.6916
987	ōa	252	4.8773	3.6882
988	ķá	251	4.8579	3.6864
989	ną	250	4.8386	3.6847
990	^ų	248	4.7999	3.6812
991	ôi	242	4.6837	3.6706
992	mā	241	4.6644	3.6688
992	xn	241	4.6644	3.6688
993	kw	238	4.6063	3.6634
994	uá	233	4.5096	3.6541
995	cg	231	4.4708	3.6504
996	þö	230	4.4515	3.6485
997	x-	228	4.4128	3.6447
998	-j	226	4.3741	3.6409
998	bé	226	4.3741	3.6409
999	ūā	225	4.3547	3.639
1000	xo	219	4.2386	3.6272
1001	fp	217	4.1999	3.6232
1002	cs	216	4.1805	3.6212
1003	-u	210	4.0644	3.609
1004	^'	209	4.045	3.6069
1005	cd	206	3.987	3.6006
1005	hí	206	3.987	3.6006
1006	rþ	203	3.9289	3.5943
1007	nw	200	3.8709	3.5878
1008	äl	199	3.8515	3.5856
1009	gą	196	3.7934	3.579
1009	p-	196	3.7934	3.579
1009	vs	196	3.7934	3.579
1010	üe	194	3.7547	3.5746
1011	fõ	192	3.716	3.5701
1012	nx	190	3.6773	3.5655
1013	mą	189	3.658	3.5632
1013	q$	189	3.658	3.5632
1014	gp	187	3.6193	3.5586
1014	rä	187	3.6193	3.5586
1014	ąt	187	3.6193	3.5586
1015	gõ	186	3.5999	3.5563
1015	ób	186	3.5999	3.5563
1016	ôu	185	3.5805	3.5539
1017	ðd	184	3.5612	3.5516
1018	ė$	183	3.5418	3.5492
1018	ķí	183	3.5418	3.5492
1019	gū	182	3.5225	3.5469
1020	lw	181	3.5031	3.5445
1020	ýk	181	3.5031	3.5445
1021	dp	180	3.4838	3.5421
1022	cq	179	3.4644	3.5396
1023	pd	177	3.4257	3.5347
1024	ié	176	3.4064	3.5323
1024	í-	176	3.4064	3.5323
1024	đp	176	3.4064	3.5323
1025	yõ	175	3.387	3.5298
1025	āđ	175	3.387	3.5298
1026	kp	174	3.3676	3.5273
1027	'$	173	3.3483	3.5248
1028	aæ	172	3.3289	3.5223
1029	f-	171	3.3096	3.5198
1029	lā	171	3.3096	3.5198
1029	üa	171	3.3096	3.5198
1029	ķõ	171	3.3096	3.5198
1030	mþ	170	3.2902	3.5172
1031	jđ	169	3.2709	3.5147
1032	ąl	168	3.2515	3.5121
1033	-á	167	3.2322	3.5095
1033	ār	167	3.2322	3.5095
1034	zy	166	3.2128	3.5069
1034	ðt	166	3.2128	3.5069
1035	gō	164	3.1741	3.5016
1036	c-	163	3.1548	3.499
1036	iũ	163	3.1548	3.499
1037	aþ	162	3.1354	3.4963
1037	d'	162	3.1354	3.4963
1038	aq	161	3.116	3.4936
1038	jō	161	3.116	3.4936
1038	áū	161	3.116	3.4936
1039	fō	159	3.0773	3.4882
1039	vy	159	3.0773	3.4882
1040	đ-	157	3.0386	3.4827
1040	ūą	157	3.0386	3.4827
1041	ķ-	156	3.0193	3.4799
1042	ķj	155	2.9999	3.4771
1043	jâ	153	2.9612	3.4715
1044	dc	152	2.9419	3.4686
1045	uþ	151	2.9225	3.4658
1045	wk	151	2.9225	3.4658
1046	uj	149	2.8838	3.46
1047	^ė	148	2.8644	3.457
1047	hw	148	2.8644	3.457
1048	aú	147	2.8451	3.4541
1048	bv	147	2.8451	3.4541
1049	bt	146	2.8257	3.4511
1049	lz	146	2.8257	3.4511
1049	ýg	146	2.8257	3.4511
1050	iq	145	2.8064	3.4481
1050	iğ	145	2.8064	3.4481
1051	mä	144	2.787	3.4451
1051	xx	144	2.787	3.4451
1052	-ū	142	2.7483	3.4391
1052	^ô	142	2.7483	3.4391
1053	ųn	140	2.7096	3.4329
1054	zl	139	2.6902	3.4298
1055	-c	138	2.6709	3.4267
1055	äđ	138	2.6709	3.4267
1056	e'	137	2.6515	3.4235
1056	eó	137	2.6515	3.4235
1056	áõ	137	2.6515	3.4235
1057	új	136	2.6322	3.4203
1058	^đ	135	2.6128	3.4171
1058	õs	135	2.6128	3.4171
1058	ũa	135	2.6128	3.4171
1059	n'	134	2.5935	3.4139
1059	æõ	134	2.5935	3.4139
1060	uú	133	2.5741	3.4106
1060	íõ	133	2.5741	3.4106
1061	uu	132	2.5548	3.4074
1061	är	132	2.5548	3.4074
1061	ān	132	2.5548	3.4074
1062	ôt	131	2.5354	3.404
1062	öo	131	2.5354	3.404
1063	yv	130	2.5161	3.4007
1064	zh	129	2.4967	3.3974
1065	'd	128	2.4774	3.394
1065	hų	128	2.4774	3.394
1065	wm	128	2.4774	3.394
1066	ôa	126	2.4386	3.3871
1067	fā	124	2.3999	3.3802
1067	xp	124	2.3999	3.3802
1068	'a	123	2.3806	3.3767
1068	xf	123	2.3806	3.3767
1069	dą	122	2.3612	3.3731
1069	lą	122	2.3612	3.3731
1069	íó	122	2.3612	3.3731
1069	ðþ	122	2.3612	3.3731
1070	wt	121	2.3419	3.3696
1071	âl	118	2.2838	3.3587
1071	ās	118	2.2838	3.3587
1072	ũb	117	2.2645	3.355
1073	ūä	116	2.2451	3.3512
1074	hh	115	2.2257	3.3475
1075	ód	114	2.2064	3.3437
1075	úx	114	2.2064	3.3437
1076	uō	113	2.187	3.3398
1076	õr	113	2.187	3.3398
1077	sq	112	2.1677	3.336
1077	v-	112	2.1677	3.336
1078	-w	111	2.1483	3.3321
1078	-æ	111	2.1483	3.3321
1078	íō	111	2.1483	3.3321
1078	ú-	111	2.1483	3.3321
1078	úe	111	2.1483	3.3321
1079	ōr	110	2.129	3.3282
1080	cm	109	2.1096	3.3242
1081	bc	108	2.0903	3.3202
1081	hk	108	2.0903	3.3202
1081	éd	108	2.0903	3.3202
1082	hý	107	2.0709	3.3162
1083	lä	106	2.0516	3.3121
1083	nā	106	2.0516	3.3121
1083	tđ	106	2.0516	3.3121
1083	xy	106	2.0516	3.3121
1083	æx	106	2.0516	3.3121
1084	cn	105	2.0322	3.308
1084	pū	105	2.0322	3.308
1085	^ę	104	2.0128	3.3038
1085	są	104	2.0128	3.3038
1085	ęg	104	2.0128	3.3038
1086	sþ	103	1.9935	3.2996
1086	öb	103	1.9935	3.2996
1086	ąi	103	1.9935	3.2996
1086	ğu	103	1.9935	3.2996
1087	z-	102	1.9741	3.2954
1087	ýi	102	1.9741	3.2954
1088	ōl	101	1.9548	3.2911
1089	a'	100	1.9354	3.2868
1089	rx	100	1.9354	3.2868
1089	áj	100	1.9354	3.2868
1089	ōk	100	1.9354	3.2868
1090	eq	99	1.9161	3.2824
1090	vn	99	1.9161	3.2824
1090	öõ	99	1.9161	3.2824
1090	üi	99	1.9161	3.2824
1090	ąs	99	1.9161	3.2824
1091	ōđ	98	1.8967	3.278
1092	sā	97	1.8774	3.2736
1093	ķô	96	1.858	3.269
1094	dū	95	1.8387	3.2645
1094	õl	95	1.8387	3.2645
1094	ķō	95	1.8387	3.2645
1095	gô	94	1.8193	3.2599
1095	ât	94	1.8193	3.2599
1095	íj	94	1.8193	3.2599
1096	ôl	93	1.7999	3.2552
1097	'h	92	1.7806	3.2506
1097	-í	92	1.7806	3.2506
1097	eū	92	1.7806	3.2506
1097	éb	92	1.7806	3.2506
1097	ūč	92	1.7806	3.2506
1098	đđ	91	1.7612	3.2458
1099	zg	90	1.7419	3.241
1099	äs	90	1.7419	3.241
1100	rz	89	1.7225	3.2362
1100	ün	89	1.7225	3.2362
1100	ķö	89	1.7225	3.2362
1101	^ō	88	1.7032	3.2313
1102	fą	86	1.6645	3.2213
1102	nų	86	1.6645	3.2213
1102	úo	86	1.6645	3.2213
1103	hā	85	1.6451	3.2162
1103	äi	85	1.6451	3.2162
1103	än	85	1.6451	3.2162
1104	jj	84	1.6258	3.2111
1104	wg	84	1.6258	3.2111
1104	đy	84	1.6258	3.2111
1104	ņo	84	1.6258	3.2111
1104	ōt	84	1.6258	3.2111
1105	mč	83	1.6064	3.2059
1105	uó	83	1.6064	3.2059
1105	wd	83	1.6064	3.2059
1106	hč	82	1.5871	3.2006
1106	iú	82	1.5871	3.2006
1106	éo	82	1.5871	3.2006
1107	fô	81	1.5677	3.1953
1107	ği	81	1.5677	3.1953
1107	şa	81	1.5677	3.1953
1108	rq	80	1.5483	3.1899
1108	sz	80	1.5483	3.1899
1108	y'	80	1.5483	3.1899
1108	íþ	80	1.5483	3.1899
1109	bd	79	1.529	3.1844
1109	mw	79	1.529	3.1844
1109	mâ	79	1.529	3.1844
1109	w-	79	1.529	3.1844
1109	đá	79	1.529	3.1844
1110	bh	78	1.5096	3.1789
1110	æō	78	1.5096	3.1789
1110	üé	78	1.5096	3.1789
1111	eņ	77	1.4903	3.1733
1111	sä	77	1.4903	3.1733
1112	-ú	76	1.4709	3.1676
1112	râ	76	1.4709	3.1676
1112	wb	76	1.4709	3.1676
1112	ōs	76	1.4709	3.1676
1113	eô	75	1.4516	3.1618
1113	hf	75	1.4516	3.1618
1113	nä	75	1.4516	3.1618
1113	rğ	75	1.4516	3.1618
1113	xm	75	1.4516	3.1618
1114	'b	74	1.4322	3.156
1114	æo	74	1.4322	3.156
1115	hd	73	1.4129	3.1501
1115	ôn	73	1.4129	3.1501
1116	^è	72	1.3935	3.1441
1116	èg	72	1.3935	3.1441
1116	ķú	72	1.3935	3.1441
1116	ųs	72	1.3935	3.1441
1117	tþ	71	1.3742	3.138
1117	uķ	71	1.3742	3.138
1117	şe	71	1.3742	3.138
1118	tô	70	1.3548	3.1319
1119	bm	69	1.3354	3.1256
1119	ôo	69	1.3354	3.1256
1119	đķ	69	1.3354	3.1256
1120	hb	68	1.3161	3.1193
1120	jf	68	1.3161	3.1193
1121	pý	67	1.2967	3.1128
1121	rų	67	1.2967	3.1128
1121	âs	67	1.2967	3.1128
1121	õv	67	1.2967	3.1128
1121	āf	67	1.2967	3.1128
1122	-y	66	1.2774	3.1063
1122	i'	66	1.2774	3.1063
1122	lþ	66	1.2774	3.1063
1122	wf	66	1.2774	3.1063
1122	õg	66	1.2774	3.1063
1122	ýd	66	1.2774	3.1063
1123	fä	65	1.258	3.0997
1124	'c	64	1.2387	3.093
1124	yh	64	1.2387	3.093
1124	á-	64	1.2387	3.093
1124	öa	64	1.2387	3.093
1124	ýf	64	1.2387	3.093
1124	ųt	64	1.2387	3.093
1125	zn	63	1.2193	3.0861
1125	ýp	63	1.2193	3.0861
1126	xs	62	1.2	3.0792
1127	t'	61	1.1806	3.0721
1127	vú	61	1.1806	3.0721
1127	wu	61	1.1806	3.0721
1127	õe	61	1.1806	3.0721
1127	āu	61	1.1806	3.0721
1128	cb	60	1.1613	3.0649
1128	zm	60	1.1613	3.0649
1129	't	59	1.1419	3.0576
1129	sč	59	1.1419	3.0576
1130	lė	58	1.1225	3.0502
1130	zc	58	1.1225	3.0502
1130	ōv	58	1.1225	3.0502
1131	ém	57	1.1032	3.0427
1131	ôk	57	1.1032	3.0427
1131	üá	57	1.1032	3.0427
1131	þ$	57	1.1032	3.0427
1131	āk	57	1.1032	3.0427
1131	ęr	57	1.1032	3.0427
1131	ōn	57	1.1032	3.0427
1131	ūl	57	1.1032	3.0427
1132	ür	56	1.0838	3.0349
1132	āh	56	1.0838	3.0349
1132	ũo	56	1.0838	3.0349
1133	'm	55	1.0645	3.0271
1133	-z	55	1.0645	3.0271
1133	hc	55	1.0645	3.0271
1133	hü	55	1.0645	3.0271
1133	üú	55	1.0645	3.0271
1133	āi	55	1.0645	3.0271
1134	'e	54	1.0451	3.0192
1134	^õ	54	1.0451	3.0192
1134	iþ	54	1.0451	3.0192
1134	r'	54	1.0451	3.0192
1134	vė	54	1.0451	3.0192
1134	ôs	54	1.0451	3.0192
1134	õf	54	1.0451	3.0192
1134	đæ	54	1.0451	3.0192
1135	fc	53	1.0258	3.0111
1135	hä	53	1.0258	3.0111
1135	jp	53	1.0258	3.0111
1135	ğa	53	1.0258	3.0111
1136	^å	52	1.0064	3.0028
1136	dä	52	1.0064	3.0028
1136	vd	52	1.0064	3.0028
1136	xh	52	1.0064	3.0028
1136	áó	52	1.0064	3.0028
1136	āb	52	1.0064	3.0028
1137	fý	51	0.9871	2.9944
1137	pą	51	0.9871	2.9944
1137	yz	51	0.9871	2.9944
1137	íx	51	0.9871	2.9944
1137	íö	51	0.9871	2.9944
1137	ü$	51	0.9871	2.9944
1138	şi	50	0.9677	2.9857
1139	^ą	49	0.9484	2.977
1139	eö	49	0.9484	2.977
1139	tō	49	0.9484	2.977
1139	uö	49	0.9484	2.977
1139	vg	49	0.9484	2.977
1139	áō	49	0.9484	2.977
1139	äf	49	0.9484	2.977
1139	óó	49	0.9484	2.977
1139	úh	49	0.9484	2.977
1140	uí	48	0.929	2.968
1140	öh	48	0.929	2.968
1140	úū	48	0.929	2.968
1141	j-	47	0.9097	2.9589
1142	bä	46	0.8903	2.9495
1142	bō	46	0.8903	2.9495
1142	öó	46	0.8903	2.9495
1142	ųa	46	0.8903	2.9495
1143	bų	45	0.8709	2.94
1143	xb	45	0.8709	2.94
1143	éõ	45	0.8709	2.94
1144	'r	44	0.8516	2.9302
1144	hâ	44	0.8516	2.9302
1144	qa	44	0.8516	2.9302
1144	ôv	44	0.8516	2.9302
1144	ķæ	44	0.8516	2.9302
1144	şú	44	0.8516	2.9302
1145	eũ	43	0.8322	2.9202
1145	iw	43	0.8322	2.9202
1145	vx	43	0.8322	2.9202
1145	xw	43	0.8322	2.9202
1145	âr	43	0.8322	2.9202
1145	öv	43	0.8322	2.9202
1145	üv	43	0.8322	2.9202
1145	ūâ	43	0.8322	2.9202
1146	cz	42	0.8129	2.91
1146	áá	42	0.8129	2.91
1147	-é	41	0.7935	2.8995
1147	jb	41	0.7935	2.8995
1147	vh	41	0.7935	2.8995
1147	xk	41	0.7935	2.8995
1147	zt	41	0.7935	2.8995
1147	äk	41	0.7935	2.8995
1147	ôf	41	0.7935	2.8995
1147	ôm	41	0.7935	2.8995
1147	ũá	41	0.7935	2.8995
1147	ųr	41	0.7935	2.8995
1148	^ë	40	0.7742	2.8889
1148	nô	40	0.7742	2.8889
1148	sô	40	0.7742	2.8889
1148	ôg	40	0.7742	2.8889
1148	úõ	40	0.7742	2.8889
1148	đo	40	0.7742	2.8889
1148	đí	40	0.7742	2.8889
1149	-þ	39	0.7548	2.8778
1149	mų	39	0.7548	2.8778
1149	ëg	39	0.7548	2.8778
1149	õū	39	0.7548	2.8778
1150	cé	38	0.7355	2.8666
1150	dé	38	0.7355	2.8666
1150	kđ	38	0.7355	2.8666
1150	l'	38	0.7355	2.8666
1150	oq	38	0.7355	2.8666
1150	sō	38	0.7355	2.8666
1150	æ-	38	0.7355	2.8666
1150	év	38	0.7355	2.8666
1150	ėn	38	0.7355	2.8666
1150	şo	38	0.7355	2.8666
1151	'n	37	0.7161	2.855
1151	fþ	37	0.7161	2.855
1151	h'	37	0.7161	2.855
1151	kū	37	0.7161	2.855
1151	pâ	37	0.7161	2.855
1151	xv	37	0.7161	2.855
1151	ój	37	0.7161	2.855
1151	öō	37	0.7161	2.855
1151	úō	37	0.7161	2.855
1152	'i	36	0.6968	2.8431
1152	uq	36	0.6968	2.8431
1152	uô	36	0.6968	2.8431
1152	áô	36	0.6968	2.8431
1152	ö-	36	0.6968	2.8431
1152	ōm	36	0.6968	2.8431
1152	ũķ	36	0.6968	2.8431
1153	jõ	35	0.6774	2.8308
1153	ké	35	0.6774	2.8308
1153	ër	35	0.6774	2.8308
1153	óe	35	0.6774	2.8308
1153	öj	35	0.6774	2.8308
1154	eğ	34	0.658	2.8182
1154	fğ	34	0.658	2.8182
1154	oõ	34	0.658	2.8182
1154	úą	34	0.658	2.8182
1154	ąm	34	0.658	2.8182
1154	ėk	34	0.658	2.8182
1154	ũh	34	0.658	2.8182
1155	mý	33	0.6387	2.8053
1155	xg	33	0.6387	2.8053
1155	ķx	33	0.6387	2.8053
1155	ųi	33	0.6387	2.8053
1156	-ö	32	0.6193	2.7919
1156	dų	32	0.6193	2.7919
1156	hg	32	0.6193	2.7919
1156	äg	32	0.6193	2.7919
1156	ąk	32	0.6193	2.7919
1156	đö	32	0.6193	2.7919
1157	dô	31	0.6	2.7782
1157	fâ	31	0.6	2.7782
1157	jų	31	0.6	2.7782
1157	ân	31	0.6	2.7782
1157	å$	31	0.6	2.7782
1157	æó	31	0.6	2.7782
1157	õn	31	0.6	2.7782
1158	cö	30	0.5806	2.7639
1158	dz	30	0.5806	2.7639
1158	dō	30	0.5806	2.7639
1158	hô	30	0.5806	2.7639
1158	jr	30	0.5806	2.7639
1158	jí	30	0.5806	2.7639
1158	lð	30	0.5806	2.7639
1158	sđ	30	0.5806	2.7639
1158	zs	30	0.5806	2.7639
1158	âf	30	0.5806	2.7639
1158	äc	30	0.5806	2.7639
1158	ôp	30	0.5806	2.7639
1158	ôđ	30	0.5806	2.7639
1158	öö	30	0.5806	2.7639
1158	úí	30	0.5806	2.7639
1158	č$	30	0.5806	2.7639
1159	aş	29	0.5613	2.7492
1159	cj	29	0.5613	2.7492
1159	iý	29	0.5613	2.7492
1159	jé	29	0.5613	2.7492
1159	kō	29	0.5613	2.7492
1159	lâ	29	0.5613	2.7492
1159	lō	29	0.5613	2.7492
1159	mô	29	0.5613	2.7492
1159	nü	29	0.5613	2.7492
1159	nđ	29	0.5613	2.7492
1159	ōg	29	0.5613	2.7492
1159	ũe	29	0.5613	2.7492
1159	ũõ	29	0.5613	2.7492
1160	-ķ	28	0.5419	2.7339
1160	lô	28	0.5419	2.7339
1160	nâ	28	0.5419	2.7339
1160	rė	28	0.5419	2.7339
1160	uæ	28	0.5419	2.7339
1160	vk	28	0.5419	2.7339
1160	à$	28	0.5419	2.7339
1161	^à	27	0.5226	2.7182
1161	eí	27	0.5226	2.7182
1161	gé	27	0.5226	2.7182
1161	kô	27	0.5226	2.7182
1161	vf	27	0.5226	2.7182
1161	vó	27	0.5226	2.7182
1161	xc	27	0.5226	2.7182
1161	zr	27	0.5226	2.7182
1161	óá	27	0.5226	2.7182
1161	ąp	27	0.5226	2.7182
1162	bđ	26	0.5032	2.7017
1162	nō	26	0.5032	2.7017
1162	võ	26	0.5032	2.7017
1162	vđ	26	0.5032	2.7017
1162	wc	26	0.5032	2.7017
1162	yx	26	0.5032	2.7017
1162	ðá	26	0.5032	2.7017
1162	õb	26	0.5032	2.7017
1162	üj	26	0.5032	2.7017
1162	čt	26	0.5032	2.7017
1162	ōf	26	0.5032	2.7017
1163	dā	25	0.4839	2.6848
1163	hx	25	0.4839	2.6848
1163	hą	25	0.4839	2.6848
1163	iä	25	0.4839	2.6848
1163	js	25	0.4839	2.6848
1163	kä	25	0.4839	2.6848
1163	zķ	25	0.4839	2.6848
1163	äu	25	0.4839	2.6848
1163	éa	25	0.4839	2.6848
1163	úá	25	0.4839	2.6848
1163	üu	25	0.4839	2.6848
1163	üí	25	0.4839	2.6848
1163	āg	25	0.4839	2.6848
1163	ąf	25	0.4839	2.6848
1163	ķy	25	0.4839	2.6848
1164	'v	24	0.4645	2.667
1164	-x	24	0.4645	2.667
1164	kā	24	0.4645	2.667
1164	mō	24	0.4645	2.667
1164	äh	24	0.4645	2.667
1164	æa	24	0.4645	2.667
1164	æô	24	0.4645	2.667
1164	íô	24	0.4645	2.667
1164	đ'	24	0.4645	2.667
1164	ėt	24	0.4645	2.667
1165	'f	23	0.4451	2.6485
1165	gā	23	0.4451	2.6485
1165	hõ	23	0.4451	2.6485
1165	lq	23	0.4451	2.6485
1165	mđ	23	0.4451	2.6485
1165	oó	23	0.4451	2.6485
1165	zb	23	0.4451	2.6485
1165	zp	23	0.4451	2.6485
1165	zú	23	0.4451	2.6485
1165	ép	23	0.4451	2.6485
1165	î$	23	0.4451	2.6485
1165	üt	23	0.4451	2.6485
1165	ūb	23	0.4451	2.6485
1165	ūü	23	0.4451	2.6485
1166	bė	22	0.4258	2.6292
1166	gä	22	0.4258	2.6292
1166	hp	22	0.4258	2.6292
1166	rü	22	0.4258	2.6292
1166	rč	22	0.4258	2.6292
1166	âg	22	0.4258	2.6292
1166	âđ	22	0.4258	2.6292
1166	éh	22	0.4258	2.6292
1166	ðp	22	0.4258	2.6292
1166	õm	22	0.4258	2.6292
1166	ām	22	0.4258	2.6292
1167	bf	21	0.4064	2.609
1167	bg	21	0.4064	2.609
1167	cp	21	0.4064	2.609
1167	mü	21	0.4064	2.609
1167	wp	21	0.4064	2.609
1167	áö	21	0.4064	2.609
1167	áþ	21	0.4064	2.609
1167	íğ	21	0.4064	2.609
1167	õj	21	0.4064	2.609
1167	ýb	21	0.4064	2.609
1167	ūn	21	0.4064	2.609
1168	bp	20	0.3871	2.5878
1168	hę	20	0.3871	2.5878
1168	jd	20	0.3871	2.5878
1168	sõ	20	0.3871	2.5878
1168	æu	20	0.3871	2.5878
1168	ëi	20	0.3871	2.5878
1168	ët	20	0.3871	2.5878
1168	ōb	20	0.3871	2.5878
1168	şí	20	0.3871	2.5878
1168	ũv	20	0.3871	2.5878
1168	ūė	20	0.3871	2.5878
1169	'o	19	0.3677	2.5655
1169	aë	19	0.3677	2.5655
1169	cw	19	0.3677	2.5655
1169	jl	19	0.3677	2.5655
1169	nq	19	0.3677	2.5655
1169	äd	19	0.3677	2.5655
1169	æh	19	0.3677	2.5655
1169	ée	19	0.3677	2.5655
1169	ð-	19	0.3677	2.5655
1169	õt	19	0.3677	2.5655
1169	şé	19	0.3677	2.5655
1169	ųk	19	0.3677	2.5655
1170	^ŋ	18	0.3484	2.5421
1170	bw	18	0.3484	2.5421
1170	g'	18	0.3484	2.5421
1170	së	18	0.3484	2.5421
1170	u'	18	0.3484	2.5421
1170	zv	18	0.3484	2.5421
1170	æb	18	0.3484	2.5421
1170	éō	18	0.3484	2.5421
1170	în	18	0.3484	2.5421
1170	õh	18	0.3484	2.5421
1170	õk	18	0.3484	2.5421
1170	āv	18	0.3484	2.5421
1170	čl	18	0.3484	2.5421
1170	ėm	18	0.3484	2.5421
1170	ųl	18	0.3484	2.5421
1171	-q	17	0.329	2.5172
1171	bk	17	0.329	2.5172
1171	f'	17	0.329	2.5172
1171	gq	17	0.329	2.5172
1171	gþ	17	0.329	2.5172
1171	lõ	17	0.329	2.5172
1171	mę	17	0.329	2.5172
1171	s'	17	0.329	2.5172
1171	tî	17	0.329	2.5172
1171	tõ	17	0.329	2.5172
1171	äp	17	0.329	2.5172
1172	'ū	16	0.3097	2.4909
1172	jn	16	0.3097	2.4909
1172	kc	16	0.3097	2.4909
1172	kų	16	0.3097	2.4909
1172	sâ	16	0.3097	2.4909
1172	uw	16	0.3097	2.4909
1172	äb	16	0.3097	2.4909
1172	õo	16	0.3097	2.4909
1172	öe	16	0.3097	2.4909
1172	öô	16	0.3097	2.4909
1172	úú	16	0.3097	2.4909
1172	āp	16	0.3097	2.4909
1172	ėd	16	0.3097	2.4909
1172	ės	16	0.3097	2.4909
1172	ėđ	16	0.3097	2.4909
1172	ōe	16	0.3097	2.4909
1172	ūę	16	0.3097	2.4909
1173	-đ	15	0.2903	2.4628
1173	^ē	15	0.2903	2.4628
1173	aé	15	0.2903	2.4628
1173	bą	15	0.2903	2.4628
1173	cf	15	0.2903	2.4628
1173	dâ	15	0.2903	2.4628
1173	dþ	15	0.2903	2.4628
1173	k'	15	0.2903	2.4628
1173	pc	15	0.2903	2.4628
1173	pþ	15	0.2903	2.4628
1173	qt	15	0.2903	2.4628
1173	tä	15	0.2903	2.4628
1173	tā	15	0.2903	2.4628
1173	äv	15	0.2903	2.4628
1173	ææ	15	0.2903	2.4628
1173	ë$	15	0.2903	2.4628
1173	şv	15	0.2903	2.4628
1173	ũu	15	0.2903	2.4628
1173	ũú	15	0.2903	2.4628
1174	'k	14	0.271	2.433
1174	'u	14	0.271	2.433
1174	bā	14	0.271	2.433
1174	fw	14	0.271	2.433
1174	oé	14	0.271	2.433
1174	oō	14	0.271	2.433
1174	pā	14	0.271	2.433
1174	q-	14	0.271	2.433
1174	qh	14	0.271	2.433
1174	tė	14	0.271	2.433
1174	vt	14	0.271	2.433
1174	vv	14	0.271	2.433
1174	áğ	14	0.271	2.433
1174	âk	14	0.271	2.433
1174	åt	14	0.271	2.433
1174	ōh	14	0.271	2.433
1174	ōp	14	0.271	2.433
1174	ūđ	14	0.271	2.433
1175	'g	13	0.2516	2.4007
1175	bz	13	0.2516	2.4007
1175	bü	13	0.2516	2.4007
1175	fü	13	0.2516	2.4007
1175	gũ	13	0.2516	2.4007
1175	hë	13	0.2516	2.4007
1175	jh	13	0.2516	2.4007
1175	jü	13	0.2516	2.4007
1175	më	13	0.2516	2.4007
1175	rë	13	0.2516	2.4007
1175	zd	13	0.2516	2.4007
1175	zw	13	0.2516	2.4007
1175	áķ	13	0.2516	2.4007
1175	âo	13	0.2516	2.4007
1175	éj	13	0.2516	2.4007
1175	íy	13	0.2516	2.4007
1175	óú	13	0.2516	2.4007
1175	ôh	13	0.2516	2.4007
1175	üæ	13	0.2516	2.4007
1175	ŋ$	13	0.2516	2.4007
1175	ųđ	13	0.2516	2.4007
1176	'l	12	0.2323	2.366
1176	bô	12	0.2323	2.366
1176	c'	12	0.2323	2.366
1176	fč	12	0.2323	2.366
1176	gc	12	0.2323	2.366
1176	jw	12	0.2323	2.366
1176	lü	12	0.2323	2.366
1176	pw	12	0.2323	2.366
1176	pz	12	0.2323	2.366
1176	sę	12	0.2323	2.366
1176	ué	12	0.2323	2.366
1176	íú	12	0.2323	2.366
1176	îđ	12	0.2323	2.366
1176	üh	12	0.2323	2.366
1176	čđ	12	0.2323	2.366
1176	ėf	12	0.2323	2.366
1176	şj	12	0.2323	2.366
1176	şá	12	0.2323	2.366
1176	ũ-	12	0.2323	2.366
1176	ũū	12	0.2323	2.366
1176	ūë	12	0.2323	2.366
1177	'é	11	0.2129	2.3282
1177	bx	11	0.2129	2.3282
1177	cv	11	0.2129	2.3282
1177	dđ	11	0.2129	2.3282
1177	eñ	11	0.2129	2.3282
1177	gz	11	0.2129	2.3282
1177	gğ	11	0.2129	2.3282
1177	iņ	11	0.2129	2.3282
1177	jk	11	0.2129	2.3282
1177	ją	11	0.2129	2.3282
1177	m'	11	0.2129	2.3282
1177	p'	11	0.2129	2.3282
1177	pō	11	0.2129	2.3282
1177	qi	11	0.2129	2.3282
1177	qq	11	0.2129	2.3282
1177	rî	11	0.2129	2.3282
1177	sė	11	0.2129	2.3282
1177	v'	11	0.2129	2.3282
1177	vp	11	0.2129	2.3282
1177	äa	11	0.2129	2.3282
1177	é-	11	0.2129	2.3282
1177	ño	11	0.2129	2.3282
1177	óğ	11	0.2129	2.3282
1177	üs	11	0.2129	2.3282
1177	ķķ	11	0.2129	2.3282
1177	ōj	11	0.2129	2.3282
1177	ųm	11	0.2129	2.3282
1178	-ó	10	0.1935	2.2867
1178	dx	10	0.1935	2.2867
1178	hđ	10	0.1935	2.2867
1178	hō	10	0.1935	2.2867
1178	kþ	10	0.1935	2.2867
1178	mz	10	0.1935	2.2867
1178	vî	10	0.1935	2.2867
1178	ww	10	0.1935	2.2867
1178	xķ	10	0.1935	2.2867
1178	yy	10	0.1935	2.2867
1178	yô	10	0.1935	2.2867
1178	zk	10	0.1935	2.2867
1178	áé	10	0.1935	2.2867
1178	æū	10	0.1935	2.2867
1178	éó	10	0.1935	2.2867
1178	ðo	10	0.1935	2.2867
1178	óí	10	0.1935	2.2867
1178	ôe	10	0.1935	2.2867
1178	ýe	10	0.1935	2.2867
1178	ýó	10	0.1935	2.2867
1178	đé	10	0.1935	2.2867
1178	ėl	10	0.1935	2.2867
1178	ņa	10	0.1935	2.2867
1179	cķ	9	0.1742	2.241
1179	jc	9	0.1742	2.241
1179	jm	9	0.1742	2.241
1179	rę	9	0.1742	2.241
1179	sų	9	0.1742	2.241
1179	uğ	9	0.1742	2.241
1179	yó	9	0.1742	2.241
1179	äm	9	0.1742	2.241
1179	îl	9	0.1742	2.241
1179	îr	9	0.1742	2.241
1179	ðó	9	0.1742	2.241
1179	õd	9	0.1742	2.241
1179	öğ	9	0.1742	2.241
1179	úþ	9	0.1742	2.241
1179	ýa	9	0.1742	2.241
1179	āæ	9	0.1742	2.241
1179	ąb	9	0.1742	2.241
1179	ē$	9	0.1742	2.241
1179	ęt	9	0.1742	2.241
1179	ğe	9	0.1742	2.241
1179	ūō	9	0.1742	2.241
1180	bâ	8	0.1548	2.1898
1180	bõ	8	0.1548	2.1898
1180	cí	8	0.1548	2.1898
1180	eî	8	0.1548	2.1898
1180	jt	8	0.1548	2.1898
1180	kâ	8	0.1548	2.1898
1180	lı	8	0.1548	2.1898
1180	mė	8	0.1548	2.1898
1180	oö	8	0.1548	2.1898
1180	oū	8	0.1548	2.1898
1180	pė	8	0.1548	2.1898
1180	qb	8	0.1548	2.1898
1180	vb	8	0.1548	2.1898
1180	zü	8	0.1548	2.1898
1180	àt	8	0.1548	2.1898
1180	åg	8	0.1548	2.1898
1180	æğ	8	0.1548	2.1898
1180	ël	8	0.1548	2.1898
1180	ð'	8	0.1548	2.1898
1180	ðæ	8	0.1548	2.1898
1180	üb	8	0.1548	2.1898
1180	üy	8	0.1548	2.1898
1180	ýo	8	0.1548	2.1898
1180	čk	8	0.1548	2.1898
1180	čs	8	0.1548	2.1898
1180	ūô	8	0.1548	2.1898
1180	ųp	8	0.1548	2.1898
1181	^ø	7	0.1355	2.1319
1181	aā	7	0.1355	2.1319
1181	kx	7	0.1355	2.1319
1181	oô	7	0.1355	2.1319
1181	pô	7	0.1355	2.1319
1181	rı	7	0.1355	2.1319
1181	tâ	7	0.1355	2.1319
1181	tü	7	0.1355	2.1319
1181	xũ	7	0.1355	2.1319
1181	yō	7	0.1355	2.1319
1181	áí	7	0.1355	2.1319
1181	âb	7	0.1355	2.1319
1181	âi	7	0.1355	2.1319
1181	éô	7	0.1355	2.1319
1181	îs	7	0.1355	2.1319
1181	ðy	7	0.1355	2.1319
1181	óö	7	0.1355	2.1319
1181	ôj	7	0.1355	2.1319
1181	õé	7	0.1355	2.1319
1181	öū	7	0.1355	2.1319
1181	üc	7	0.1355	2.1319
1181	þb	7	0.1355	2.1319
1181	āe	7	0.1355	2.1319
1181	ğs	7	0.1355	2.1319
1182	'á	6	0.1161	2.0648
1182	'þ	6	0.1161	2.0648
1182	bū	6	0.1161	2.0648
1182	dü	6	0.1161	2.0648
1182	fų	6	0.1161	2.0648
1182	gü	6	0.1161	2.0648
1182	iā	6	0.1161	2.0648
1182	mq	6	0.1161	2.0648
1182	mx	6	0.1161	2.0648
1182	mõ	6	0.1161	2.0648
1182	nî	6	0.1161	2.0648
1182	pä	6	0.1161	2.0648
1182	pü	6	0.1161	2.0648
1182	qv	6	0.1161	2.0648
1182	tų	6	0.1161	2.0648
1182	vm	6	0.1161	2.0648
1182	wä	6	0.1161	2.0648
1182	yü	6	0.1161	2.0648
1182	àl	6	0.1161	2.0648
1182	áy	6	0.1161	2.0648
1182	áą	6	0.1161	2.0648
1182	âh	6	0.1161	2.0648
1182	âu	6	0.1161	2.0648
1182	äæ	6	0.1161	2.0648
1182	íé	6	0.1161	2.0648
1182	óx	6	0.1161	2.0648
1182	óæ	6	0.1161	2.0648
1182	õp	6	0.1161	2.0648
1182	üó	6	0.1161	2.0648
1182	ýá	6	0.1161	2.0648
1182	āa	6	0.1161	2.0648
1182	ād	6	0.1161	2.0648
1182	đú	6	0.1161	2.0648
1182	đũ	6	0.1161	2.0648
1182	ē'	6	0.1161	2.0648
1182	ğj	6	0.1161	2.0648
1182	ķ'	6	0.1161	2.0648
1182	ũô	6	0.1161	2.0648
1182	ũö	6	0.1161	2.0648
1182	ũō	6	0.1161	2.0648
1182	ū-	6	0.1161	2.0648
1182	ž$	6	0.1161	2.0648
1182	ˇ$	6	0.1161	2.0648
1183	'y	5	0.0968	1.9859
1183	'í	5	0.0968	1.9859
1183	gî	5	0.0968	1.9859
1183	hq	5	0.0968	1.9859
1183	hz	5	0.0968	1.9859
1183	jå	5	0.0968	1.9859
1183	kz	5	0.0968	1.9859
1183	lx	5	0.0968	1.9859
1183	lč	5	0.0968	1.9859
1183	nà	5	0.0968	1.9859
1183	nč	5	0.0968	1.9859
1183	oþ	5	0.0968	1.9859
1183	qe	5	0.0968	1.9859
1183	rà	5	0.0968	1.9859
1183	vc	5	0.0968	1.9859
1183	wv	5	0.0968	1.9859
1183	xr	5	0.0968	1.9859
1183	yá	5	0.0968	1.9859
1183	yú	5	0.0968	1.9859
1183	zf	5	0.0968	1.9859
1183	áú	5	0.0968	1.9859
1183	íæ	5	0.0968	1.9859
1183	ðö	5	0.0968	1.9859
1183	ó-	5	0.0968	1.9859
1183	ôb	5	0.0968	1.9859
1183	ôū	5	0.0968	1.9859
1183	õy	5	0.0968	1.9859
1183	üg	5	0.0968	1.9859
1183	ül	5	0.0968	1.9859
1183	ý-	5	0.0968	1.9859
1183	þg	5	0.0968	1.9859
1183	þl	5	0.0968	1.9859
1183	þà	5	0.0968	1.9859
1183	ąe	5	0.0968	1.9859
1183	čn	5	0.0968	1.9859
1183	ıj	5	0.0968	1.9859
1183	ıt	5	0.0968	1.9859
1183	ōd	5	0.0968	1.9859
1184	b'	4	0.0774	1.8887
1184	cá	4	0.0774	1.8887
1184	fë	4	0.0774	1.8887
1184	gx	4	0.0774	1.8887
1184	j'	4	0.0774	1.8887
1184	jg	4	0.0774	1.8887
1184	jq	4	0.0774	1.8887
1184	kî	4	0.0774	1.8887
1184	kü	4	0.0774	1.8887
1184	lî	4	0.0774	1.8887
1184	må	4	0.0774	1.8887
1184	mî	4	0.0774	1.8887
1184	oë	4	0.0774	1.8887
1184	px	4	0.0774	1.8887
1184	pđ	4	0.0774	1.8887
1184	pų	4	0.0774	1.8887
1184	qo	4	0.0774	1.8887
1184	tx	4	0.0774	1.8887
1184	vū	4	0.0774	1.8887
1184	w'	4	0.0774	1.8887
1184	wö	4	0.0774	1.8887
1184	xd	4	0.0774	1.8887
1184	xá	4	0.0774	1.8887
1184	xö	4	0.0774	1.8887
1184	xý	4	0.0774	1.8887
1184	yq	4	0.0774	1.8887
1184	yö	4	0.0774	1.8887
1184	zá	4	0.0774	1.8887
1184	äo	4	0.0774	1.8887
1184	åk	4	0.0774	1.8887
1184	år	4	0.0774	1.8887
1184	ås	4	0.0774	1.8887
1184	æe	4	0.0774	1.8887
1184	æą	4	0.0774	1.8887
1184	æķ	4	0.0774	1.8887
1184	è$	4	0.0774	1.8887
1184	é'	4	0.0774	1.8887
1184	éc	4	0.0774	1.8887
1184	éé	4	0.0774	1.8887
1184	éū	4	0.0774	1.8887
1184	ît	4	0.0774	1.8887
1184	ðí	4	0.0774	1.8887
1184	óo	4	0.0774	1.8887
1184	ôú	4	0.0774	1.8887
1184	öþ	4	0.0774	1.8887
1184	üf	4	0.0774	1.8887
1184	üm	4	0.0774	1.8887
1184	üý	4	0.0774	1.8887
1184	üđ	4	0.0774	1.8887
1184	ýh	4	0.0774	1.8887
1184	ąd	4	0.0774	1.8887
1184	đî	4	0.0774	1.8887
1184	ėu	4	0.0774	1.8887
1184	ığ	4	0.0774	1.8887
1184	şr	4	0.0774	1.8887
1184	şu	4	0.0774	1.8887
1184	ũy	4	0.0774	1.8887
1184	ūf	4	0.0774	1.8887
1184	ūg	4	0.0774	1.8887
1184	ųg	4	0.0774	1.8887
1184	ųu	4	0.0774	1.8887
1185	'j	3	0.0581	1.7642
1185	aä	3	0.0581	1.7642
1185	aî	3	0.0581	1.7642
1185	aņ	3	0.0581	1.7642
1185	bq	3	0.0581	1.7642
1185	có	3	0.0581	1.7642
1185	cú	3	0.0581	1.7642
1185	dq	3	0.0581	1.7642
1185	dî	3	0.0581	1.7642
1185	eæ	3	0.0581	1.7642
1185	gâ	3	0.0581	1.7642
1185	iü	3	0.0581	1.7642
1185	jy	3	0.0581	1.7642
1185	kõ	3	0.0581	1.7642
1185	mà	3	0.0581	1.7642
1185	nı	3	0.0581	1.7642
1185	oņ	3	0.0581	1.7642
1185	pq	3	0.0581	1.7642
1185	põ	3	0.0581	1.7642
1185	qw	3	0.0581	1.7642
1185	rˇ	3	0.0581	1.7642
1185	sè	3	0.0581	1.7642
1185	tð	3	0.0581	1.7642
1185	vę	3	0.0581	1.7642
1185	wz	3	0.0581	1.7642
1185	yí	3	0.0581	1.7642
1185	ài	3	0.0581	1.7642
1185	âe	3	0.0581	1.7642
1185	âv	3	0.0581	1.7642
1185	éí	3	0.0581	1.7642
1185	íz	3	0.0581	1.7642
1185	ðé	3	0.0581	1.7642
1185	óz	3	0.0581	1.7642
1185	óü	3	0.0581	1.7642
1185	óđ	3	0.0581	1.7642
1185	ôd	3	0.0581	1.7642
1185	õí	3	0.0581	1.7642
1185	öí	3	0.0581	1.7642
1185	ø$	3	0.0581	1.7642
1185	úô	3	0.0581	1.7642
1185	üd	3	0.0581	1.7642
1185	ýv	3	0.0581	1.7642
1185	āo	3	0.0581	1.7642
1185	ę$	3	0.0581	1.7642
1185	ęl	3	0.0581	1.7642
1185	įa	3	0.0581	1.7642
1185	ır	3	0.0581	1.7642
1185	ŋq	3	0.0581	1.7642
1185	ōæ	3	0.0581	1.7642
1185	ōí	3	0.0581	1.7642
1185	ōū	3	0.0581	1.7642
1185	şó	3	0.0581	1.7642
1185	şö	3	0.0581	1.7642
1185	ũx	3	0.0581	1.7642
1185	ūm	3	0.0581	1.7642
1185	ūt	3	0.0581	1.7642
1185	ųf	3	0.0581	1.7642
1186	'p	2	0.0387	1.5877
1186	'æ	2	0.0387	1.5877
1186	^î	2	0.0387	1.5877
1186	^ŗ	2	0.0387	1.5877
1186	aü	2	0.0387	1.5877
1186	aą	2	0.0387	1.5877
1186	bå	2	0.0387	1.5877
1186	cô	2	0.0387	1.5877
1186	dõ	2	0.0387	1.5877
1186	dė	2	0.0387	1.5877
1186	eþ	2	0.0387	1.5877
1186	fx	2	0.0387	1.5877
1186	fė	2	0.0387	1.5877
1186	gà	2	0.0387	1.5877
1186	hà	2	0.0387	1.5877
1186	jà	2	0.0387	1.5877
1186	jë	2	0.0387	1.5877
1186	lų	2	0.0387	1.5877
1186	nõ	2	0.0387	1.5877
1186	nį	2	0.0387	1.5877
1186	oá	2	0.0387	1.5877
1186	oí	2	0.0387	1.5877
1186	oü	2	0.0387	1.5877
1186	oķ	2	0.0387	1.5877
1186	qd	2	0.0387	1.5877
1186	ql	2	0.0387	1.5877
1186	qr	2	0.0387	1.5877
1186	rã	2	0.0387	1.5877
1186	rå	2	0.0387	1.5877
1186	rû	2	0.0387	1.5877
1186	sx	2	0.0387	1.5877
1186	sî	2	0.0387	1.5877
1186	tı	2	0.0387	1.5877
1186	uü	2	0.0387	1.5877
1186	uņ	2	0.0387	1.5877
1186	vz	2	0.0387	1.5877
1186	vā	2	0.0387	1.5877
1186	wj	2	0.0387	1.5877
1186	wî	2	0.0387	1.5877
1186	xz	2	0.0387	1.5877
1186	xú	2	0.0387	1.5877
1186	yþ	2	0.0387	1.5877
1186	yğ	2	0.0387	1.5877
1186	yķ	2	0.0387	1.5877
1186	àf	2	0.0387	1.5877
1186	àr	2	0.0387	1.5877
1186	às	2	0.0387	1.5877
1186	àð	2	0.0387	1.5877
1186	á'	2	0.0387	1.5877
1186	âa	2	0.0387	1.5877
1186	ão	2	0.0387	1.5877
1186	ål	2	0.0387	1.5877
1186	ån	2	0.0387	1.5877
1186	æú	2	0.0387	1.5877
1186	èr	2	0.0387	1.5877
1186	ëđ	2	0.0387	1.5877
1186	í'	2	0.0387	1.5877
1186	íc	2	0.0387	1.5877
1186	íw	2	0.0387	1.5877
1186	íā	2	0.0387	1.5877
1186	íũ	2	0.0387	1.5877
1186	îg	2	0.0387	1.5877
1186	îk	2	0.0387	1.5877
1186	îm	2	0.0387	1.5877
1186	ðq	2	0.0387	1.5877
1186	ðý	2	0.0387	1.5877
1186	óy	2	0.0387	1.5877
1186	õú	2	0.0387	1.5877
1186	øe	2	0.0387	1.5877
1186	øø	2	0.0387	1.5877
1186	úæ	2	0.0387	1.5877
1186	úó	2	0.0387	1.5877
1186	úö	2	0.0387	1.5877
1186	ûl	2	0.0387	1.5877
1186	üo	2	0.0387	1.5877
1186	ýu	2	0.0387	1.5877
1186	āū	2	0.0387	1.5877
1186	ąo	2	0.0387	1.5877
1186	đä	2	0.0387	1.5877
1186	ėa	2	0.0387	1.5877
1186	ėg	2	0.0387	1.5877
1186	ęs	2	0.0387	1.5877
1186	ğd	2	0.0387	1.5877
1186	ğg	2	0.0387	1.5877
1186	ğv	2	0.0387	1.5877
1186	įo	2	0.0387	1.5877
1186	ım	2	0.0387	1.5877
1186	ın	2	0.0387	1.5877
1186	ŗ$	2	0.0387	1.5877
1186	ūk	2	0.0387	1.5877
1186	ūî	2	0.0387	1.5877
1186	ūū	2	0.0387	1.5877
1187	''	1	0.0194	1.2878
1187	'w	1	0.0194	1.2878
1187	'ó	1	0.0194	1.2878
1187	'ö	1	0.0194	1.2878
1187	'đ	1	0.0194	1.2878
1187	-ũ	1	0.0194	1.2878
1187	^ï	1	0.0194	1.2878
1187	^ð	1	0.0194	1.2878
1187	^į	1	0.0194	1.2878
1187	^š	1	0.0194	1.2878
1187	aà	1	0.0194	1.2878
1187	aį	1	0.0194	1.2878
1187	aˇ	1	0.0194	1.2878
1187	bî	1	0.0194	1.2878
1187	cč	1	0.0194	1.2878
1187	då	1	0.0194	1.2878
1187	dı	1	0.0194	1.2878
1187	eá	1	0.0194	1.2878
1187	eý	1	0.0194	1.2878
1187	fà	1	0.0194	1.2878
1187	fè	1	0.0194	1.2878
1187	fî	1	0.0194	1.2878
1187	fę	1	0.0194	1.2878
1187	gå	1	0.0194	1.2878
1187	gų	1	0.0194	1.2878
1187	hå	1	0.0194	1.2878
1187	hè	1	0.0194	1.2878
1187	hø	1	0.0194	1.2878
1187	hū	1	0.0194	1.2878
1187	ič	1	0.0194	1.2878
1187	jv	1	0.0194	1.2878
1187	kq	1	0.0194	1.2878
1187	kī	1	0.0194	1.2878
1187	kı	1	0.0194	1.2878
1187	là	1	0.0194	1.2878
1187	lå	1	0.0194	1.2878
1187	lë	1	0.0194	1.2878
1187	lę	1	0.0194	1.2878
1187	lˇ	1	0.0194	1.2878
1187	mè	1	0.0194	1.2878
1187	nè	1	0.0194	1.2878
1187	në	1	0.0194	1.2878
1187	nˇ	1	0.0194	1.2878
1187	oî	1	0.0194	1.2878
1187	på	1	0.0194	1.2878
1187	pî	1	0.0194	1.2878
1187	qc	1	0.0194	1.2878
1187	qf	1	0.0194	1.2878
1187	qk	1	0.0194	1.2878
1187	qm	1	0.0194	1.2878
1187	qn	1	0.0194	1.2878
1187	qs	1	0.0194	1.2878
1187	qķ	1	0.0194	1.2878
1187	rį	1	0.0194	1.2878
1187	rş	1	0.0194	1.2878
1187	sà	1	0.0194	1.2878
1187	så	1	0.0194	1.2878
1187	sü	1	0.0194	1.2878
1187	sı	1	0.0194	1.2878
1187	tq	1	0.0194	1.2878
1187	vj	1	0.0194	1.2878
1187	vâ	1	0.0194	1.2878
1187	vä	1	0.0194	1.2878
1187	vü	1	0.0194	1.2878
1187	wx	1	0.0194	1.2878
1187	wí	1	0.0194	1.2878
1187	wü	1	0.0194	1.2878
1187	x'	1	0.0194	1.2878
1187	xq	1	0.0194	1.2878
1187	xą	1	0.0194	1.2878
1187	xū	1	0.0194	1.2878
1187	yæ	1	0.0194	1.2878
1187	yé	1	0.0194	1.2878
1187	yū	1	0.0194	1.2878
1187	zq	1	0.0194	1.2878
1187	zé	1	0.0194	1.2878
1187	àh	1	0.0194	1.2878
1187	àk	1	0.0194	1.2878
1187	áw	1	0.0194	1.2878
1187	áx	1	0.0194	1.2878
1187	áz	1	0.0194	1.2878
1187	áü	1	0.0194	1.2878
1187	áş	1	0.0194	1.2878
1187	âd	1	0.0194	1.2878
1187	âp	1	0.0194	1.2878
1187	äe	1	0.0194	1.2878
1187	åd	1	0.0194	1.2878
1187	åh	1	0.0194	1.2878
1187	åđ	1	0.0194	1.2878
1187	æé	1	0.0194	1.2878
1187	èk	1	0.0194	1.2878
1187	éx	1	0.0194	1.2878
1187	éö	1	0.0194	1.2878
1187	éğ	1	0.0194	1.2878
1187	ëu	1	0.0194	1.2878
1187	íq	1	0.0194	1.2878
1187	íş	1	0.0194	1.2878
1187	îc	1	0.0194	1.2878
1187	îe	1	0.0194	1.2878
1187	îv	1	0.0194	1.2878
1187	îz	1	0.0194	1.2878
1187	ï$	1	0.0194	1.2878
1187	ðú	1	0.0194	1.2878
1187	ðü	1	0.0194	1.2878
1187	ô-	1	0.0194	1.2878
1187	ôö	1	0.0194	1.2878
1187	õx	1	0.0194	1.2878
1187	õá	1	0.0194	1.2878
1187	õķ	1	0.0194	1.2878
1187	öz	1	0.0194	1.2878
1187	öú	1	0.0194	1.2878
1187	öü	1	0.0194	1.2878
1187	öķ	1	0.0194	1.2878
1187	øi	1	0.0194	1.2878
1187	øj	1	0.0194	1.2878
1187	øo	1	0.0194	1.2878
1187	ú'	1	0.0194	1.2878
1187	úé	1	0.0194	1.2878
1187	úî	1	0.0194	1.2878
1187	úğ	1	0.0194	1.2878
1187	û$	1	0.0194	1.2878
1187	ýþ	1	0.0194	1.2878
1187	þm	1	0.0194	1.2878
1187	þn	1	0.0194	1.2878
1187	āy	1	0.0194	1.2878
1187	āõ	1	0.0194	1.2878
1187	ąc	1	0.0194	1.2878
1187	ąh	1	0.0194	1.2878
1187	ąv	1	0.0194	1.2878
1187	čm	1	0.0194	1.2878
1187	čv	1	0.0194	1.2878
1187	đw	1	0.0194	1.2878
1187	đx	1	0.0194	1.2878
1187	ęc	1	0.0194	1.2878
1187	ęk	1	0.0194	1.2878
1187	ęo	1	0.0194	1.2878
1187	ęu	1	0.0194	1.2878
1187	ęđ	1	0.0194	1.2878
1187	ğk	1	0.0194	1.2878
1187	ğn	1	0.0194	1.2878
1187	ğr	1	0.0194	1.2878
1187	īn	1	0.0194	1.2878
1187	īī	1	0.0194	1.2878
1187	ı$	1	0.0194	1.2878
1187	ıs	1	0.0194	1.2878
1187	ķé	1	0.0194	1.2878
1187	ņe	1	0.0194	1.2878
1187	ņr	1	0.0194	1.2878
1187	ŋc	1	0.0194	1.2878
1187	ŋt	1	0.0194	1.2878
1187	ōo	1	0.0194	1.2878
1187	ōy	1	0.0194	1.2878
1187	ōö	1	0.0194	1.2878
1187	şy	1	0.0194	1.2878
1187	şæ	1	0.0194	1.2878
1187	şû	1	0.0194	1.2878
1187	š$	1	0.0194	1.2878
1187	ũí	1	0.0194	1.2878
1187	ũą	1	0.0194	1.2878
1187	ūs	1	0.0194	1.2878
1187	ūå	1	0.0194	1.2878
1187	ųb	1	0.0194	1.2878
1187	ųe	1	0.0194	1.2878
1187	ųh	1	0.0194	1.2878
1187	žž	1	0.0194	1.2878
