Rank	Bigram	Frequency	Frequency per million	Zipf value
1	s$	614356	40120.8649	7.6034
2	u$	332326	21702.7368	7.3365
3	ie	311922	20370.2421	7.309
4	^t	297004	19396.0137	7.2877
5	i$	292326	19090.5142	7.2808
6	a$	237278	15495.5736	7.1902
7	^v	225046	14696.7559	7.1672
8	^n	212455	13874.4935	7.1422
9	es	211327	13800.8289	7.1399
10	^k	210301	13733.8254	7.1378
11	^p	207390	13543.7209	7.1317
12	^m	159399	10409.6416	7.0174
13	vi	159182	10395.4702	7.0168
14	ka	158561	10354.9155	7.0151
15	as	157881	10310.5077	7.0133
16	t$	155273	10140.1908	7.006
17	r$	147669	9643.6073	6.9842
18	ai	144553	9440.1152	6.975
19	^i	142287	9292.1327	6.9681
20	ar	140984	9207.0396	6.9641
21	ā$	137064	8951.0418	6.9519
22	^s	134989	8815.5327	6.9452
23	^a	129528	8458.8991	6.9273
24	ti	121908	7961.2707	6.901
25	pa	119571	7808.6516	6.8926
26	ta	115940	7571.5271	6.8792
27	ne	112947	7376.0675	6.8678
28	tu	112644	7356.2799	6.8667
29	^d	109785	7169.5713	6.8555
30	^e	108990	7117.6534	6.8523
31	ma	107605	7027.2052	6.8468
32	m$	107421	7015.189	6.846
33	is	104958	6854.3414	6.836
34	o$	103864	6782.8971	6.8314
35	va	103722	6773.6237	6.8308
36	an	101254	6612.4496	6.8204
37	ir	100477	6561.7071	6.817
38	ja	100464	6560.8582	6.817
39	at	99169	6476.2875	6.8113
40	^l	98680	6444.353	6.8092
41	^j	98245	6415.9451	6.8073
42	^b	95035	6206.3143	6.7928
43	n$	85211	5564.7524	6.7454
44	la	85157	5561.2259	6.7452
45	au	85132	5559.5933	6.745
46	st	82041	5357.7338	6.729
47	et	80117	5232.0859	6.7187
48	sa	78065	5098.0788	6.7074
49	en	77641	5070.3893	6.705
50	iņ	77401	5054.7159	6.7037
51	te	77106	5035.4508	6.702
52	^u	74712	4879.1093	6.6883
53	ri	73753	4816.4812	6.6827
54	in	72669	4745.69	6.6763
55	no	72603	4741.3798	6.6759
56	ik	71536	4671.6988	6.6695
57	si	70976	4635.1277	6.6661
58	tā	70223	4585.9526	6.6614
59	dz	69162	4516.6634	6.6548
60	na	68780	4491.7167	6.6524
61	li	66962	4372.9912	6.6408
62	ra	66645	4352.2893	6.6387
63	am	66533	4344.9751	6.638
64	ei	66180	4321.9222	6.6357
65	un	65511	4278.2328	6.6313
66	kā	64961	4242.3147	6.6276
67	iz	60411	3945.1744	6.5961
68	ev	60095	3924.5379	6.5938
69	da	59012	3853.8119	6.5859
70	ju	57791	3774.0738	6.5768
71	ni	55484	3623.4139	6.5591
72	ga	55442	3620.6711	6.5588
73	jā	54689	3571.496	6.5529
74	ad	54430	3554.5818	6.5508
75	ko	54220	3540.8677	6.5491
76	^g	53698	3506.7782	6.5449
77	nā	53374	3485.6192	6.5423
78	zi	52903	3454.8602	6.5384
79	to	52551	3431.8727	6.5355
80	ek	52372	3420.183	6.534
81	ij	51825	3384.4608	6.5295
82	bi	51630	3371.7263	6.5279
83	di	51375	3355.0733	6.5257
84	pi	51258	3347.4326	6.5247
85	ku	50884	3323.0083	6.5215
86	er	50859	3321.3757	6.5213
87	al	49410	3226.7479	6.5088
88	um	48611	3174.5688	6.5017
89	av	48318	3155.4342	6.4991
90	ot	47872	3126.3079	6.495
91	e$	47614	3109.4591	6.4927
92	ci	46913	3063.6799	6.4862
93	em	45615	2978.9133	6.4741
94	us	43162	2818.7187	6.4501
95	mu	42985	2807.1597	6.4483
96	ur	41829	2731.6664	6.4364
97	^r	40797	2664.2711	6.4256
98	re	40762	2661.9854	6.4252
99	k$	40004	2612.4838	6.4171
100	ār	39958	2609.4797	6.4166
101	z$	39849	2602.3614	6.4154
102	ro	39534	2581.7902	6.4119
103	ab	39397	2572.8433	6.4104
104	mi	38971	2545.0231	6.4057
105	ks	38790	2533.2028	6.4037
106	ed	37908	2475.6033	6.3937
107	rī	37754	2465.5463	6.3919
108	ms	37306	2436.2894	6.3867
109	ak	37276	2434.3302	6.3864
110	nu	36978	2414.8691	6.3829
111	pr	36631	2392.2081	6.3788
112	āt	36571	2388.2898	6.3781
113	āj	36272	2368.7634	6.3745
114	v$	36250	2367.3267	6.3743
115	uz	36097	2357.3349	6.3724
116	os	36035	2353.286	6.3717
117	ūs	35780	2336.6331	6.3686
118	tr	35516	2319.3924	6.3654
119	el	35511	2319.0659	6.3653
120	d$	35406	2312.2088	6.364
121	ās	35384	2310.7721	6.3638
122	ēj	35332	2307.3762	6.3631
123	do	35271	2303.3925	6.3624
124	ve	35199	2298.6905	6.3615
125	ād	35175	2297.1232	6.3612
126	^š	34475	2251.4093	6.3525
127	rā	34210	2234.1033	6.3491
128	ru	33583	2193.1567	6.3411
129	āk	32632	2131.0512	6.3286
130	vē	32566	2126.741	6.3277
131	sk	32183	2101.729	6.3226
132	mē	30996	2024.2113	6.3063
133	^z	30784	2010.3665	6.3033
134	ba	30632	2000.44	6.3011
135	^c	30063	1963.2812	6.293
136	īt	29992	1958.6445	6.292
137	be	29976	1957.5996	6.2917
138	ēt	29893	1952.1792	6.2905
139	il	29626	1934.7426	6.2866
140	pē	29576	1931.4774	6.2859
141	mā	29189	1906.2041	6.2802
142	me	28605	1868.0657	6.2714
143	ji	28561	1865.1922	6.2707
144	id	28453	1858.1392	6.2691
145	ap	28382	1853.5025	6.268
146	ts	28210	1842.27	6.2654
147	ē$	27577	1800.9315	6.2555
148	š$	27188	1775.5277	6.2493
149	tī	26915	1757.6992	6.2449
150	ņa	26911	1757.438	6.2449
151	ām	26910	1757.3727	6.2449
152	it	26772	1748.3606	6.2426
153	ns	26621	1738.4994	6.2402
154	ēs	26523	1732.0995	6.2386
155	gr	26449	1727.2669	6.2374
156	sm	26186	1710.0915	6.233
157	om	26144	1707.3487	6.2323
158	bū	25983	1696.8345	6.2296
159	īg	25544	1668.1653	6.2222
160	kt	24771	1617.6841	6.2089
161	im	24636	1608.8679	6.2065
162	rs	23737	1550.1582	6.1904
163	īb	23704	1548.0031	6.1898
164	ūt	23105	1508.8851	6.1787
165	c$	23100	1508.5585	6.1786
166	su	22620	1477.2119	6.1694
167	ša	22326	1458.012	6.1638
168	lī	22171	1447.8897	6.1607
169	jū	21986	1435.8081	6.1571
170	de	21859	1427.5143	6.1546
171	ag	21774	1421.9633	6.1529
172	zī	21568	1408.5104	6.1488
173	ēr	21548	1407.2043	6.1484
174	od	21366	1395.3187	6.1447
175	ēl	21356	1394.6656	6.1445
176	kl	21160	1381.8657	6.1405
177	dr	21156	1381.6045	6.1404
178	le	20916	1365.9312	6.1354
179	du	20854	1361.8822	6.1341
180	oj	20757	1355.5476	6.1321
181	ņš	20734	1354.0456	6.1316
182	on	20723	1353.3272	6.1314
183	ud	20296	1325.4417	6.1224
184	aj	19970	1304.1521	6.1153
185	ši	19948	1302.7154	6.1148
186	šu	19930	1301.5399	6.1145
187	nē	19907	1300.0379	6.114
188	sp	19736	1288.8706	6.1102
189	pā	19616	1281.0339	6.1076
190	lē	19594	1279.5972	6.1071
191	dī	19260	1257.7852	6.0996
192	or	19233	1256.0219	6.099
193	ic	18911	1234.9935	6.0917
194	īs	18816	1228.7895	6.0895
195	ec	18500	1208.1529	6.0821
196	bu	18361	1199.0755	6.0788
197	br	18269	1193.0673	6.0767
198	rt	17862	1166.488	6.0669
199	ki	17762	1159.9574	6.0644
200	ņu	17742	1158.6513	6.064
201	nī	17538	1145.329	6.0589
202	lā	17412	1137.1005	6.0558
203	se	17361	1133.7699	6.0545
204	dē	16858	1100.9212	6.0418
205	nt	16722	1092.0396	6.0382
206	jo	16584	1083.0275	6.0346
207	īj	16174	1056.2522	6.0238
208	ce	16120	1052.7257	6.0223
209	ut	15821	1033.1993	6.0142
210	ol	15804	1032.0891	6.0137
211	āp	15541	1014.9138	6.0064
212	ez	15429	1007.5995	6.0033
213	rē	15361	1003.1588	6.0014
214	dā	15239	995.1915	5.9979
215	ib	15184	991.5997	5.9963
216	gs	15175	991.0119	5.9961
217	zē	15088	985.3303	5.9936
218	ī$	15013	980.4324	5.9914
219	gu	14975	977.9508	5.9903
220	ep	14801	966.5876	5.9852
221	ēc	14460	944.3185	5.9751
222	rd	14388	939.6165	5.973
223	bā	14239	929.8859	5.9684
224	sl	14187	926.49	5.9668
225	ej	14037	916.6942	5.9622
226	ze	13854	904.7433	5.9565
227	j$	13797	901.0209	5.9547
228	īd	13781	899.976	5.9542
229	gi	13602	888.2863	5.9486
230	vu	13535	883.9108	5.9464
231	pu	13261	866.0171	5.9375
232	ok	13189	861.3151	5.9352
233	ld	13181	860.7926	5.9349
234	az	13173	860.2702	5.9346
235	vā	13158	859.2906	5.9341
236	ul	13130	857.4621	5.9332
237	l$	13113	856.3519	5.9327
238	tē	12981	847.7315	5.9283
239	ņi	12880	841.1357	5.9249
240	eš	12874	840.7438	5.9247
241	lu	12751	832.7112	5.9205
242	lo	12738	831.8623	5.9201
243	ss	12735	831.6664	5.9199
244	šo	12388	809.0053	5.908
245	gā	12085	789.2177	5.8972
246	uk	12084	789.1524	5.8972
247	rb	12076	788.63	5.8969
248	āc	12015	784.6463	5.8947
249	sā	11979	782.2953	5.8934
250	īv	11844	773.4791	5.8884
251	nd	11752	767.471	5.8851
252	oš	11748	767.2098	5.8849
253	kr	11384	743.4385	5.8712
254	ls	11318	739.1284	5.8687
255	zv	11223	732.9243	5.8651
256	zs	11155	728.4836	5.8624
257	^f	10773	703.5368	5.8473
258	ds	10697	698.5736	5.8442
259	dž	10602	692.3696	5.8403
260	eg	10544	688.5819	5.838
261	^h	10520	687.0145	5.837
262	kš	10459	683.0309	5.8344
263	šā	10442	681.9207	5.8337
264	rm	10416	680.2228	5.8327
265	mī	10401	679.2432	5.832
266	sv	10389	678.4595	5.8315
267	za	10178	664.68	5.8226
268	so	10070	657.627	5.818
269	ca	10035	655.3413	5.8165
270	ūd	9993	652.5985	5.8146
271	eb	9876	644.9577	5.8095
272	op	9856	643.6516	5.8087
273	mo	9818	641.17	5.807
274	āl	9767	637.8394	5.8047
275	vo	9734	635.6844	5.8032
276	zu	9699	633.3987	5.8017
277	ļa	9653	630.3946	5.7996
278	lv	9510	621.0559	5.7931
279	cī	9466	618.1825	5.7911
280	ug	9352	610.7376	5.7859
281	pe	9209	601.3989	5.7792
282	bē	9109	594.8684	5.7744
283	vs	8907	581.6767	5.7647
284	mū	8806	575.0808	5.7597
285	uc	8748	571.2931	5.7569
286	lū	8703	568.3543	5.7546
287	īn	8501	555.1626	5.7444
288	ēk	8495	554.7708	5.7441
289	^o	8438	551.0483	5.7412
290	zd	8390	547.9137	5.7387
291	sī	8199	535.4403	5.7287
292	uš	8180	534.1995	5.7277
293	āv	8142	531.7179	5.7257
294	rš	8137	531.3914	5.7254
295	ēm	8104	529.2363	5.7236
296	ng	8084	527.9302	5.7226
297	ēd	8058	526.2322	5.7212
298	šī	7899	515.8486	5.7125
299	īk	7808	509.9058	5.7075
300	aš	7780	508.0773	5.7059
301	^ļ	7748	505.9875	5.7041
302	ķi	7735	505.1385	5.7034
303	vī	7564	493.9713	5.6937
304	aļ	7560	493.7101	5.6935
305	ee	7521	491.1631	5.6912
306	rk	7491	489.204	5.6895
306	tn	7491	489.204	5.6895
307	og	7351	480.0612	5.6813
308	še	7217	471.3103	5.6733
309	po	7203	470.396	5.6725
310	ln	7183	469.0899	5.6713
311	js	7087	462.8205	5.6654
312	zm	7034	459.3593	5.6622
313	ps	6995	456.8124	5.6597
314	bo	6979	455.7675	5.6587
315	ig	6879	449.237	5.6525
316	iv	6857	447.8003	5.6511
317	rp	6832	446.1676	5.6495
318	tv	6783	442.9676	5.6464
319	ņe	6692	437.0248	5.6405
320	zt	6643	433.8249	5.6373
321	ob	6632	433.1065	5.6366
322	ļ$	6599	430.9514	5.6344
323	^ā	6492	423.9637	5.6273
324	nk	6456	421.6127	5.6249
325	gl	6359	415.2781	5.6183
326	sē	6263	409.0087	5.6117
327	ļo	6234	407.1149	5.6097
328	īl	6149	401.5639	5.6038
329	īš	6126	400.0619	5.6021
330	rg	6070	396.4048	5.5981
331	rn	6035	394.1191	5.5956
332	pl	6017	392.9436	5.5943
333	ģi	5830	380.7314	5.5806
334	lt	5793	378.3151	5.5779
335	šķ	5727	374.005	5.5729
336	rv	5723	373.7437	5.5726
337	oz	5681	371.0009	5.5694
338	sn	5676	370.6744	5.569
339	ču	5461	356.6337	5.5522
340	go	5430	354.6092	5.5497
341	īm	5398	352.5194	5.5472
342	ac	5397	352.4541	5.5471
343	fi	5358	349.9072	5.544
344	ea	5345	349.0582	5.5429
345	īr	5323	347.6215	5.5411
346	eļ	5271	344.2256	5.5368
347	cu	5270	344.1603	5.5368
348	kļ	5233	341.744	5.5337
349	p$	5210	340.242	5.5318
350	rū	5132	335.1482	5.5252
351	že	5115	334.038	5.5238
352	pī	5065	330.7727	5.5195
353	ān	5044	329.4013	5.5177
354	^ī	4945	322.936	5.5091
355	g$	4922	321.434	5.5071
356	tk	4874	318.2993	5.5028
357	up	4851	316.7973	5.5008
358	ke	4821	314.8381	5.4981
359	ll	4803	313.6626	5.4965
360	ļu	4737	309.3525	5.4905
361	uj	4727	308.6994	5.4895
362	ha	4709	307.5239	5.4879
363	ov	4680	305.63	5.4852
364	ēļ	4596	300.1444	5.4773
365	ač	4558	297.6628	5.4737
366	zl	4521	295.2465	5.4702
367	^č	4392	286.822	5.4576
368	fo	4391	286.7567	5.4575
369	pt	4338	283.2955	5.4522
370	uv	4326	282.5119	5.451
371	gt	4275	279.1813	5.4459
372	cā	4236	276.6344	5.4419
373	cē	4191	273.6956	5.4373
374	ža	4174	272.5854	5.4355
375	zā	4084	266.7079	5.426
375	ļā	4084	266.7079	5.426
376	sū	4033	263.3773	5.4206
377	ip	4027	262.9855	5.4199
378	aņ	4000	261.2223	5.417
379	he	3963	258.8059	5.413
380	āb	3955	258.2835	5.4121
381	zo	3924	256.259	5.4087
382	ēn	3904	254.9529	5.4065
383	ūk	3808	248.6836	5.3956
384	zb	3735	243.9163	5.3872
385	zg	3709	242.2183	5.3842
386	ui	3706	242.0224	5.3839
387	tb	3694	241.2388	5.3824
388	lk	3655	238.6918	5.3778
389	eņ	3571	233.2062	5.3677
390	rl	3534	230.7899	5.3632
391	žo	3505	228.896	5.3596
392	bl	3491	227.9817	5.3579
392	bs	3491	227.9817	5.3579
393	ēš	3473	226.8062	5.3557
394	īc	3468	226.4797	5.355
395	tg	3466	226.3491	5.3548
396	aa	3409	222.6267	5.3476
397	tū	3378	220.6022	5.3436
398	ēg	3344	218.3818	5.3392
399	ēv	3328	217.3369	5.3371
400	tp	3318	216.6839	5.3358
401	mt	3294	215.1165	5.3327
402	io	3287	214.6594	5.3317
403	zr	3263	213.0921	5.3286
404	zn	3252	212.3737	5.3271
405	īz	3179	207.6064	5.3172
406	ež	3171	207.0839	5.3161
407	āš	3087	201.5983	5.3045
408	lg	3069	200.4228	5.3019
409	mm	3017	197.0269	5.2945
410	^ē	2971	194.0228	5.2879
411	je	2949	192.5861	5.2846
412	iš	2933	191.5412	5.2823
413	fr	2920	190.6922	5.2803
414	b$	2907	189.8433	5.2784
415	ži	2877	187.8841	5.2739
416	až	2737	178.7413	5.2522
417	ļi	2696	176.0638	5.2457
418	ļū	2690	175.672	5.2447
419	fe	2662	173.8434	5.2402
420	ho	2631	171.8189	5.2351
421	zk	2618	170.97	5.2329
422	mp	2601	169.8598	5.2301
423	uļ	2594	169.4026	5.2289
424	ķe	2593	169.3373	5.2288
425	oc	2592	169.272	5.2286
426	āz	2581	168.5537	5.2267
427	žē	2551	166.5945	5.2217
428	žu	2531	165.2884	5.2182
429	^ž	2510	163.917	5.2146
430	ķī	2455	160.3252	5.205
431	^ķ	2417	157.8435	5.1982
432	ūr	2357	153.9252	5.1873
433	ēģ	2350	153.4681	5.186
434	lp	2336	152.5538	5.1834
435	^ņ	2300	150.2028	5.1767
436	īļ	2297	150.0069	5.1761
437	ņo	2291	149.615	5.175
438	ii	2286	149.2885	5.174
439	ņē	2282	149.0273	5.1733
440	tl	2279	148.8314	5.1727
441	tc	2239	146.2192	5.165
442	fa	2232	145.762	5.1636
443	pk	2210	144.3253	5.1593
444	nc	2197	143.4763	5.1568
445	tt	2193	143.2151	5.156
446	zp	2183	142.562	5.154
447	gš	2165	141.3865	5.1504
448	ef	2157	140.8641	5.1488
449	mb	2152	140.5376	5.1478
450	ūp	2141	139.8192	5.1456
451	co	2133	139.2968	5.1439
452	^ģ	2127	138.9049	5.1427
453	ģe	2116	138.1866	5.1405
454	ēp	2112	137.9254	5.1396
455	če	2109	137.7294	5.139
456	nm	2107	137.5988	5.1386
457	ub	2056	134.2682	5.128
458	ņ$	2051	133.9417	5.1269
459	bī	2014	131.5254	5.119
460	āi	2008	131.1336	5.1177
461	td	1971	128.7173	5.1096
462	ūl	1970	128.652	5.1094
463	ņā	1917	125.1908	5.0976
464	pn	1889	123.3622	5.0912
465	ča	1885	123.101	5.0903
466	ia	1862	121.599	5.0849
467	ūš	1859	121.403	5.0842
468	jē	1858	121.3377	5.084
469	nn	1826	119.248	5.0765
470	eu	1769	115.5255	5.0627
471	šs	1739	113.5664	5.0552
472	if	1738	113.5011	5.055
473	pm	1735	113.3052	5.0542
474	zņ	1724	112.5868	5.0515
475	of	1719	112.2603	5.0502
476	ķē	1707	111.4766	5.0472
477	kv	1663	108.6032	5.0358
478	lj	1661	108.4725	5.0353
479	hi	1652	107.8848	5.033
480	dv	1623	105.9909	5.0253
481	īp	1622	105.9256	5.025
482	ge	1621	105.8603	5.0247
483	tm	1609	105.0767	5.0215
484	ou	1606	104.8807	5.0207
484	ū$	1606	104.8807	5.0207
485	āa	1583	103.3787	5.0144
486	lm	1556	101.6155	5.007
487	lc	1502	98.089	4.9916
488	km	1490	97.3053	4.9881
489	lb	1482	96.7828	4.9858
490	pj	1475	96.3257	4.9837
491	aģ	1459	95.2808	4.979
492	hā	1418	92.6033	4.9666
493	mš	1416	92.4727	4.966
494	nū	1393	90.9707	4.9589
495	oņ	1392	90.9053	4.9586
496	ēz	1386	90.5135	4.9567
497	pū	1363	89.0115	4.9494
497	či	1363	89.0115	4.9494
498	af	1350	88.1625	4.9453
499	sh	1332	86.987	4.9395
500	pš	1331	86.9217	4.9391
501	dn	1326	86.5952	4.9375
502	iā	1322	86.334	4.9362
503	kū	1306	85.2891	4.9309
504	nf	1298	84.7666	4.9282
505	gū	1268	82.8075	4.9181
506	oh	1236	80.7177	4.907
507	kk	1194	77.9748	4.892
507	ž$	1194	77.9748	4.892
508	eo	1189	77.6483	4.8901
509	ūž	1188	77.583	4.8898
510	h$	1184	77.3218	4.8883
511	rz	1159	75.6891	4.879
512	lz	1156	75.4932	4.8779
513	žā	1147	74.9055	4.8745
514	^ū	1144	74.7096	4.8734
515	zz	1143	74.6443	4.873
516	ļķ	1128	73.6647	4.8673
517	ūz	1100	71.8361	4.8563
518	kn	1088	71.0525	4.8516
519	bk	1080	70.53	4.8484
520	iļ	1076	70.2688	4.8468
521	ūg	1073	70.0729	4.8456
522	bt	1072	70.0076	4.8451
523	rc	1066	69.6157	4.8427
524	sd	1061	69.2892	4.8407
525	dm	1052	68.7015	4.837
526	iž	1048	68.4402	4.8353
527	lr	1028	67.1341	4.8269
528	ič	1026	67.0035	4.8261
529	nš	1023	66.8076	4.8248
530	mn	1007	65.7627	4.818
531	uģ	996	65.0443	4.8132
532	fu	990	64.6525	4.8106
533	oi	987	64.4566	4.8093
534	ož	973	63.5423	4.8031
535	pg	962	62.824	4.7981
536	ūj	955	62.3668	4.795
537	nj	931	60.7995	4.7839
538	lf	920	60.0811	4.7787
539	fl	914	59.6893	4.7759
540	rķ	906	59.1668	4.7721
541	ģē	892	58.2526	4.7653
542	tļ	879	57.4036	4.7589
543	uā	853	55.7056	4.7459
544	nv	848	55.3791	4.7433
545	āg	838	54.7261	4.7382
546	aķ	825	53.8771	4.7314
547	uņ	822	53.6812	4.7298
548	tj	811	52.9628	4.724
549	eā	801	52.3098	4.7186
550	vj	799	52.1791	4.7175
551	mj	793	51.7873	4.7142
552	rr	790	51.5914	4.7126
553	zc	784	51.1996	4.7093
554	dū	783	51.1343	4.7087
555	tz	781	51.0036	4.7076
556	iķ	779	50.873	4.7065
557	ah	774	50.5465	4.7037
558	kc	764	49.8935	4.698
559	gn	762	49.7628	4.6969
560	â$	750	48.9792	4.69
561	oč	739	48.2608	4.6836
562	ä$	731	47.7384	4.6789
563	nr	730	47.6731	4.6783
564	āļ	724	47.2812	4.6747
565	už	721	47.0853	4.6729
565	y$	721	47.0853	4.6729
566	bj	714	46.6282	4.6686
567	gļ	710	46.367	4.6662
568	ua	706	46.1057	4.6638
569	sb	703	45.9098	4.6619
570	šr	700	45.7139	4.66
571	žī	697	45.518	4.6582
572	pd	684	44.669	4.65
573	uu	680	44.4078	4.6475
574	eķ	679	44.3425	4.6468
575	zj	674	44.0159	4.6436
576	oķ	673	43.9506	4.643
577	šē	671	43.82	4.6417
578	eh	656	42.8404	4.6319
579	th	655	42.7751	4.6312
580	uķ	653	42.6445	4.6299
581	f$	650	42.4486	4.6279
582	hu	647	42.2527	4.6259
583	pb	643	41.9915	4.6232
584	pņ	642	41.9262	4.6225
585	ķu	633	41.3384	4.6164
585	šn	633	41.3384	4.6164
586	āņ	626	40.8813	4.6115
587	šņ	622	40.6201	4.6087
588	pc	611	39.9017	4.601
589	oa	607	39.6405	4.5981
590	ūc	588	38.3997	4.5843
591	āž	585	38.2038	4.5821
592	ņķ	584	38.1384	4.5814
593	ih	581	37.9425	4.5791
594	ķa	579	37.8119	4.5776
595	čo	577	37.6813	4.5761
596	št	564	36.8323	4.5662
597	sg	562	36.7017	4.5647
598	eģ	561	36.6364	4.5639
599	īņ	556	36.3099	4.56
600	ģī	554	36.1793	4.5585
601	oo	551	35.9834	4.5561
602	kē	542	35.3956	4.5489
603	pv	538	35.1344	4.5457
604	ūn	526	34.3507	4.5359
605	iu	523	34.1548	4.5335
605	āf	523	34.1548	4.5335
606	^w	522	34.0895	4.5326
607	tš	521	34.0242	4.5318
608	md	508	33.1752	4.5208
609	pļ	507	33.1099	4.52
610	eč	504	32.914	4.5174
610	tâ	504	32.914	4.5174
611	rf	503	32.8487	4.5165
611	čā	503	32.8487	4.5165
612	ch	497	32.4569	4.5113
612	žs	497	32.4569	4.5113
613	ēķ	496	32.3916	4.5104
614	ūv	493	32.1956	4.5078
615	zū	490	31.9997	4.5051
616	nč	487	31.8038	4.5025
617	vn	486	31.7385	4.5016
618	mr	485	31.6732	4.5007
618	rj	485	31.6732	4.5007
619	rž	483	31.5426	4.4989
620	ct	481	31.412	4.4971
621	ēb	480	31.3467	4.4962
622	pz	476	31.0854	4.4926
623	gv	474	30.9548	4.4907
624	zš	473	30.8895	4.4898
625	jī	468	30.563	4.4852
625	oģ	468	30.563	4.4852
626	ą$	466	30.4324	4.4833
627	pp	465	30.3671	4.4824
628	cs	460	30.0406	4.4777
629	tņ	459	29.9753	4.4768
630	ūķ	458	29.9099	4.4758
631	ļš	449	29.3222	4.4672
632	ck	445	29.061	4.4633
633	rņ	440	28.7344	4.4584
634	hn	437	28.5385	4.4554
635	ūm	433	28.2773	4.4514
636	ēž	432	28.212	4.4504
637	fs	428	27.9508	4.4464
637	sc	428	27.9508	4.4464
638	dl	425	27.7549	4.4433
639	tä	421	27.4936	4.4392
640	kp	400	26.1222	4.417
641	āu	393	25.6651	4.4093
642	vr	391	25.5345	4.4071
643	rģ	389	25.4039	4.4049
644	cm	387	25.2733	4.4027
644	gz	387	25.2733	4.4027
645	ēi	382	24.9467	4.397
646	iń	374	24.4243	4.3878
647	žģ	372	24.2937	4.3855
648	nz	370	24.1631	4.3832
648	šl	370	24.1631	4.3832
649	vd	367	23.9671	4.3796
650	îb	365	23.8365	4.3772
651	^y	357	23.3141	4.3676
651	ù$	357	23.3141	4.3676
652	lš	354	23.1182	4.364
653	nl	350	22.8569	4.359
654	ao	348	22.7263	4.3565
655	bv	346	22.5957	4.354
655	ft	346	22.5957	4.354
656	īķ	345	22.5304	4.3528
657	kä	339	22.1386	4.3452
658	bd	338	22.0733	4.3439
659	fē	334	21.8121	4.3387
660	mž	327	21.3549	4.3295
661	kâ	322	21.0284	4.3228
661	šļ	322	21.0284	4.3228
662	ļe	313	20.4406	4.3105
663	nä	312	20.3753	4.3091
664	cū	311	20.31	4.3077
665	ae	309	20.1794	4.3049
666	īž	304	19.8529	4.2978
667	jš	300	19.5917	4.2921
668	ue	298	19.4611	4.2892
668	ņù	298	19.4611	4.2892
669	jä	297	19.3958	4.2877
670	nâ	296	19.3304	4.2862
670	uč	296	19.3304	4.2862
671	^ù	295	19.2651	4.2848
672	žr	294	19.1998	4.2833
673	x$	290	18.9386	4.2773
674	iē	287	18.7427	4.2728
675	cp	286	18.6774	4.2713
676	üs	284	18.5468	4.2683
677	žū	281	18.3509	4.2637
678	yo	277	18.0896	4.2574
679	iģ	273	17.8284	4.2511
679	nh	273	17.8284	4.2511
680	tî	270	17.6325	4.2463
681	ml	266	17.3713	4.2398
682	šū	263	17.1754	4.2349
683	bp	262	17.1101	4.2333
683	rh	262	17.1101	4.2333
684	np	260	16.9794	4.2299
685	uh	253	16.5223	4.2181
686	ļņ	251	16.3917	4.2146
686	šv	251	16.3917	4.2146
687	mk	250	16.3264	4.2129
688	ķo	247	16.1305	4.2076
689	ùa	245	15.9999	4.2041
690	eē	244	15.9346	4.2023
690	mz	244	15.9346	4.2023
690	sj	244	15.9346	4.2023
691	bš	242	15.8039	4.1988
692	ay	240	15.6733	4.1952
692	tą	240	15.6733	4.1952
692	vį	240	15.6733	4.1952
693	ģa	238	15.5427	4.1915
694	šk	237	15.4774	4.1897
694	šp	237	15.4774	4.1897
695	ką	236	15.4121	4.1879
696	oļ	235	15.3468	4.186
697	e-	233	15.2162	4.1823
698	kd	232	15.1509	4.1804
699	hē	231	15.0856	4.1786
700	aē	230	15.0203	4.1767
700	nb	230	15.0203	4.1767
700	ną	230	15.0203	4.1767
700	äk	230	15.0203	4.1767
701	sr	228	14.8897	4.1729
701	wa	228	14.8897	4.1729
701	âs	228	14.8897	4.1729
702	fī	227	14.8244	4.171
703	rî	225	14.6938	4.1671
704	ņģ	220	14.3672	4.1574
705	bļ	218	14.2366	4.1534
706	âm	213	13.9101	4.1433
707	mį	212	13.8448	4.1413
707	rļ	212	13.8448	4.1413
707	ùi	212	13.8448	4.1413
708	bn	210	13.7142	4.1372
709	jâ	209	13.6489	4.1351
709	ât	209	13.6489	4.1351
710	pž	208	13.5836	4.133
710	âr	208	13.5836	4.133
711	iī	207	13.5183	4.1309
711	ļv	207	13.5183	4.1309
712	är	204	13.3223	4.1246
713	ùu	203	13.257	4.1224
714	āķ	201	13.1264	4.1181
715	ät	200	13.0611	4.116
715	ļs	200	13.0611	4.116
716	a-	199	12.9958	4.1138
717	jü	198	12.9305	4.1116
718	ją	196	12.7999	4.1072
719	rä	195	12.7346	4.105
719	ļļ	195	12.7346	4.105
720	nž	194	12.6693	4.1028
720	šm	194	12.6693	4.1028
721	hs	192	12.5387	4.0983
721	ûs	192	12.5387	4.0983
722	'$	190	12.4081	4.0937
722	žņ	190	12.4081	4.0937
723	-p	189	12.3428	4.0914
723	fā	189	12.3428	4.0914
723	râ	189	12.3428	4.0914
723	äj	189	12.3428	4.0914
724	kī	188	12.2774	4.0891
724	w$	188	12.2774	4.0891
725	įt	186	12.1468	4.0845
726	ey	185	12.0815	4.0821
727	čū	184	12.0162	4.0798
728	ow	183	11.9509	4.0774
729	aī	182	11.8856	4.075
729	îg	182	11.8856	4.075
729	āč	182	11.8856	4.075
730	jp	180	11.755	4.0702
730	sz	180	11.755	4.0702
730	äs	180	11.755	4.0702
731	đa	179	11.6897	4.0678
732	hj	178	11.6244	4.0654
732	āģ	178	11.6244	4.0654
733	iō	174	11.3632	4.0555
734	i-	173	11.2979	4.053
735	ļē	172	11.2326	4.0505
736	jn	171	11.1673	4.0479
736	âk	171	11.1673	4.0479
737	kņ	170	11.1019	4.0454
738	lž	169	11.0366	4.0428
738	įj	169	11.0366	4.0428
739	mä	168	10.9713	4.0403
739	s-	168	10.9713	4.0403
740	äm	167	10.906	4.0377
741	pį	166	10.8407	4.0351
741	vp	166	10.8407	4.0351
742	dd	165	10.7754	4.0324
742	oe	165	10.7754	4.0324
743	oī	164	10.7101	4.0298
744	^x	162	10.5795	4.0245
744	cl	162	10.5795	4.0245
745	hm	161	10.5142	4.0218
745	sf	161	10.5142	4.0218
746	zî	160	10.4489	4.0191
746	ņk	160	10.4489	4.0191
747	zķ	159	10.3836	4.0163
748	ht	158	10.3183	4.0136
748	ąt	158	10.3183	4.0136
749	ļg	157	10.253	4.0109
750	-k	156	10.1877	4.0081
750	ît	156	10.1877	4.0081
751	âd	153	9.9918	3.9996
752	äd	152	9.9264	3.9968
753	pģ	151	9.8611	3.9939
754	ļt	150	9.7958	3.991
755	tf	149	9.7305	3.9881
756	vv	148	9.6652	3.9852
757	eù	146	9.5346	3.9793
757	gh	146	9.5346	3.9793
757	ēņ	146	9.5346	3.9793
758	vŗ	143	9.3387	3.9703
758	ût	143	9.3387	3.9703
759	âj	141	9.2081	3.9642
760	^đ	140	9.1428	3.9611
760	ùo	140	9.1428	3.9611
760	ėi	140	9.1428	3.9611
761	gī	139	9.0775	3.958
761	kj	139	9.0775	3.958
761	įs	139	9.0775	3.958
762	įk	137	8.9469	3.9517
763	gē	136	8.8816	3.9485
763	č$	136	8.8816	3.9485
764	mâ	135	8.8163	3.9453
765	dk	134	8.7509	3.9421
765	pä	134	8.7509	3.9421
765	wo	134	8.7509	3.9421
766	dj	133	8.6856	3.9388
766	ļc	133	8.6856	3.9388
767	mf	132	8.6203	3.9355
767	uf	132	8.6203	3.9355
767	uī	132	8.6203	3.9355
767	ąr	132	8.6203	3.9355
767	ļn	132	8.6203	3.9355
768	's	131	8.555	3.9322
768	wi	131	8.555	3.9322
768	ņd	131	8.555	3.9322
769	īģ	130	8.4897	3.9289
769	ļb	130	8.4897	3.9289
770	kf	128	8.3591	3.9222
770	où	128	8.3591	3.9222
771	ļl	127	8.2938	3.9188
771	ŗj	127	8.2938	3.9188
772	kg	126	8.2285	3.9153
773	bû	125	8.1632	3.9119
773	tį	125	8.1632	3.9119
774	ļd	124	8.0979	3.9084
775	rą	123	8.0326	3.9049
775	vl	123	8.0326	3.9049
775	ūb	123	8.0326	3.9049
776	-h	122	7.9673	3.9013
776	bâ	122	7.9673	3.9013
777	vä	121	7.902	3.8977
778	ex	120	7.8367	3.8941
778	lļ	120	7.8367	3.8941
779	lâ	119	7.7714	3.8905
779	lî	119	7.7714	3.8905
779	įm	119	7.7714	3.8905
780	-t	118	7.7061	3.8868
780	dg	118	7.7061	3.8868
780	o'	118	7.7061	3.8868
780	îv	118	7.7061	3.8868
780	įr	118	7.7061	3.8868
781	ąd	117	7.6408	3.8831
782	zh	116	7.5754	3.8794
782	čē	116	7.5754	3.8794
782	žm	116	7.5754	3.8794
783	k-	115	7.5101	3.8756
783	mą	115	7.5101	3.8756
783	ya	115	7.5101	3.8756
783	äc	115	7.5101	3.8756
783	ļk	115	7.5101	3.8756
783	ņū	115	7.5101	3.8756
784	dî	114	7.4448	3.8719
785	ąs	113	7.3795	3.868
785	čs	113	7.3795	3.868
785	ńa	113	7.3795	3.868
786	eī	112	7.3142	3.8642
786	wh	112	7.3142	3.8642
787	gm	111	7.2489	3.8603
787	qu	111	7.2489	3.8603
787	ąm	111	7.2489	3.8603
788	-d	110	7.1836	3.8563
788	jž	110	7.1836	3.8563
788	ph	110	7.1836	3.8563
788	ąk	110	7.1836	3.8563
789	uù	109	7.1183	3.8524
790	bž	107	6.9877	3.8443
790	dä	107	6.9877	3.8443
790	ģo	107	6.9877	3.8443
790	žk	107	6.9877	3.8443
791	äl	105	6.8571	3.8361
791	đi	105	6.8571	3.8361
792	ąj	104	6.7918	3.832
792	ńu	104	6.7918	3.832
793	-s	103	6.7265	3.8278
793	šd	103	6.7265	3.8278
794	n'	102	6.6612	3.8236
795	dâ	101	6.5959	3.8193
795	ođ	101	6.5959	3.8193
795	âl	101	6.5959	3.8193
795	ģu	101	6.5959	3.8193
795	īč	101	6.5959	3.8193
795	ŗl	101	6.5959	3.8193
795	ŗt	101	6.5959	3.8193
796	u-	100	6.5306	3.815
796	vk	100	6.5306	3.815
796	šg	100	6.5306	3.815
797	ax	99	6.4653	3.8106
797	cv	99	6.4653	3.8106
797	o-	99	6.4653	3.8106
797	pâ	99	6.4653	3.8106
798	ađ	98	6.3999	3.8062
799	^é	97	6.3346	3.8017
799	ūi	97	6.3346	3.8017
800	kh	96	6.2693	3.7972
801	pą	95	6.204	3.7927
801	pŗ	95	6.204	3.7927
801	zļ	95	6.204	3.7927
801	és	95	6.204	3.7927
801	ń$	95	6.204	3.7927
802	vt	94	6.1387	3.7881
802	yn	94	6.1387	3.7881
802	îs	94	6.1387	3.7881
802	ŗs	94	6.1387	3.7881
803	ff	93	6.0734	3.7834
803	mŗ	93	6.0734	3.7834
803	ŗ$	93	6.0734	3.7834
804	db	92	6.0081	3.7787
804	dļ	92	6.0081	3.7787
804	mé	92	6.0081	3.7787
804	vb	92	6.0081	3.7787
805	gj	91	5.9428	3.774
805	âc	91	5.9428	3.774
805	ņs	91	5.9428	3.774
806	m-	90	5.8775	3.7692
806	nî	90	5.8775	3.7692
806	čī	90	5.8775	3.7692
807	cd	89	5.8122	3.7643
807	lä	89	5.8122	3.7643
807	mû	89	5.8122	3.7643
807	r-	89	5.8122	3.7643
808	-m	88	5.7469	3.7594
808	ry	88	5.7469	3.7594
808	t-	88	5.7469	3.7594
808	îd	88	5.7469	3.7594
809	^q	87	5.6816	3.7545
809	by	87	5.6816	3.7545
809	dp	87	5.6816	3.7545
809	gb	87	5.6816	3.7545
809	hl	87	5.6816	3.7545
809	kù	87	5.6816	3.7545
809	lį	87	5.6816	3.7545
809	į$	87	5.6816	3.7545
810	-g	86	5.6163	3.7495
810	^'	86	5.6163	3.7495
810	jû	86	5.6163	3.7495
810	ys	86	5.6163	3.7495
810	ļr	86	5.6163	3.7495
811	-b	85	5.551	3.7444
811	cļ	85	5.551	3.7444
811	žt	85	5.551	3.7444
812	rį	84	5.4857	3.7392
812	we	84	5.4857	3.7392
812	ŗr	84	5.4857	3.7392
813	tč	83	5.4204	3.734
814	gä	82	5.3551	3.7288
815	dè	81	5.2898	3.7234
815	mc	81	5.2898	3.7234
815	rù	81	5.2898	3.7234
815	īi	81	5.2898	3.7234
816	nļ	80	5.2244	3.718
817	jd	79	5.1591	3.7126
817	ky	79	5.1591	3.7126
817	uo	79	5.1591	3.7126
818	gž	78	5.0938	3.707
819	uē	77	5.0285	3.7014
819	đî	77	5.0285	3.7014
820	-e	76	4.9632	3.6958
820	ew	76	4.9632	3.6958
820	î$	76	4.9632	3.6958
820	ńi	76	4.9632	3.6958
821	-a	75	4.8979	3.69
821	cr	75	4.8979	3.69
821	ļj	75	4.8979	3.69
822	dį	74	4.8326	3.6842
822	mg	74	4.8326	3.6842
823	oy	73	4.7673	3.6783
823	sy	73	4.7673	3.6783
824	gp	72	4.702	3.6723
824	ņp	72	4.702	3.6723
825	rŗ	71	4.6367	3.6662
825	ōi	71	4.6367	3.6662
826	cî	70	4.5714	3.66
826	lŗ	70	4.5714	3.66
827	ly	69	4.5061	3.6538
827	įl	69	4.5061	3.6538
827	šš	69	4.5061	3.6538
828	-l	68	4.4408	3.6475
828	bü	68	4.4408	3.6475
828	eđ	68	4.4408	3.6475
828	n-	68	4.4408	3.6475
828	äp	68	4.4408	3.6475
828	ùā	68	4.4408	3.6475
828	īù	68	4.4408	3.6475
829	df	67	4.3755	3.641
829	ox	67	4.3755	3.641
829	âv	67	4.3755	3.641
829	üt	67	4.3755	3.641
830	hh	66	4.3102	3.6345
830	i'	66	4.3102	3.6345
830	āā	66	4.3102	3.6345
831	aw	65	4.2449	3.6279
831	dy	65	4.2449	3.6279
831	gâ	65	4.2449	3.6279
831	mî	65	4.2449	3.6279
831	vâ	65	4.2449	3.6279
832	rč	64	4.1796	3.6211
832	īe	64	4.1796	3.6211
833	aā	63	4.1143	3.6143
833	hī	63	4.1143	3.6143
833	mv	63	4.1143	3.6143
833	ļm	63	4.1143	3.6143
834	bä	62	4.0489	3.6073
834	lh	62	4.0489	3.6073
834	vm	62	4.0489	3.6073
834	đ$	62	4.0489	3.6073
835	jt	61	3.9836	3.6003
835	žn	61	3.9836	3.6003
836	cn	60	3.9183	3.5931
836	vé	60	3.9183	3.5931
836	îj	60	3.9183	3.5931
836	čm	60	3.9183	3.5931
836	đo	60	3.9183	3.5931
836	đâ	60	3.9183	3.5931
837	'm	59	3.853	3.5858
837	-z	59	3.853	3.5858
837	nŗ	59	3.853	3.5858
837	vļ	59	3.853	3.5858
837	žļ	59	3.853	3.5858
838	't	58	3.7877	3.5784
838	-v	58	3.7877	3.5784
838	ąp	58	3.7877	3.5784
838	ūo	58	3.7877	3.5784
839	tw	57	3.7224	3.5708
839	zí	57	3.7224	3.5708
839	zģ	57	3.7224	3.5708
839	ùe	57	3.7224	3.5708
840	dŗ	56	3.6571	3.5631
840	gą	56	3.6571	3.5631
841	sâ	55	3.5918	3.5553
841	äv	55	3.5918	3.5553
841	ōu	55	3.5918	3.5553
842	-r	54	3.5265	3.5473
842	dą	54	3.5265	3.5473
842	gd	54	3.5265	3.5473
842	ŗc	54	3.5265	3.5473
843	-c	53	3.4612	3.5392
843	kb	53	3.4612	3.5392
843	mü	53	3.4612	3.5392
843	ļp	53	3.4612	3.5392
843	ūģ	53	3.4612	3.5392
843	žd	53	3.4612	3.5392
844	hr	52	3.3959	3.531
844	hū	52	3.3959	3.531
844	ye	52	3.3959	3.531
844	íg	52	3.3959	3.531
844	įc	52	3.3959	3.531
845	-o	51	3.3306	3.5225
845	rė	51	3.3306	3.5225
845	ty	51	3.3306	3.5225
845	zŗ	51	3.3306	3.5225
845	ąl	51	3.3306	3.5225
845	īa	51	3.3306	3.5225
846	-u	50	3.2653	3.5139
846	l-	50	3.2653	3.5139
846	pé	50	3.2653	3.5139
846	rí	50	3.2653	3.5139
846	vą	50	3.2653	3.5139
846	zį	50	3.2653	3.5139
846	éj	50	3.2653	3.5139
847	yb	49	3.2	3.5051
847	în	49	3.2	3.5051
847	šä	49	3.2	3.5051
848	jr	48	3.1347	3.4962
848	lą	48	3.1347	3.4962
848	my	48	3.1347	3.4962
848	oė	48	3.1347	3.4962
848	ąv	48	3.1347	3.4962
849	sä	47	3.0694	3.4871
849	än	47	3.0694	3.4871
849	ļī	47	3.0694	3.4871
850	-i	46	3.0041	3.4777
850	uđ	46	3.0041	3.4777
850	èe	46	3.0041	3.4777
850	îm	46	3.0041	3.4777
850	ōa	46	3.0041	3.4777
851	aù	45	2.9388	3.4682
851	gk	45	2.9388	3.4682
851	ix	45	2.9388	3.4682
851	iâ	45	2.9388	3.4682
851	jv	45	2.9388	3.4682
852	jk	44	2.8734	3.4584
852	āù	44	2.8734	3.4584
852	ąc	44	2.8734	3.4584
852	įī	44	2.8734	3.4584
852	ķ$	44	2.8734	3.4584
853	'b	43	2.8081	3.4484
853	-f	43	2.8081	3.4484
853	ny	43	2.8081	3.4484
853	są	43	2.8081	3.4484
853	xi	43	2.8081	3.4484
854	e'	42	2.7428	3.4382
854	tû	42	2.7428	3.4382
854	ùķ	42	2.7428	3.4382
854	ōđ	42	2.7428	3.4382
855	iū	41	2.6775	3.4277
855	t'	41	2.6775	3.4277
855	èa	41	2.6775	3.4277
855	ķū	41	2.6775	3.4277
855	ņn	41	2.6775	3.4277
856	-n	40	2.6122	3.417
856	eè	40	2.6122	3.417
856	sļ	40	2.6122	3.417
856	yd	40	2.6122	3.417
856	äb	40	2.6122	3.417
857	bŗ	39	2.5469	3.406
857	fū	39	2.5469	3.406
857	mļ	39	2.5469	3.406
857	pč	39	2.5469	3.406
857	ân	39	2.5469	3.406
857	īo	39	2.5469	3.406
857	ņg	39	2.5469	3.406
858	aū	38	2.4816	3.3947
858	nį	38	2.4816	3.3947
858	tí	38	2.4816	3.3947
858	vū	38	2.4816	3.3947
858	zâ	38	2.4816	3.3947
858	ŗd	38	2.4816	3.3947
859	hy	37	2.4163	3.3832
859	sî	37	2.4163	3.3832
859	xx	37	2.4163	3.3832
859	èē	37	2.4163	3.3832
859	é$	37	2.4163	3.3832
859	ív	37	2.4163	3.3832
859	ùī	37	2.4163	3.3832
859	ŗn	37	2.4163	3.3832
860	sŗ	36	2.351	3.3713
860	xt	36	2.351	3.3713
860	šb	36	2.351	3.3713
861	'l	35	2.2857	3.359
861	aè	35	2.2857	3.359
861	cŗ	35	2.2857	3.359
861	dh	35	2.2857	3.359
861	íi	35	2.2857	3.359
861	āe	35	2.2857	3.359
861	ēù	35	2.2857	3.359
861	ņt	35	2.2857	3.359
862	fg	34	2.2204	3.3464
862	s'	34	2.2204	3.3464
862	x-	34	2.2204	3.3464
862	âp	34	2.2204	3.3464
862	ēē	34	2.2204	3.3464
863	'a	33	2.1551	3.3335
863	bą	33	2.1551	3.3335
863	g-	33	2.1551	3.3335
863	l'	33	2.1551	3.3335
863	íb	33	2.1551	3.3335
864	d-	32	2.0898	3.3201
864	h-	32	2.0898	3.3201
864	lü	32	2.0898	3.3201
864	xp	32	2.0898	3.3201
864	ķā	32	2.0898	3.3201
864	ōe	32	2.0898	3.3201
865	'k	31	2.0245	3.3063
865	bb	31	2.0245	3.3063
865	dt	31	2.0245	3.3063
865	j-	31	2.0245	3.3063
865	sš	31	2.0245	3.3063
865	ét	31	2.0245	3.3063
865	ēe	31	2.0245	3.3063
866	bm	30	1.9592	3.2921
866	fm	30	1.9592	3.2921
866	gg	30	1.9592	3.2921
866	mh	30	1.9592	3.2921
866	él	30	1.9592	3.2921
866	īf	30	1.9592	3.2921
867	^ä	29	1.8939	3.2774
867	^ŗ	29	1.8939	3.2774
867	cc	29	1.8939	3.2774
867	eū	29	1.8939	3.2774
867	fj	29	1.8939	3.2774
867	j'	29	1.8939	3.2774
867	né	29	1.8939	3.2774
867	u'	29	1.8939	3.2774
867	ws	29	1.8939	3.2774
867	xa	29	1.8939	3.2774
867	éi	29	1.8939	3.2774
867	ér	29	1.8939	3.2774
867	íj	29	1.8939	3.2774
867	îc	29	1.8939	3.2774
867	šz	29	1.8939	3.2774
868	^į	28	1.8286	3.2621
868	cä	28	1.8286	3.2621
868	lû	28	1.8286	3.2621
868	lč	28	1.8286	3.2621
868	ní	28	1.8286	3.2621
868	sw	28	1.8286	3.2621
868	tŗ	28	1.8286	3.2621
868	èo	28	1.8286	3.2621
868	üd	28	1.8286	3.2621
868	īu	28	1.8286	3.2621
868	īō	28	1.8286	3.2621
868	ńe	28	1.8286	3.2621
868	ņr	28	1.8286	3.2621
869	fh	27	1.7633	3.2463
869	kz	27	1.7633	3.2463
869	rû	27	1.7633	3.2463
869	rđ	27	1.7633	3.2463
869	wn	27	1.7633	3.2463
869	èi	27	1.7633	3.2463
869	éc	27	1.7633	3.2463
869	ís	27	1.7633	3.2463
869	ā-	27	1.7633	3.2463
869	ūļ	27	1.7633	3.2463
870	dš	26	1.6979	3.2299
870	oā	26	1.6979	3.2299
870	įi	26	1.6979	3.2299
870	ļģ	26	1.6979	3.2299
871	eō	25	1.6326	3.2129
871	fn	25	1.6326	3.2129
871	pf	25	1.6326	3.2129
871	vî	25	1.6326	3.2129
871	ék	25	1.6326	3.2129
871	šj	25	1.6326	3.2129
872	cg	24	1.5673	3.1952
872	dc	24	1.5673	3.1952
872	âđ	24	1.5673	3.1952
872	èā	24	1.5673	3.1952
872	đu	24	1.5673	3.1952
872	ņb	24	1.5673	3.1952
872	ūč	24	1.5673	3.1952
873	'r	23	1.502	3.1767
873	dí	23	1.502	3.1767
873	ií	23	1.502	3.1767
873	iė	23	1.502	3.1767
873	lí	23	1.502	3.1767
873	ói	23	1.502	3.1767
873	ûr	23	1.502	3.1767
873	āē	23	1.502	3.1767
873	ąn	23	1.502	3.1767
873	čk	23	1.502	3.1767
873	ķs	23	1.502	3.1767
873	ŗm	23	1.502	3.1767
873	žc	23	1.502	3.1767
874	'e	22	1.4367	3.1574
874	b-	22	1.4367	3.1574
874	dč	22	1.4367	3.1574
874	eį	22	1.4367	3.1574
874	fd	22	1.4367	3.1574
874	iù	22	1.4367	3.1574
874	jm	22	1.4367	3.1574
874	lé	22	1.4367	3.1574
874	rè	22	1.4367	3.1574
874	ít	22	1.4367	3.1574
874	ûd	22	1.4367	3.1574
874	ļä	22	1.4367	3.1574
874	šc	22	1.4367	3.1574
875	^è	21	1.3714	3.1372
875	a'	21	1.3714	3.1372
875	cy	21	1.3714	3.1372
875	dņ	21	1.3714	3.1372
875	jc	21	1.3714	3.1372
875	mè	21	1.3714	3.1372
875	oē	21	1.3714	3.1372
875	zä	21	1.3714	3.1372
875	äņ	21	1.3714	3.1372
875	éd	21	1.3714	3.1372
875	ém	21	1.3714	3.1372
875	îr	21	1.3714	3.1372
875	ùn	21	1.3714	3.1372
875	ûc	21	1.3714	3.1372
875	đí	21	1.3714	3.1372
875	ē-	21	1.3714	3.1372
875	žv	21	1.3714	3.1372
876	-j	20	1.3061	3.116
876	eń	20	1.3061	3.116
876	ré	20	1.3061	3.116
876	rü	20	1.3061	3.116
876	xe	20	1.3061	3.116
876	zf	20	1.3061	3.116
876	īī	20	1.3061	3.116
876	ņv	20	1.3061	3.116
876	ōį	20	1.3061	3.116
877	bî	19	1.2408	3.0937
877	bį	19	1.2408	3.0937
877	dé	19	1.2408	3.0937
877	p-	19	1.2408	3.0937
877	r'	19	1.2408	3.0937
877	vg	19	1.2408	3.0937
877	wr	19	1.2408	3.0937
877	yu	19	1.2408	3.0937
877	z-	19	1.2408	3.0937
877	äį	19	1.2408	3.0937
877	èu	19	1.2408	3.0937
877	ńo	19	1.2408	3.0937
878	-č	18	1.1755	3.0702
878	^î	18	1.1755	3.0702
878	^ó	18	1.1755	3.0702
878	bc	18	1.1755	3.0702
878	fš	18	1.1755	3.0702
878	kđ	18	1.1755	3.0702
878	kž	18	1.1755	3.0702
878	tü	18	1.1755	3.0702
878	ŗk	18	1.1755	3.0702
878	šč	18	1.1755	3.0702
879	^ė	17	1.1102	3.0454
879	cį	17	1.1102	3.0454
879	fp	17	1.1102	3.0454
879	g'	17	1.1102	3.0454
879	jb	17	1.1102	3.0454
879	jj	17	1.1102	3.0454
879	jl	17	1.1102	3.0454
879	vč	17	1.1102	3.0454
879	zō	17	1.1102	3.0454
879	éo	17	1.1102	3.0454
879	íd	17	1.1102	3.0454
879	įu	17	1.1102	3.0454
879	ūū	17	1.1102	3.0454
880	bé	16	1.0449	3.0191
880	cb	16	1.0449	3.0191
880	d'	16	1.0449	3.0191
880	gù	16	1.0449	3.0191
880	gû	16	1.0449	3.0191
880	iä	16	1.0449	3.0191
880	lķ	16	1.0449	3.0191
880	pķ	16	1.0449	3.0191
880	ym	16	1.0449	3.0191
880	yp	16	1.0449	3.0191
880	zy	16	1.0449	3.0191
880	zč	16	1.0449	3.0191
880	éķ	16	1.0449	3.0191
880	āh	16	1.0449	3.0191
880	ūņ	16	1.0449	3.0191
880	žl	16	1.0449	3.0191
881	q$	15	0.9796	2.991
881	ux	15	0.9796	2.991
881	y'	15	0.9796	2.991
881	ín	15	0.9796	2.991
881	îđ	15	0.9796	2.991
881	ük	15	0.9796	2.991
881	īh	15	0.9796	2.991
881	įo	15	0.9796	2.991
882	'v	14	0.9143	2.9611
882	-ā	14	0.9143	2.9611
882	^ą	14	0.9143	2.9611
882	cé	14	0.9143	2.9611
882	hv	14	0.9143	2.9611
882	jî	14	0.9143	2.9611
882	sį	14	0.9143	2.9611
882	tž	14	0.9143	2.9611
882	uä	14	0.9143	2.9611
882	yt	14	0.9143	2.9611
882	ûp	14	0.9143	2.9611
882	ī-	14	0.9143	2.9611
882	ļü	14	0.9143	2.9611
882	ū-	14	0.9143	2.9611
883	'n	13	0.849	2.9289
883	bù	13	0.849	2.9289
883	c-	13	0.849	2.9289
883	hk	13	0.849	2.9289
883	k'	13	0.849	2.9289
883	lģ	13	0.849	2.9289
883	nđ	13	0.849	2.9289
883	sč	13	0.849	2.9289
883	té	13	0.849	2.9289
883	xl	13	0.849	2.9289
883	yl	13	0.849	2.9289
883	éī	13	0.849	2.9289
883	ùt	13	0.849	2.9289
883	ür	13	0.849	2.9289
883	īû	13	0.849	2.9289
883	ņm	13	0.849	2.9289
883	ūa	13	0.849	2.9289
884	-š	12	0.7837	2.8941
884	^â	12	0.7837	2.8941
884	ań	12	0.7837	2.8941
884	cü	12	0.7837	2.8941
884	gņ	12	0.7837	2.8941
884	iq	12	0.7837	2.8941
884	jz	12	0.7837	2.8941
884	nģ	12	0.7837	2.8941
884	sü	12	0.7837	2.8941
884	sž	12	0.7837	2.8941
884	zé	12	0.7837	2.8941
884	zž	12	0.7837	2.8941
884	âb	12	0.7837	2.8941
884	üž	12	0.7837	2.8941
884	đr	12	0.7837	2.8941
884	ēo	12	0.7837	2.8941
884	ė$	12	0.7837	2.8941
884	įd	12	0.7837	2.8941
884	įđ	12	0.7837	2.8941
884	įė	12	0.7837	2.8941
884	ķp	12	0.7837	2.8941
884	ķt	12	0.7837	2.8941
884	ļz	12	0.7837	2.8941
884	ŗg	12	0.7837	2.8941
884	ší	12	0.7837	2.8941
885	'd	11	0.7184	2.8564
885	'h	11	0.7184	2.8564
885	aō	11	0.7184	2.8564
885	fy	11	0.7184	2.8564
885	ié	11	0.7184	2.8564
885	lņ	11	0.7184	2.8564
885	mč	11	0.7184	2.8564
885	nx	11	0.7184	2.8564
885	nù	11	0.7184	2.8564
885	nė	11	0.7184	2.8564
885	py	11	0.7184	2.8564
885	sq	11	0.7184	2.8564
885	sé	11	0.7184	2.8564
885	v-	11	0.7184	2.8564
885	ww	11	0.7184	2.8564
885	xo	11	0.7184	2.8564
885	âō	11	0.7184	2.8564
885	äš	11	0.7184	2.8564
885	éa	11	0.7184	2.8564
885	ée	11	0.7184	2.8564
885	ėe	11	0.7184	2.8564
885	ōo	11	0.7184	2.8564
886	^ō	10	0.6531	2.815
886	aį	10	0.6531	2.815
886	ią	10	0.6531	2.815
886	lù	10	0.6531	2.815
886	mw	10	0.6531	2.815
886	mí	10	0.6531	2.815
886	nķ	10	0.6531	2.815
886	oè	10	0.6531	2.815
886	pî	10	0.6531	2.815
886	uį	10	0.6531	2.815
886	yc	10	0.6531	2.815
886	yi	10	0.6531	2.815
886	zą	10	0.6531	2.815
886	âa	10	0.6531	2.815
886	âi	10	0.6531	2.815
886	îz	10	0.6531	2.815
886	ùs	10	0.6531	2.815
886	ûk	10	0.6531	2.815
886	ûv	10	0.6531	2.815
886	ąb	10	0.6531	2.815
886	ģ$	10	0.6531	2.815
886	įa	10	0.6531	2.815
886	ņc	10	0.6531	2.815
886	ņņ	10	0.6531	2.815
886	ōâ	10	0.6531	2.815
886	š-	10	0.6531	2.815
886	ūu	10	0.6531	2.815
886	žf	10	0.6531	2.815
886	žp	10	0.6531	2.815
887	^ń	9	0.5878	2.7692
887	lw	9	0.5878	2.7692
887	sû	9	0.5878	2.7692
887	uw	9	0.5878	2.7692
887	vf	9	0.5878	2.7692
887	vy	9	0.5878	2.7692
887	ví	9	0.5878	2.7692
887	wt	9	0.5878	2.7692
887	y-	9	0.5878	2.7692
887	yr	9	0.5878	2.7692
887	í$	9	0.5878	2.7692
887	íî	9	0.5878	2.7692
887	đs	9	0.5878	2.7692
887	ķv	9	0.5878	2.7692
887	ņl	9	0.5878	2.7692
887	ŗv	9	0.5878	2.7692
887	ūe	9	0.5878	2.7692
887	ūâ	9	0.5878	2.7692
888	-y	8	0.5224	2.718
888	^û	8	0.5224	2.718
888	bč	8	0.5224	2.718
888	eą	8	0.5224	2.718
888	gf	8	0.5224	2.718
888	gí	8	0.5224	2.718
888	hâ	8	0.5224	2.718
888	kį	8	0.5224	2.718
888	pí	8	0.5224	2.718
888	pü	8	0.5224	2.718
888	pń	8	0.5224	2.718
888	qa	8	0.5224	2.718
888	vc	8	0.5224	2.718
888	vz	8	0.5224	2.718
888	vė	8	0.5224	2.718
888	xī	8	0.5224	2.718
888	èv	8	0.5224	2.718
888	ím	8	0.5224	2.718
888	íš	8	0.5224	2.718
888	îk	8	0.5224	2.718
888	îl	8	0.5224	2.718
888	ùr	8	0.5224	2.718
888	üš	8	0.5224	2.718
888	ąi	8	0.5224	2.718
888	čl	8	0.5224	2.718
888	đl	8	0.5224	2.718
888	ėl	8	0.5224	2.718
888	įn	8	0.5224	2.718
888	ŗi	8	0.5224	2.718
888	ŗu	8	0.5224	2.718
888	žb	8	0.5224	2.718
889	'c	7	0.4571	2.66
889	'u	7	0.4571	2.66
889	-ē	7	0.4571	2.66
889	cq	7	0.4571	2.66
889	cí	7	0.4571	2.66
889	fk	7	0.4571	2.66
889	iw	7	0.4571	2.66
889	kč	7	0.4571	2.66
889	sķ	7	0.4571	2.66
889	uy	7	0.4571	2.66
889	yk	7	0.4571	2.66
889	âz	7	0.4571	2.66
889	äi	7	0.4571	2.66
889	äz	7	0.4571	2.66
889	äļ	7	0.4571	2.66
889	èī	7	0.4571	2.66
889	óe	7	0.4571	2.66
889	üz	7	0.4571	2.66
889	ąa	7	0.4571	2.66
889	ąz	7	0.4571	2.66
889	ąó	7	0.4571	2.66
889	čg	7	0.4571	2.66
889	īâ	7	0.4571	2.66
889	įí	7	0.4571	2.66
889	ļ-	7	0.4571	2.66
889	ļh	7	0.4571	2.66
889	ŗz	7	0.4571	2.66
889	žg	7	0.4571	2.66
890	'i	6	0.3918	2.5931
890	-q	6	0.3918	2.5931
890	-ī	6	0.3918	2.5931
890	aą	6	0.3918	2.5931
890	cj	6	0.3918	2.5931
890	câ	6	0.3918	2.5931
890	eâ	6	0.3918	2.5931
890	f-	6	0.3918	2.5931
890	fb	6	0.3918	2.5931
890	fc	6	0.3918	2.5931
890	gy	6	0.3918	2.5931
890	hb	6	0.3918	2.5931
890	hd	6	0.3918	2.5931
890	hp	6	0.3918	2.5931
890	jį	6	0.3918	2.5931
890	nü	6	0.3918	2.5931
890	oń	6	0.3918	2.5931
890	tđ	6	0.3918	2.5931
890	wl	6	0.3918	2.5931
890	wī	6	0.3918	2.5931
890	xu	6	0.3918	2.5931
890	yw	6	0.3918	2.5931
890	ík	6	0.3918	2.5931
890	íz	6	0.3918	2.5931
890	ûū	6	0.3918	2.5931
890	ąu	6	0.3918	2.5931
890	čt	6	0.3918	2.5931
890	įg	6	0.3918	2.5931
890	įä	6	0.3918	2.5931
890	įū	6	0.3918	2.5931
890	ńŗ	6	0.3918	2.5931
890	ņä	6	0.3918	2.5931
890	ŗa	6	0.3918	2.5931
890	ūf	6	0.3918	2.5931
890	žš	6	0.3918	2.5931
891	aq	5	0.3265	2.5139
891	bg	5	0.3265	2.5139
891	bh	5	0.3265	2.5139
891	cz	5	0.3265	2.5139
891	cą	5	0.3265	2.5139
891	dw	5	0.3265	2.5139
891	eä	5	0.3265	2.5139
891	gc	5	0.3265	2.5139
891	gđ	5	0.3265	2.5139
891	hc	5	0.3265	2.5139
891	iè	5	0.3265	2.5139
891	iđ	5	0.3265	2.5139
891	lđ	5	0.3265	2.5139
891	m'	5	0.3265	2.5139
891	nņ	5	0.3265	2.5139
891	oō	5	0.3265	2.5139
891	pù	5	0.3265	2.5139
891	rō	5	0.3265	2.5139
891	uó	5	0.3265	2.5139
891	vņ	5	0.3265	2.5139
891	vš	5	0.3265	2.5139
891	wu	5	0.3265	2.5139
891	xc	5	0.3265	2.5139
891	z'	5	0.3265	2.5139
891	äa	5	0.3265	2.5139
891	äf	5	0.3265	2.5139
891	äž	5	0.3265	2.5139
891	éš	5	0.3265	2.5139
891	íl	5	0.3265	2.5139
891	ùē	5	0.3265	2.5139
891	üg	5	0.3265	2.5139
891	üp	5	0.3265	2.5139
891	āo	5	0.3265	2.5139
891	āx	5	0.3265	2.5139
891	đg	5	0.3265	2.5139
891	ļń	5	0.3265	2.5139
891	ńą	5	0.3265	2.5139
891	ņī	5	0.3265	2.5139
891	ō$	5	0.3265	2.5139
891	ūî	5	0.3265	2.5139
891	žz	5	0.3265	2.5139
891	žä	5	0.3265	2.5139
892	'o	4	0.2612	2.417
892	-ļ	4	0.2612	2.417
892	^ü	4	0.2612	2.417
892	c'	4	0.2612	2.417
892	cč	4	0.2612	2.417
892	dù	4	0.2612	2.417
892	fv	4	0.2612	2.417
892	fé	4	0.2612	2.417
892	hg	4	0.2612	2.417
892	ió	4	0.2612	2.417
892	jh	4	0.2612	2.417
892	jļ	4	0.2612	2.417
892	kģ	4	0.2612	2.417
892	nq	4	0.2612	2.417
892	nè	4	0.2612	2.417
892	rw	4	0.2612	2.417
892	sí	4	0.2612	2.417
892	tù	4	0.2612	2.417
892	tģ	4	0.2612	2.417
892	tō	4	0.2612	2.417
892	zń	4	0.2612	2.417
892	äg	4	0.2612	2.417
892	ès	4	0.2612	2.417
892	én	4	0.2612	2.417
892	éā	4	0.2612	2.417
892	íc	4	0.2612	2.417
892	ír	4	0.2612	2.417
892	íu	4	0.2612	2.417
892	óa	4	0.2612	2.417
892	óļ	4	0.2612	2.417
892	ôt	4	0.2612	2.417
892	ùļ	4	0.2612	2.417
892	ùņ	4	0.2612	2.417
892	ąń	4	0.2612	2.417
892	čp	4	0.2612	2.417
892	đe	4	0.2612	2.417
892	ēf	4	0.2612	2.417
892	įz	4	0.2612	2.417
892	ķ-	4	0.2612	2.417
892	ķr	4	0.2612	2.417
892	ķģ	4	0.2612	2.417
892	ņz	4	0.2612	2.417
893	'p	3	0.1959	2.292
893	-ķ	3	0.1959	2.292
893	^í	3	0.1959	2.292
893	aé	3	0.1959	2.292
893	dû	3	0.1959	2.292
893	eó	3	0.1959	2.292
893	hw	3	0.1959	2.292
893	hä	3	0.1959	2.292
893	hô	3	0.1959	2.292
893	jf	3	0.1959	2.292
893	jg	3	0.1959	2.292
893	jù	3	0.1959	2.292
893	jŗ	3	0.1959	2.292
893	mx	3	0.1959	2.292
893	mù	3	0.1959	2.292
893	mđ	3	0.1959	2.292
893	mņ	3	0.1959	2.292
893	nw	3	0.1959	2.292
893	oą	3	0.1959	2.292
893	p'	3	0.1959	2.292
893	pw	3	0.1959	2.292
893	sģ	3	0.1959	2.292
893	uè	3	0.1959	2.292
893	v'	3	0.1959	2.292
893	vž	3	0.1959	2.292
893	wd	3	0.1959	2.292
893	xb	3	0.1959	2.292
893	xf	3	0.1959	2.292
893	xv	3	0.1959	2.292
893	âū	3	0.1959	2.292
893	è$	3	0.1959	2.292
893	èr	3	0.1959	2.292
893	ía	3	0.1959	2.292
893	íį	3	0.1959	2.292
893	îp	3	0.1959	2.292
893	îō	3	0.1959	2.292
893	óŗ	3	0.1959	2.292
893	ûl	3	0.1959	2.292
893	ûz	3	0.1959	2.292
893	ül	3	0.1959	2.292
893	čf	3	0.1959	2.292
893	čš	3	0.1959	2.292
893	ēč	3	0.1959	2.292
893	ėį	3	0.1959	2.292
893	ģļ	3	0.1959	2.292
893	įp	3	0.1959	2.292
893	ķf	3	0.1959	2.292
893	ļą	3	0.1959	2.292
893	ņ-	3	0.1959	2.292
893	ōt	3	0.1959	2.292
893	ŗp	3	0.1959	2.292
893	ūį	3	0.1959	2.292
893	žé	3	0.1959	2.292
894	'g	2	0.1306	2.1159
894	'j	2	0.1306	2.1159
894	'w	2	0.1306	2.1159
894	-x	2	0.1306	2.1159
894	-ņ	2	0.1306	2.1159
894	aû	2	0.1306	2.1159
894	aė	2	0.1306	2.1159
894	aŗ	2	0.1306	2.1159
894	bí	2	0.1306	2.1159
894	bö	2	0.1306	2.1159
894	cx	2	0.1306	2.1159
894	dķ	2	0.1306	2.1159
894	eí	2	0.1306	2.1159
894	eñ	2	0.1306	2.1159
894	f'	2	0.1306	2.1159
894	fâ	2	0.1306	2.1159
894	gį	2	0.1306	2.1159
894	gŗ	2	0.1306	2.1159
894	h'	2	0.1306	2.1159
894	hį	2	0.1306	2.1159
894	iy	2	0.1306	2.1159
894	jč	2	0.1306	2.1159
894	kx	2	0.1306	2.1159
894	kń	2	0.1306	2.1159
894	oî	2	0.1306	2.1159
894	oó	2	0.1306	2.1159
894	oį	2	0.1306	2.1159
894	pė	2	0.1306	2.1159
894	qd	2	0.1306	2.1159
894	rq	2	0.1306	2.1159
894	rx	2	0.1306	2.1159
894	ró	2	0.1306	2.1159
894	rń	2	0.1306	2.1159
894	tx	2	0.1306	2.1159
894	uą	2	0.1306	2.1159
894	uō	2	0.1306	2.1159
894	w'	2	0.1306	2.1159
894	wb	2	0.1306	2.1159
894	wm	2	0.1306	2.1159
894	wv	2	0.1306	2.1159
894	xd	2	0.1306	2.1159
894	xm	2	0.1306	2.1159
894	yf	2	0.1306	2.1159
894	yg	2	0.1306	2.1159
894	yä	2	0.1306	2.1159
894	zx	2	0.1306	2.1159
894	zù	2	0.1306	2.1159
894	âf	2	0.1306	2.1159
894	äe	2	0.1306	2.1159
894	äu	2	0.1306	2.1159
894	ég	2	0.1306	2.1159
894	éė	2	0.1306	2.1159
894	íe	2	0.1306	2.1159
894	ós	2	0.1306	2.1159
894	ör	2	0.1306	2.1159
894	û$	2	0.1306	2.1159
894	ü$	2	0.1306	2.1159
894	āè	2	0.1306	2.1159
894	čb	2	0.1306	2.1159
894	čh	2	0.1306	2.1159
894	čr	2	0.1306	2.1159
894	čü	2	0.1306	2.1159
894	čņ	2	0.1306	2.1159
894	đī	2	0.1306	2.1159
894	ėd	2	0.1306	2.1159
894	ģd	2	0.1306	2.1159
894	ģā	2	0.1306	2.1159
894	īè	2	0.1306	2.1159
894	įš	2	0.1306	2.1159
894	ķk	2	0.1306	2.1159
894	ķm	2	0.1306	2.1159
894	ļó	2	0.1306	2.1159
894	ņj	2	0.1306	2.1159
894	ņč	2	0.1306	2.1159
894	ōr	2	0.1306	2.1159
894	ŗe	2	0.1306	2.1159
894	šé	2	0.1306	2.1159
894	ūō	2	0.1306	2.1159
894	žü	2	0.1306	2.1159
895	'f	1	0.0653	1.8149
895	'z	1	0.0653	1.8149
895	'ī	1	0.0653	1.8149
895	'š	1	0.0653	1.8149
895	-ģ	1	0.0653	1.8149
895	-ū	1	0.0653	1.8149
895	^е	1	0.0653	1.8149
895	^о	1	0.0653	1.8149
895	^т	1	0.0653	1.8149
895	^у	1	0.0653	1.8149
895	aî	1	0.0653	1.8149
895	aź	1	0.0653	1.8149
895	b'	1	0.0653	1.8149
895	bf	1	0.0653	1.8149
895	bw	1	0.0653	1.8149
895	bđ	1	0.0653	1.8149
895	cf	1	0.0653	1.8149
895	cô	1	0.0653	1.8149
895	cķ	1	0.0653	1.8149
895	cš	1	0.0653	1.8149
895	cž	1	0.0653	1.8149
895	dė	1	0.0653	1.8149
895	eq	1	0.0653	1.8149
895	eé	1	0.0653	1.8149
895	eŗ	1	0.0653	1.8149
895	fļ	1	0.0653	1.8149
895	gx	1	0.0653	1.8149
895	gé	1	0.0653	1.8149
895	gü	1	0.0653	1.8149
895	gķ	1	0.0653	1.8149
895	hf	1	0.0653	1.8149
895	iñ	1	0.0653	1.8149
895	iü	1	0.0653	1.8149
895	iį	1	0.0653	1.8149
895	jw	1	0.0653	1.8149
895	jy	1	0.0653	1.8149
895	jé	1	0.0653	1.8149
895	jí	1	0.0653	1.8149
895	kw	1	0.0653	1.8149
895	kō	1	0.0653	1.8149
895	kŗ	1	0.0653	1.8149
895	mq	1	0.0653	1.8149
895	mģ	1	0.0653	1.8149
895	nì	1	0.0653	1.8149
895	oq	1	0.0653	1.8149
895	oí	1	0.0653	1.8149
895	oŗ	1	0.0653	1.8149
895	pè	1	0.0653	1.8149
895	pû	1	0.0653	1.8149
895	pđ	1	0.0653	1.8149
895	qó	1	0.0653	1.8149
895	rų	1	0.0653	1.8149
895	sć	1	0.0653	1.8149
895	tó	1	0.0653	1.8149
895	tń	1	0.0653	1.8149
895	uâ	1	0.0653	1.8149
895	ué	1	0.0653	1.8149
895	uî	1	0.0653	1.8149
895	uė	1	0.0653	1.8149
895	uń	1	0.0653	1.8149
895	uū	1	0.0653	1.8149
895	vx	1	0.0653	1.8149
895	vģ	1	0.0653	1.8149
895	wg	1	0.0653	1.8149
895	wj	1	0.0653	1.8149
895	wk	1	0.0653	1.8149
895	wp	1	0.0653	1.8149
895	wy	1	0.0653	1.8149
895	wā	1	0.0653	1.8149
895	wū	1	0.0653	1.8149
895	x'	1	0.0653	1.8149
895	xj	1	0.0653	1.8149
895	xy	1	0.0653	1.8149
895	yh	1	0.0653	1.8149
895	yv	1	0.0653	1.8149
895	yz	1	0.0653	1.8149
895	yā	1	0.0653	1.8149
895	yē	1	0.0653	1.8149
895	âí	1	0.0653	1.8149
895	âī	1	0.0653	1.8149
895	äé	1	0.0653	1.8149
895	äŗ	1	0.0653	1.8149
895	å$	1	0.0653	1.8149
895	èģ	1	0.0653	1.8149
895	ép	1	0.0653	1.8149
895	éu	1	0.0653	1.8149
895	éį	1	0.0653	1.8149
895	ì'	1	0.0653	1.8149
895	íâ	1	0.0653	1.8149
895	íė	1	0.0653	1.8149
895	îī	1	0.0653	1.8149
895	ñ$	1	0.0653	1.8149
895	ña	1	0.0653	1.8149
895	ño	1	0.0653	1.8149
895	ó$	1	0.0653	1.8149
895	óo	1	0.0653	1.8149
895	óu	1	0.0653	1.8149
895	ùg	1	0.0653	1.8149
895	ùl	1	0.0653	1.8149
895	ùm	1	0.0653	1.8149
895	ùv	1	0.0653	1.8149
895	ûn	1	0.0653	1.8149
895	ûđ	1	0.0653	1.8149
895	üj	1	0.0653	1.8149
895	üm	1	0.0653	1.8149
895	üu	1	0.0653	1.8149
895	āw	1	0.0653	1.8149
895	āī	1	0.0653	1.8149
895	ąg	1	0.0653	1.8149
895	ćo	1	0.0653	1.8149
895	čd	1	0.0653	1.8149
895	čn	1	0.0653	1.8149
895	čv	1	0.0653	1.8149
895	čû	1	0.0653	1.8149
895	đn	1	0.0653	1.8149
895	đt	1	0.0653	1.8149
895	đû	1	0.0653	1.8149
895	đį	1	0.0653	1.8149
895	ēa	1	0.0653	1.8149
895	ēh	1	0.0653	1.8149
895	ēu	1	0.0653	1.8149
895	ēx	1	0.0653	1.8149
895	ēè	1	0.0653	1.8149
895	ēŗ	1	0.0653	1.8149
895	ės	1	0.0653	1.8149
895	ėu	1	0.0653	1.8149
895	ėî	1	0.0653	1.8149
895	ėē	1	0.0653	1.8149
895	ģn	1	0.0653	1.8149
895	īđ	1	0.0653	1.8149
895	īį	1	0.0653	1.8149
895	įe	1	0.0653	1.8149
895	įģ	1	0.0653	1.8149
895	ķb	1	0.0653	1.8149
895	ķc	1	0.0653	1.8149
895	ķč	1	0.0653	1.8149
895	ļf	1	0.0653	1.8149
895	ļù	1	0.0653	1.8149
895	ńp	1	0.0653	1.8149
895	ńó	1	0.0653	1.8149
895	ņ'	1	0.0653	1.8149
895	ņž	1	0.0653	1.8149
895	ōí	1	0.0653	1.8149
895	ŗī	1	0.0653	1.8149
895	ŗš	1	0.0653	1.8149
895	šh	1	0.0653	1.8149
895	šü	1	0.0653	1.8149
895	šģ	1	0.0653	1.8149
895	ūh	1	0.0653	1.8149
895	ūx	1	0.0653	1.8149
895	ūā	1	0.0653	1.8149
895	ūē	1	0.0653	1.8149
895	ūė	1	0.0653	1.8149
895	ūŗ	1	0.0653	1.8149
895	ų$	1	0.0653	1.8149
895	źå	1	0.0653	1.8149
895	ž-	1	0.0653	1.8149
895	žh	1	0.0653	1.8149
895	ží	1	0.0653	1.8149
895	ай	1	0.0653	1.8149
895	бе	1	0.0653	1.8149
895	ес	1	0.0653	1.8149
895	ещ	1	0.0653	1.8149
895	и$	1	0.0653	1.8149
895	й$	1	0.0653	1.8149
895	ли	1	0.0653	1.8149
895	об	1	0.0653	1.8149
895	сл	1	0.0653	1.8149
895	тu	1	0.0653	1.8149
895	у$	1	0.0653	1.8149
895	ща	1	0.0653	1.8149
