Rank	Bigram	Frequency	Frequency per million	Zipf value
1	r$	11113974	32868.0476	7.5168
2	e$	10805870	31956.8724	7.5046
3	^d	8970063	26527.726	7.4237
4	er	8907200	26341.8174	7.4206
5	t$	8708005	25752.7256	7.4108
6	n$	7775248	22994.2252	7.3616
7	en	7539206	22296.1635	7.3482
8	de	7169278	21202.1524	7.3264
9	g$	6289243	18599.5701	7.2695
10	^s	6229949	18424.2162	7.2654
11	^h	6135787	18145.7451	7.2588
12	et	5763069	17043.4829	7.2316
13	^e	4566990	13506.244	7.1305
14	eg	4436454	13120.2018	7.1179
15	^m	4048805	11973.7832	7.0782
16	^v	3853588	11396.4558	7.0568
17	re	3803749	11249.0638	7.0511
18	te	3795724	11225.331	7.0502
19	je	3760594	11121.4389	7.0462
20	^f	3467674	10255.1683	7.0109
21	^j	3435967	10161.3992	7.007
22	an	3280739	9702.3338	6.9869
23	ke	3240627	9583.7081	6.9815
24	^i	3194753	9448.042	6.9753
25	å$	3141564	9290.7429	6.9681
26	or	3061065	9052.6782	6.9568
27	ne	3059488	9048.0144	6.9566
28	me	2985641	8829.6221	6.9459
29	i$	2911514	8610.4017	6.935
30	ar	2878883	8513.9	6.9301
31	^t	2859245	8455.8233	6.9272
32	a$	2848745	8424.771	6.9256
33	ha	2525793	7469.685	6.8733
34	^k	2469740	7303.9159	6.8636
35	^b	2466751	7295.0764	6.863
36	kk	2458293	7270.063	6.8615
37	^o	2456012	7263.3173	6.8611
38	le	2449471	7243.9732	6.86
39	in	2390070	7068.3029	6.8493
40	^a	2268582	6709.0189	6.8267
41	vi	2256018	6671.8626	6.8242
42	l$	2251158	6657.4898	6.8233
43	ik	2211980	6541.6262	6.8157
44	il	2150441	6359.6331	6.8034
45	du	2118035	6263.7968	6.7968
46	u$	2084304	6164.042	6.7899
47	m$	2079863	6150.9084	6.7889
48	el	2014916	5958.8366	6.7752
49	st	2006781	5934.7785	6.7734
50	^g	2002429	5921.908	6.7725
51	ve	1973861	5837.4221	6.7662
52	tt	1955614	5783.4591	6.7622
53	se	1854591	5484.6975	6.7392
54	om	1826936	5402.9116	6.7326
55	sk	1819802	5381.8138	6.7309
56	^p	1793794	5304.8987	6.7247
57	^n	1789645	5292.6286	6.7237
58	li	1773722	5245.5386	6.7198
59	nn	1763981	5216.7309	6.7174
60	ti	1746791	5165.8938	6.7131
61	d$	1734268	5128.8588	6.71
62	ge	1688057	4992.1961	6.6983
63	s$	1657850	4902.8631	6.6904
64	fo	1626289	4809.5258	6.6821
65	al	1570884	4645.6731	6.667
66	ng	1568881	4639.7495	6.6665
67	^l	1530198	4525.3499	6.6557
68	ka	1465894	4335.1796	6.637
69	ll	1458988	4314.7561	6.635
70	va	1442656	4266.4564	6.6301
71	hv	1434110	4241.1828	6.6275
72	ed	1320462	3905.0845	6.5916
73	he	1319531	3902.3312	6.5913
74	at	1220417	3609.2152	6.5574
75	ra	1178412	3484.9912	6.5422
76	es	1151713	3406.0326	6.5322
77	ig	1141909	3377.0386	6.5285
78	og	1140228	3372.0673	6.5279
79	k$	1124626	3325.9265	6.5219
80	is	1049284	3103.1129	6.4918
81	rt	1015308	3002.6336	6.4775
82	ta	996656	2947.4729	6.4694
83	la	984781	2912.3542	6.4642
84	ør	983126	2907.4598	6.4635
85	ri	940816	2782.3338	6.4444
86	^å	937514	2772.5685	6.4429
87	nt	922906	2729.3674	6.4361
88	nd	916476	2710.3516	6.433
89	ei	882191	2608.9584	6.4165
90	^r	880087	2602.7361	6.4154
91	it	878069	2596.7681	6.4144
92	på	853482	2524.0555	6.4021
93	si	842854	2492.6246	6.3967
94	un	839885	2483.8442	6.3951
95	ns	838081	2478.5091	6.3942
96	be	824482	2438.292	6.3871
97	ak	821428	2429.2602	6.3855
98	ko	820889	2427.6662	6.3852
99	tr	812092	2401.6503	6.3805
100	so	809780	2394.8128	6.3793
101	^u	781181	2310.2352	6.3637
102	am	773335	2287.0318	6.3593
103	di	769949	2277.0181	6.3574
104	gj	762078	2253.7407	6.3529
105	pe	752967	2226.7962	6.3477
106	mi	743931	2200.0735	6.3424
107	em	738211	2183.1574	6.3391
108	da	736990	2179.5464	6.3384
109	år	731677	2163.834	6.3352
110	dr	731436	2163.1212	6.3351
111	ro	718554	2125.0245	6.3274
112	så	713226	2109.2677	6.3241
113	ma	709954	2099.5912	6.3221
114	av	703394	2080.1909	6.3181
115	mm	702509	2077.5736	6.3176
116	ba	697973	2064.159	6.3147
117	sa	687034	2031.8084	6.3079
118	ss	683854	2022.404	6.3059
119	ut	680402	2012.1952	6.3037
120	no	674132	1993.6526	6.2996
121	rd	670081	1981.6723	6.297
122	on	653330	1932.1335	6.286
123	v$	637768	1886.111	6.2756
124	ol	612382	1811.0354	6.2579
125	ld	598427	1769.7654	6.2479
126	to	583787	1726.4697	6.2372
127	kj	568657	1681.7248	6.2258
128	bl	566764	1676.1265	6.2243
129	ær	550101	1626.848	6.2113
130	vo	549728	1625.7449	6.2111
131	pp	546774	1617.0088	6.2087
132	lt	544459	1610.1625	6.2069
133	rs	536193	1585.717	6.2002
134	jo	529486	1565.8819	6.1948
135	id	521059	1540.9602	6.1878
136	oe	512397	1515.3436	6.1805
137	na	510082	1508.4973	6.1785
138	kt	508867	1504.9041	6.1775
139	jø	505555	1495.1093	6.1747
140	as	496863	1469.4039	6.1671
141	ie	492138	1455.4304	6.163
142	ek	490002	1449.1134	6.1611
143	ag	480084	1419.7823	6.1522
144	ja	477420	1411.9039	6.1498
145	fr	453886	1342.3053	6.1279
146	hu	449098	1328.1455	6.1232
147	fa	437393	1293.5296	6.1118
148	o$	435160	1286.9258	6.1096
149	op	426279	1260.6614	6.1006
150	br	424159	1254.3918	6.0984
151	ir	420906	1244.7715	6.0951
152	nå	413693	1223.4401	6.0876
153	må	406909	1203.3773	6.0804
154	ok	398194	1177.6039	6.071
155	ni	397083	1174.3183	6.0698
156	ga	388256	1148.2137	6.06
157	os	388113	1147.7907	6.0599
158	p$	387469	1145.8862	6.0591
159	dd	386028	1141.6246	6.0575
160	ul	383755	1134.9026	6.055
161	fi	377762	1117.1791	6.0481
162	ku	370629	1096.0842	6.0398
163	y$	368673	1090.2996	6.0375
164	sp	366914	1085.0976	6.0355
165	mo	366446	1083.7136	6.0349
166	sl	359994	1064.6327	6.0272
167	lo	350962	1037.9218	6.0162
168	fe	346794	1025.5955	6.011
169	væ	346078	1023.478	6.0101
170	pr	343172	1014.8839	6.0064
171	ad	342788	1013.7483	6.0059
172	us	341494	1009.9215	6.0043
173	od	340115	1005.8433	6.0025
174	ls	335302	991.6095	5.9963
175	pa	331363	979.9604	5.9912
176	ho	326602	965.8804	5.9849
177	kl	320252	947.1012	5.9764
178	gå	317361	938.5515	5.9725
179	gr	317243	938.2025	5.9723
180	fø	311050	919.8875	5.9637
181	ov	306218	905.5976	5.9569
182	ur	303092	896.3529	5.9525
183	rk	300490	888.6578	5.9487
184	gi	295840	874.9061	5.942
185	ru	295399	873.6019	5.9413
186	sj	285892	845.4862	5.9271
187	få	284959	842.727	5.9257
188	nk	278909	824.835	5.9164
189	ev	270395	799.656	5.9029
190	ot	265999	786.6554	5.8958
191	rr	263881	780.3917	5.8923
192	ap	263144	778.2121	5.8911
193	rn	261525	773.4242	5.8884
194	kr	258510	764.5077	5.8834
195	sn	247896	733.1183	5.8652
196	rf	244653	723.5276	5.8595
197	bo	236383	699.0702	5.8445
198	^c	235747	697.1893	5.8434
199	iv	234806	694.4064	5.8416
200	rø	225306	666.3115	5.8237
201	lu	224258	663.2122	5.8217
202	dt	223807	661.8784	5.8208
203	ts	219796	650.0164	5.8129
204	lv	217710	643.8473	5.8088
205	ks	217490	643.1967	5.8083
206	pi	215887	638.4561	5.8051
207	gs	214343	633.8899	5.802
208	ly	212434	628.2443	5.7981
209	hj	211679	626.0115	5.7966
210	rl	210101	621.3448	5.7933
211	gg	210023	621.1141	5.7932
212	ky	207654	614.1081	5.7882
213	ye	207499	613.6497	5.7879
214	go	202662	599.345	5.7777
215	hø	201635	596.3077	5.7755
216	ry	200269	592.268	5.7725
217	bi	198480	586.9773	5.7686
218	ob	197777	584.8982	5.7671
219	yn	194051	573.8791	5.7588
220	fl	191253	565.6044	5.7525
221	po	191004	564.868	5.7519
222	ep	185035	547.2155	5.7382
223	uk	184289	545.0093	5.7364
224	ød	180768	534.5965	5.728
225	yt	179339	530.3704	5.7246
226	gu	178924	529.1431	5.7236
227	yr	175796	519.8925	5.7159
228	ki	169697	501.8555	5.7006
229	tu	168580	498.5521	5.6977
230	sv	167954	496.7008	5.6961
231	lk	165167	488.4587	5.6888
232	dø	163351	483.0881	5.684
233	åt	160337	474.1746	5.6759
234	øy	158580	468.9785	5.6712
235	yk	158461	468.6266	5.6708
236	hi	157406	465.5066	5.6679
237	sy	157363	465.3794	5.6678
238	pl	156695	463.4039	5.666
239	ty	155870	460.9641	5.6637
240	rg	155588	460.1301	5.6629
241	do	154913	458.1339	5.661
242	ef	154436	456.7232	5.6597
243	im	152385	450.6577	5.6538
244	ud	150731	445.7662	5.6491
245	gl	148941	440.4725	5.6439
246	^ø	146834	434.2413	5.6377
247	gt	146601	433.5523	5.637
248	yl	145692	430.864	5.6343
249	vå	145548	430.4382	5.6339
250	rm	144948	428.6637	5.6321
251	ia	144584	427.5873	5.631
252	sø	141311	417.9078	5.6211
253	ån	140502	415.5153	5.6186
254	ny	138805	410.4967	5.6133
255	sm	138721	410.2483	5.613
256	ff	137127	405.5342	5.608
257	lg	135056	399.4095	5.6014
258	tå	134352	397.3275	5.5991
259	lø	134195	396.8632	5.5986
260	lb	134144	396.7124	5.5985
261	ft	131933	390.1737	5.5913
262	øl	131653	389.3456	5.5903
263	ch	130914	387.1601	5.5879
264	bu	129061	381.6801	5.5817
265	bb	128736	380.719	5.5806
266	mp	127828	378.0337	5.5775
267	ys	126218	373.2724	5.572
268	pt	124950	369.5224	5.5676
269	øn	123589	365.4974	5.5629
270	kv	121852	360.3605	5.5567
271	um	115619	341.9273	5.5339
272	my	114710	339.239	5.5305
273	mt	112499	332.7003	5.5221
274	øt	111846	330.7691	5.5195
275	øv	111563	329.9322	5.5184
276	lp	111010	328.2968	5.5163
277	ip	109526	323.9081	5.5104
278	rb	109448	323.6774	5.5101
279	ae	106729	315.6363	5.4992
280	gn	105385	311.6616	5.4937
281	mu	104862	310.1149	5.4915
282	by	104804	309.9434	5.4913
283	kn	101785	301.0151	5.4786
284	ds	101561	300.3527	5.4776
285	gh	100081	295.9758	5.4713
286	fu	98512	291.3357	5.4644
287	øs	98028	289.9043	5.4623
288	åp	97424	288.1181	5.4596
289	nu	96429	285.1755	5.4551
290	vn	95611	282.7564	5.4514
291	th	95110	281.2747	5.4491
292	su	94826	280.4348	5.4478
293	eb	93835	277.5041	5.4433
294	if	93330	276.0106	5.4409
295	ic	93223	275.6942	5.4404
296	øk	92616	273.8991	5.4376
297	ab	92593	273.831	5.4375
298	lå	92323	273.0326	5.4362
299	mr	90862	268.7119	5.4293
300	ca	90537	267.7507	5.4277
301	jæ	90388	267.3101	5.427
302	^w	89186	263.7553	5.4212
303	io	87502	258.7751	5.4129
304	h$	86696	256.3915	5.4089
305	co	85965	254.2296	5.4052
306	tø	85388	252.5233	5.4023
307	rv	85228	252.0501	5.4015
308	ck	84782	250.7311	5.3992
309	sh	84609	250.2195	5.3983
310	yg	84249	249.1548	5.3965
311	af	83649	247.3804	5.3934
312	dl	83022	245.5261	5.3901
313	ea	81609	241.3474	5.3826
314	tj	79259	234.3976	5.37
315	ue	78200	231.2657	5.3641
316	ju	77385	228.8555	5.3596
317	of	77362	228.7875	5.3594
318	pu	76946	227.5572	5.3571
319	hå	76913	227.4596	5.3569
320	au	75382	222.9319	5.3482
321	ål	74915	221.5508	5.3455
322	mø	74679	220.8529	5.3441
323	ac	74345	219.8651	5.3422
324	tn	72191	213.4949	5.3294
325	dy	72169	213.4299	5.3293
326	rå	72013	212.9685	5.3283
327	ee	71532	211.546	5.3254
328	nl	68378	202.2185	5.3058
329	ai	66397	196.36	5.2931
330	eh	65955	195.0528	5.2902
331	yd	64926	192.0097	5.2833
332	øp	63157	186.7781	5.2713
333	pø	61685	182.4249	5.2611
334	tl	61418	181.6353	5.2592
335	ce	60906	180.1211	5.2556
336	f$	60152	177.8913	5.2502
337	øm	59200	175.0758	5.2432
338	nø	57544	170.1785	5.2309
339	ps	57017	168.6199	5.2269
340	gy	56531	167.1826	5.2232
341	fy	56422	166.8603	5.2224
342	rh	56252	166.3575	5.221
343	nf	55329	163.6279	5.2139
344	vs	54000	159.6976	5.2033
345	ms	52621	155.6194	5.1921
346	ey	52339	154.7854	5.1897
347	tv	52046	153.9189	5.1873
348	bø	51416	152.0557	5.182
349	ml	50028	147.9509	5.1701
350	up	49599	146.6822	5.1664
351	wa	49553	146.5462	5.166
352	vl	49369	146.002	5.1644
353	dn	49349	145.9429	5.1642
354	mb	48956	144.7806	5.1607
355	lm	47821	141.424	5.1505
356	vd	47721	141.1283	5.1496
357	læ	47549	140.6196	5.148
358	ay	47187	139.5491	5.1447
359	åd	46779	138.3425	5.141
360	ug	46648	137.955	5.1397
361	ou	46403	137.2305	5.1375
362	b$	45584	134.8084	5.1297
363	ii	45578	134.7907	5.1297
364	ua	44193	130.6947	5.1163
365	oo	43873	129.7484	5.1131
366	hy	43507	128.666	5.1095
367	æv	43222	127.8231	5.1066
368	^y	42375	125.3182	5.098
369	ås	41406	122.4525	5.088
370	ub	41235	121.9468	5.0862
371	uf	40667	120.2671	5.0801
372	nh	40482	119.7199	5.0782
373	eo	40056	118.4601	5.0736
374	næ	39227	116.0085	5.0645
375	ow	37749	111.6375	5.0478
376	ø$	36994	109.4047	5.039
377	pn	36488	107.9082	5.0331
378	sc	36473	107.8639	5.0329
379	tf	36471	107.858	5.0329
380	vt	36365	107.5445	5.0316
381	yp	36294	107.3345	5.0307
382	lf	36054	106.6247	5.0279
383	åk	35669	105.4862	5.0232
384	nc	35083	103.7531	5.016
385	oh	34603	102.3336	5.01
386	ex	34277	101.3695	5.0059
387	dv	33697	99.6542	4.9985
388	wi	33239	98.2998	4.9926
389	rp	32417	95.8688	4.9817
390	x$	32311	95.5553	4.9803
391	nv	31963	94.5262	4.9756
392	ah	31848	94.1861	4.974
393	én	31191	92.2431	4.9649
394	ib	31171	92.1839	4.9647
395	^é	30847	91.2258	4.9601
396	ci	30583	90.445	4.9564
397	w$	30294	89.5903	4.9523
398	we	29963	88.6114	4.9475
399	ph	29804	88.1412	4.9452
400	ym	29493	87.2215	4.9406
401	sf	28692	84.8526	4.9287
402	ya	27494	81.3097	4.9101
403	sb	27469	81.2358	4.9097
404	nb	26776	79.1863	4.8987
405	oc	26483	78.3198	4.8939
406	bå	26210	77.5125	4.8894
407	fj	25887	76.5572	4.884
408	ew	25385	75.0726	4.8755
409	c$	24928	73.7211	4.8676
410	sd	24358	72.0354	4.8575
411	då	24230	71.6569	4.8553
412	ui	24011	71.0092	4.8513
413	oi	23907	70.7017	4.8494
414	nr	23876	70.61	4.8489
415	lj	23789	70.3527	4.8473
416	uc	23410	69.2319	4.8403
417	øf	23363	69.0929	4.8394
418	hn	23149	68.46	4.8354
419	yv	22753	67.2889	4.8279
420	^æ	22541	66.6619	4.8239
421	e-	22063	65.2483	4.8146
422	cl	21840	64.5888	4.8102
423	gd	20822	61.5782	4.7894
424	oa	20513	60.6644	4.7829
425	eu	20209	59.7653	4.7764
426	gv	19879	58.7894	4.7693
427	-s	19665	58.1565	4.7646
428	yo	19632	58.0589	4.7639
429	pd	19411	57.4054	4.759
430	ln	18905	55.9089	4.7475
431	^z	18830	55.6871	4.7458
432	pf	18733	55.4003	4.7435
433	ec	18581	54.9507	4.74
434	j$	18426	54.4924	4.7363
435	tb	18374	54.3386	4.7351
436	oy	18346	54.2558	4.7344
437	åe	18258	53.9955	4.7324
438	cr	17708	52.369	4.7191
439	uv	17662	52.2329	4.7179
440	vf	17529	51.8396	4.7147
441	bs	17479	51.6917	4.7134
442	ji	17467	51.6562	4.7131
443	tm	17466	51.6533	4.7131
444	tk	17432	51.5527	4.7123
445	hr	17420	51.5173	4.712
446	rc	17389	51.4256	4.7112
447	wo	17151	50.7217	4.7052
448	dj	17129	50.6567	4.7046
449	za	17080	50.5117	4.7034
450	z$	17053	50.4319	4.7027
451	vu	16898	49.9735	4.6987
452	mf	16834	49.7842	4.6971
453	nj	16822	49.7487	4.6968
454	é$	16224	47.9802	4.6811
455	iu	15802	46.7322	4.6696
456	qu	15566	46.0343	4.6631
457	py	14946	44.2007	4.6454
458	dg	14864	43.9582	4.643
459	sr	14576	43.1065	4.6345
460	kh	14469	42.7901	4.6313
461	aw	14250	42.1424	4.6247
462	md	14114	41.7402	4.6206
463	rj	14007	41.4238	4.6172
464	aj	13854	40.9713	4.6125
465	vr	13850	40.9595	4.6124
466	kå	13824	40.8826	4.6115
467	cu	13794	40.7939	4.6106
468	n-	13413	39.6671	4.5984
469	ræ	13328	39.4157	4.5957
470	kø	13308	39.3566	4.595
471	tg	13212	39.0727	4.5919
472	yh	12966	38.3452	4.5837
473	s-	12822	37.9193	4.5789
474	vg	12713	37.5969	4.5752
475	a-	12561	37.1474	4.5699
476	lh	12521	37.0291	4.5685
477	t-	12342	36.4998	4.5623
478	bæ	12290	36.346	4.5605
479	r-	12242	36.204	4.5588
480	ax	12098	35.7782	4.5536
481	iz	11883	35.1423	4.5458
482	az	11851	35.0477	4.5447
483	-k	11712	34.6366	4.5395
484	øg	11592	34.2817	4.5351
485	vø	11540	34.128	4.5331
486	-e	11338	33.5306	4.5254
487	dm	11277	33.3502	4.5231
488	tc	11264	33.3117	4.5226
489	-t	10953	32.392	4.5104
490	dé	10910	32.2648	4.5087
491	zo	10862	32.1229	4.5068
492	sg	10840	32.0578	4.5059
493	-f	10802	31.9454	4.5044
494	-p	10668	31.5491	4.499
495	dk	10666	31.5432	4.4989
496	ct	10609	31.3747	4.4966
497	mh	10551	31.2031	4.4942
498	mc	10434	30.8571	4.4894
499	df	10417	30.8068	4.4886
500	uh	10397	30.7477	4.4878
501	-b	10372	30.6738	4.4868
502	ih	10323	30.5289	4.4847
503	lr	10069	29.7777	4.4739
504	cy	10053	29.7304	4.4732
505	wh	9827	29.062	4.4633
506	aa	9799	28.9792	4.4621
507	db	9778	28.9171	4.4612
508	ht	9756	28.852	4.4602
509	km	9700	28.6864	4.4577
510	hæ	9682	28.6332	4.4569
511	zi	9681	28.6302	4.4568
512	nm	9680	28.6273	4.4568
513	ze	9677	28.6184	4.4566
514	^q	9464	27.9885	4.447
515	sæ	9334	27.604	4.441
516	gø	9324	27.5744	4.4405
517	pg	9283	27.4532	4.4386
518	tæ	9208	27.2314	4.4351
519	tp	9133	27.0096	4.4315
520	-m	9115	26.9564	4.4307
521	cc	9081	26.8558	4.429
522	xi	9030	26.705	4.4266
523	-a	8973	26.5364	4.4238
524	's	8922	26.3856	4.4214
525	iø	8891	26.2939	4.4199
526	vh	8871	26.2348	4.4189
527	mg	8791	25.9982	4.4149
528	åg	8416	24.8892	4.396
529	æl	8366	24.7413	4.3934
530	i-	8356	24.7117	4.3929
531	øe	8325	24.62	4.3913
532	fæ	8303	24.555	4.3901
533	zz	8221	24.3125	4.3858
534	mv	8151	24.1055	4.3821
535	bj	8107	23.9753	4.3798
536	l-	8064	23.8482	4.3775
537	ez	7896	23.3513	4.3683
538	o-	7829	23.1532	4.3646
539	jå	7683	22.7214	4.3564
540	mk	7676	22.7007	4.356
541	'$	7578	22.4109	4.3505
542	dh	7488	22.1447	4.3453
543	td	7426	21.9614	4.3417
544	d-	7385	21.8401	4.3393
545	-d	7373	21.8046	4.3385
546	mn	7366	21.7839	4.3381
547	ao	7225	21.3669	4.3297
548	np	7207	21.3137	4.3287
549	vv	7189	21.2605	4.3276
550	yb	7182	21.2398	4.3272
551	ej	7113	21.0357	4.323
552	vb	7073	20.9174	4.3205
553	tz	7040	20.8198	4.3185
554	fb	7012	20.737	4.3167
555	pm	6906	20.4235	4.3101
556	-h	6886	20.3644	4.3089
557	åv	6874	20.3289	4.3081
558	øb	6854	20.2698	4.3068
559	oj	6834	20.2106	4.3056
560	wn	6804	20.1219	4.3037
561	kd	6721	19.8764	4.2983
562	vm	6643	19.6458	4.2933
563	hm	6432	19.0218	4.2793
564	ix	6243	18.4628	4.2663
565	ox	6150	18.1878	4.2598
566	åh	6146	18.1759	4.2595
567	-l	6129	18.1257	4.2583
568	dw	5987	17.7057	4.2481
569	-g	5957	17.617	4.2459
570	gb	5895	17.4337	4.2414
571	åf	5851	17.3035	4.2381
572	-r	5700	16.857	4.2268
573	k-	5648	16.7032	4.2228
574	xa	5643	16.6884	4.2224
575	bn	5592	16.5376	4.2185
576	hl	5537	16.3749	4.2142
577	nz	5420	16.0289	4.2049
578	gm	5380	15.9106	4.2017
579	æs	5129	15.1683	4.1809
580	vj	5041	14.9081	4.1734
581	-o	4994	14.7691	4.1694
582	y-	4952	14.6449	4.1657
583	g-	4906	14.5088	4.1616
584	v-	4895	14.4763	4.1607
585	sw	4835	14.2988	4.1553
586	ws	4826	14.2722	4.1545
587	fs	4744	14.0297	4.147
588	s'	4656	13.7695	4.1389
589	gf	4607	13.6246	4.1343
590	lc	4538	13.4205	4.1278
591	m-	4498	13.3022	4.1239
592	vp	4457	13.181	4.1199
593	'n	4447	13.1514	4.119
594	gk	4389	12.9799	4.1133
595	o'	4345	12.8497	4.1089
596	kg	4290	12.6871	4.1034
597	pk	4248	12.5629	4.0991
598	xy	4152	12.279	4.0892
599	tw	4116	12.1725	4.0854
600	^x	4076	12.0542	4.0811
601	xe	4033	11.927	4.0765
602	rw	4018	11.8827	4.0749
603	æd	4003	11.8383	4.0733
604	dp	3955	11.6964	4.0681
605	r'	3941	11.655	4.0665
606	ij	3913	11.5722	4.0634
607	'a	3850	11.3858	4.0564
608	p-	3797	11.2291	4.0503
609	a'	3717	10.9925	4.0411
610	vk	3664	10.8358	4.0349
611	ĺ$	3636	10.753	4.0315
612	xt	3620	10.7057	4.0296
613	-v	3611	10.679	4.0285
613	kb	3611	10.679	4.0285
614	æp	3606	10.6642	4.0279
615	kf	3576	10.5755	4.0243
616	oz	3557	10.5193	4.022
617	pb	3516	10.3981	4.017
618	uz	3475	10.2768	4.0119
619	wl	3438	10.1674	4.0072
620	'e	3353	9.916	3.9963
621	hs	3346	9.8953	3.9954
622	gæ	3272	9.6765	3.9857
623	-n	3234	9.5641	3.9806
624	yi	3149	9.3127	3.9691
625	uo	3097	9.159	3.9618
626	ör	3055	9.0347	3.9559
627	ä$	3051	9.0229	3.9553
628	-i	3010	8.9017	3.9495
629	iy	2950	8.7242	3.9407
630	yf	2946	8.7124	3.9401
631	pv	2943	8.7035	3.9397
632	-j	2787	8.2422	3.916
633	yu	2781	8.2244	3.9151
634	wy	2771	8.1949	3.9135
635	h-	2700	7.9849	3.9023
636	n'	2690	7.9553	3.9007
637	yw	2577	7.6211	3.882
638	yc	2567	7.5915	3.8803
639	^'	2555	7.5561	3.8783
640	kp	2546	7.5294	3.8768
641	u-	2504	7.4052	3.8695
642	zy	2485	7.349	3.8662
643	c-	2426	7.1746	3.8558
644	gp	2420	7.1568	3.8547
645	uu	2409	7.1243	3.8527
646	wb	2335	6.9054	3.8392
647	åb	2314	6.8433	3.8353
648	rz	2286	6.7605	3.83
649	bd	2278	6.7369	3.8285
650	wr	2261	6.6866	3.8252
651	ux	2260	6.6836	3.825
652	cs	2232	6.6008	3.8196
653	-c	2200	6.5062	3.8133
654	ã$	2135	6.314	3.8003
655	eå	2109	6.2371	3.795
655	ré	2109	6.2371	3.795
656	-u	2076	6.1395	3.7881
657	dc	2065	6.107	3.7858
658	øi	2058	6.0863	3.7844
659	e'	2053	6.0715	3.7833
660	d'	2021	5.9768	3.7765
661	fn	1945	5.7521	3.7598
662	iå	1942	5.7432	3.7592
663	gw	1915	5.6633	3.7531
664	æ$	1912	5.6545	3.7524
665	nw	1898	5.6131	3.7492
666	uj	1891	5.5924	3.7476
667	åm	1868	5.5244	3.7423
668	dæ	1838	5.4356	3.7352
669	zu	1837	5.4327	3.735
670	ño	1829	5.409	3.7331
671	cd	1805	5.338	3.7274
672	sq	1762	5.2109	3.7169
673	pc	1753	5.1843	3.7147
674	eñ	1723	5.0955	3.7072
675	hw	1722	5.0926	3.7069
676	vy	1719	5.0837	3.7062
677	uy	1715	5.0719	3.7052
678	hh	1697	5.0186	3.7006
679	wk	1694	5.0098	3.6998
680	f-	1671	4.9418	3.6939
681	cm	1666	4.927	3.6926
682	b-	1657	4.9003	3.6902
683	mj	1650	4.8796	3.6884
684	ée	1643	4.8589	3.6865
685	är	1598	4.7259	3.6745
686	cg	1592	4.7081	3.6728
687	^ν	1589	4.6992	3.672
688	aq	1582	4.6785	3.6701
689	q$	1558	4.6076	3.6635
690	ãr	1553	4.5928	3.6621
691	iq	1540	4.5543	3.6584
692	fg	1534	4.5366	3.6567
693	ér	1519	4.4922	3.6525
694	x-	1501	4.439	3.6473
695	kw	1497	4.4272	3.6461
696	cæ	1471	4.3503	3.6385
697	åi	1452	4.2941	3.6329
698	jö	1439	4.2556	3.629
699	øh	1415	4.1847	3.6217
700	t'	1402	4.1462	3.6177
701	åj	1372	4.0575	3.6083
702	l'	1367	4.0427	3.6067
703	mé	1351	3.9954	3.6016
704	fé	1342	3.9688	3.5987
705	xo	1340	3.9629	3.598
706	hb	1319	3.9008	3.5912
707	y'	1318	3.8978	3.5908
708	á$	1297	3.8357	3.5838
709	lw	1239	3.6642	3.564
710	â$	1234	3.6494	3.5622
711	jr	1211	3.5814	3.5541
712	hk	1198	3.5429	3.5494
713	wt	1194	3.5311	3.5479
714	lé	1187	3.5104	3.5454
715	eq	1177	3.4808	3.5417
716	rö	1173	3.469	3.5402
717	^ä	1156	3.4187	3.5339
718	né	1148	3.3951	3.5309
719	е$	1137	3.3625	3.5267
720	fk	1120	3.3122	3.5201
721	té	1118	3.3063	3.5193
722	à$	1115	3.2975	3.5182
723	zl	1096	3.2413	3.5107
724	fm	1080	3.194	3.5043
724	i'	1080	3.194	3.5043
725	-w	1076	3.1821	3.5027
726	^ĺ	1071	3.1673	3.5007
727	cq	1060	3.1348	3.4962
728	wu	1054	3.1171	3.4938
729	bt	1052	3.1111	3.4929
730	řr	1046	3.0934	3.4904
731	eø	1014	2.9988	3.4769
732	'b	1000	2.9574	3.4709
733	òg	994	2.9396	3.4683
734	^ò	990	2.9278	3.4665
735	mæ	989	2.9248	3.4661
736	rq	959	2.8361	3.4527
737	cn	956	2.8272	3.4514
738	gö	948	2.8036	3.4477
739	't	945	2.7947	3.4463
739	sé	945	2.7947	3.4463
740	'k	943	2.7888	3.4454
741	qa	935	2.7651	3.4417
742	bh	929	2.7474	3.4389
743	pĺ	928	2.7444	3.4384
743	sz	928	2.7444	3.4384
744	^ã	916	2.7089	3.4328
745	hd	907	2.6823	3.4285
746	lz	878	2.5966	3.4144
747	jy	871	2.5759	3.4109
748	zh	867	2.564	3.4089
749	pä	855	2.5285	3.4029
750	νe	848	2.5078	3.3993
751	ĺr	845	2.499	3.3978
752	νi	843	2.4931	3.3967
753	yj	826	2.4428	3.3879
754	xl	824	2.4369	3.3868
755	jd	820	2.425	3.3847
756	'h	807	2.3866	3.3778
757	'r	806	2.3836	3.3772
758	sĺ	788	2.3304	3.3674
759	'd	779	2.3038	3.3624
760	xp	773	2.286	3.3591
761	åå	770	2.2772	3.3574
762	åa	767	2.2683	3.3557
763	wd	766	2.2653	3.3551
764	bc	760	2.2476	3.3517
765	sä	754	2.2299	3.3483
765	èn	754	2.2299	3.3483
766	wm	753	2.2269	3.3477
767	pæ	746	2.2062	3.3436
768	hö	734	2.1707	3.3366
769	k'	714	2.1116	3.3246
770	wf	709	2.0968	3.3216
771	mw	706	2.0879	3.3197
772	'm	702	2.0761	3.3172
773	j-	698	2.0642	3.3148
773	öm	698	2.0642	3.3148
774	g'	691	2.0435	3.3104
775	^è	688	2.0347	3.3085
776	eæ	687	2.0317	3.3079
776	éa	687	2.0317	3.3079
777	bm	677	2.0021	3.3015
777	fö	677	2.0021	3.3015
778	ón	674	1.9933	3.2996
779	hé	673	1.9903	3.2989
780	-ø	662	1.9578	3.2918
781	ét	658	1.9459	3.2891
782	cb	654	1.9341	3.2865
783	pj	651	1.9252	3.2845
784	ćr	631	1.8661	3.2709
785	xf	624	1.8454	3.2661
786	án	622	1.8395	3.2647
787	iw	612	1.8099	3.2577
788	jp	602	1.7803	3.2505
788	å-	602	1.7803	3.2505
789	'c	599	1.7715	3.2483
789	nx	599	1.7715	3.2483
789	ün	599	1.7715	3.2483
790	w-	597	1.7655	3.2469
791	u'	596	1.7626	3.2462
792	ön	594	1.7567	3.2447
793	m'	592	1.7508	3.2432
793	νa	592	1.7508	3.2432
794	hν	587	1.736	3.2395
795	sö	579	1.7123	3.2336
796	pã	571	1.6887	3.2276
797	js	568	1.6798	3.2253
798	sã	565	1.6709	3.223
799	öd	563	1.665	3.2214
800	^ö	554	1.6384	3.2144
800	dz	554	1.6384	3.2144
801	zm	552	1.6325	3.2129
802	z-	547	1.6177	3.2089
803	cv	542	1.6029	3.2049
803	vä	542	1.6029	3.2049
804	nĺ	538	1.5911	3.2017
804	æt	538	1.5911	3.2017
805	è$	535	1.5822	3.1993
806	cf	534	1.5792	3.1984
806	zr	534	1.5792	3.1984
807	jř	518	1.5319	3.1852
808	cp	517	1.529	3.1844
809	mĺ	516	1.526	3.1836
810	-y	513	1.5171	3.181
811	gä	510	1.5083	3.1785
812	^â	509	1.5053	3.1776
813	'l	504	1.4905	3.1733
814	å'	501	1.4816	3.1707
815	äl	491	1.4521	3.162
816	uw	487	1.4402	3.1584
817	hf	484	1.4314	3.1558
818	éo	482	1.4254	3.1539
819	ôr	479	1.4166	3.1512
820	än	478	1.4136	3.1503
821	fô	477	1.4107	3.1494
821	jk	477	1.4107	3.1494
822	jé	476	1.4077	3.1485
823	mü	474	1.4018	3.1467
824	-å	469	1.387	3.1421
824	zn	469	1.387	3.1421
825	nä	464	1.3722	3.1374
826	x'	462	1.3663	3.1355
827	^á	460	1.3604	3.1337
828	ié	459	1.3574	3.1327
829	jä	456	1.3486	3.1299
830	fd	453	1.3397	3.127
831	dè	448	1.3249	3.1222
832	fã	447	1.3219	3.1212
833	fü	446	1.319	3.1202
833	uø	446	1.319	3.1202
834	üh	442	1.3072	3.1163
835	jã	439	1.2983	3.1134
836	-q	437	1.2924	3.1114
837	mö	435	1.2865	3.1094
838	rx	433	1.2805	3.1074
839	ö$	424	1.2539	3.0983
840	ös	423	1.251	3.0973
840	öt	423	1.251	3.0973
841	pé	419	1.2391	3.0931
842	xc	413	1.2214	3.0869
843	mä	412	1.2184	3.0858
843	wc	412	1.2184	3.0858
844	és	407	1.2036	3.0805
845	wg	406	1.2007	3.0794
846	iæ	404	1.1948	3.0773
847	hc	403	1.1918	3.0762
847	vć	403	1.1918	3.0762
848	'u	398	1.177	3.0708
849	má	393	1.1622	3.0653
849	z'	393	1.1622	3.0653
850	aν	391	1.1563	3.0631
851	bw	388	1.1475	3.0598
851	jj	388	1.1475	3.0598
852	ár	386	1.1415	3.0575
853	zg	385	1.1386	3.0564
854	zk	383	1.1327	3.0541
855	fä	380	1.1238	3.0507
856	nq	376	1.112	3.0461
857	rä	371	1.0972	3.0403
857	шr	371	1.0972	3.0403
858	xb	369	1.0913	3.0379
859	jt	361	1.0676	3.0284
860	h'	359	1.0617	3.026
861	lö	358	1.0587	3.0248
862	b'	357	1.0558	3.0236
862	xu	357	1.0558	3.0236
863	^à	356	1.0528	3.0223
864	ür	355	1.0499	3.0211
865	él	350	1.0351	3.015
866	mó	346	1.0232	3.01
867	ín	345	1.0203	3.0087
867	ña	345	1.0203	3.0087
868	pâ	344	1.0173	3.0074
869	dö	342	1.0114	3.0049
869	uq	342	1.0114	3.0049
870	v'	341	1.0085	3.0037
871	pá	339	1.0025	3.0011
872	fĺ	332	0.9818	2.992
873	gĺ	331	0.9789	2.9907
874	èr	329	0.973	2.9881
875	c'	326	0.9641	2.9841
876	q-	325	0.9611	2.9828
877	nã	322	0.9523	2.9788
877	rè	322	0.9523	2.9788
878	fř	321	0.9493	2.9774
879	âr	319	0.9434	2.9747
880	jb	316	0.9345	2.9706
880	qi	316	0.9345	2.9706
881	ν$	315	0.9316	2.9692
882	xs	314	0.9286	2.9678
883	fc	309	0.9138	2.9609
883	jn	309	0.9138	2.9609
884	-z	304	0.899	2.9538
885	'o	303	0.8961	2.9524
885	lä	303	0.8961	2.9524
886	'v	300	0.8872	2.948
887	^е	298	0.8813	2.9451
888	bk	295	0.8724	2.9407
889	rü	291	0.8606	2.9348
890	jf	289	0.8547	2.9318
891	eé	288	0.8517	2.9303
892	æk	286	0.8458	2.9273
893	vã	282	0.834	2.9212
893	öl	282	0.834	2.9212
894	ké	281	0.831	2.9196
895	ía	280	0.8281	2.9181
896	öy	277	0.8192	2.9134
897	sе	276	0.8162	2.9118
898	hg	275	0.8133	2.9103
898	hp	275	0.8133	2.9103
899	rř	274	0.8103	2.9086
899	uæ	274	0.8103	2.9086
899	éi	274	0.8103	2.9086
900	xv	272	0.8044	2.9055
901	zv	271	0.8014	2.9038
902	iñ	270	0.7985	2.9023
903	pе	269	0.7955	2.9006
903	äg	269	0.7955	2.9006
904	bé	267	0.7896	2.8974
905	là	266	0.7867	2.8958
906	'i	265	0.7837	2.8941
906	cz	265	0.7837	2.8941
906	øj	265	0.7837	2.8941
907	bp	263	0.7778	2.8909
907	νo	263	0.7778	2.8909
908	öv	262	0.7748	2.8892
909	jm	261	0.7719	2.8876
909	ém	261	0.7719	2.8876
910	hä	257	0.76	2.8808
911	zp	255	0.7541	2.8774
912	zs	254	0.7512	2.8758
912	øø	254	0.7512	2.8758
913	kä	250	0.7393	2.8688
914	tá	249	0.7364	2.8671
915	zb	247	0.7305	2.8636
916	mã	241	0.7127	2.8529
917	cé	240	0.7098	2.8511
918	æh	239	0.7068	2.8493
919	aé	238	0.7039	2.8475
920	äs	237	0.7009	2.8457
920	еr	237	0.7009	2.8457
921	jl	236	0.6979	2.8438
921	p'	236	0.6979	2.8438
921	sâ	236	0.6979	2.8438
921	yz	236	0.6979	2.8438
922	fh	235	0.695	2.842
923	xx	232	0.6861	2.8364
923	ès	232	0.6861	2.8364
924	wp	226	0.6684	2.825
925	zt	225	0.6654	2.8231
926	oq	221	0.6536	2.8153
927	xh	220	0.6506	2.8133
928	éd	219	0.6477	2.8114
929	ät	218	0.6447	2.8094
930	åu	216	0.6388	2.8054
931	hř	213	0.6299	2.7993
932	cw	212	0.627	2.7973
932	í$	212	0.627	2.7973
933	nè	211	0.624	2.7952
934	nâ	209	0.6181	2.7911
935	fp	208	0.6151	2.7889
935	jш	208	0.6151	2.7889
935	èv	208	0.6151	2.7889
936	жr	204	0.6033	2.7805
937	sá	202	0.5974	2.7763
938	dř	200	0.5915	2.772
938	lá	200	0.5915	2.772
938	rí	200	0.5915	2.772
938	xw	200	0.5915	2.772
939	gã	199	0.5885	2.7697
940	nç	198	0.5856	2.7676
940	řd	198	0.5856	2.7676
941	pw	197	0.5826	2.7654
942	ĺn	196	0.5796	2.7631
943	gé	195	0.5767	2.7609
943	yy	195	0.5767	2.7609
943	ãn	195	0.5767	2.7609
943	ĺt	195	0.5767	2.7609
944	'g	193	0.5708	2.7565
944	lã	193	0.5708	2.7565
945	hã	191	0.5649	2.752
945	lí	191	0.5649	2.752
945	ná	191	0.5649	2.752
946	ué	190	0.5619	2.7497
947	añ	189	0.5589	2.7473
947	ço	189	0.5589	2.7473
948	tä	185	0.5471	2.7381
949	gâ	183	0.5412	2.7334
950	kæ	181	0.5353	2.7286
950	νæ	181	0.5353	2.7286
951	^ó	180	0.5323	2.7262
952	vĺ	179	0.5294	2.7238
953	-x	178	0.5264	2.7213
954	iè	177	0.5235	2.7189
954	ió	177	0.5235	2.7189
955	zw	176	0.5205	2.7164
956	vc	175	0.5175	2.7139
956	ás	175	0.5175	2.7139
957	kc	174	0.5146	2.7115
958	kö	172	0.5087	2.7065
958	tĺ	172	0.5087	2.7065
958	äu	172	0.5087	2.7065
959	sř	171	0.5057	2.7039
959	řy	171	0.5057	2.7039
960	bö	170	0.5028	2.7014
960	sí	170	0.5028	2.7014
961	'f	169	0.4998	2.6988
961	äp	169	0.4998	2.6988
962	éé	168	0.4968	2.6962
963	ós	167	0.4939	2.6936
964	tí	166	0.4909	2.691
965	bä	165	0.488	2.6884
965	óg	165	0.488	2.6884
966	åo	164	0.485	2.6857
967	lĺ	163	0.4821	2.6831
968	j'	162	0.4791	2.6804
968	qq	162	0.4791	2.6804
968	zc	162	0.4791	2.6804
969	bf	161	0.4761	2.6777
970	ææ	160	0.4732	2.675
970	ül	160	0.4732	2.675
971	fá	159	0.4702	2.6723
971	vé	159	0.4702	2.6723
972	eν	158	0.4673	2.6696
973	bg	157	0.4643	2.6668
973	jc	157	0.4643	2.6668
974	lř	156	0.4613	2.664
974	ãt	156	0.4613	2.664
975	rã	155	0.4584	2.6612
976	tã	154	0.4554	2.6584
976	éj	154	0.4554	2.6584
976	öp	154	0.4554	2.6584
977	mz	152	0.4495	2.6527
978	pà	150	0.4436	2.647
979	^ř	149	0.4406	2.644
979	gü	149	0.4406	2.644
980	uå	148	0.4377	2.6412
981	äc	147	0.4347	2.6382
981	øu	147	0.4347	2.6382
982	jh	146	0.4318	2.6353
982	ór	146	0.4318	2.6353
983	nе	145	0.4288	2.6323
983	ök	145	0.4288	2.6323
984	âª	144	0.4259	2.6293
984	év	144	0.4259	2.6293
984	ø-	144	0.4259	2.6293
985	mе	143	0.4229	2.6262
985	àr	143	0.4229	2.6262
985	řl	143	0.4229	2.6262
986	gc	142	0.4199	2.6231
986	zd	142	0.4199	2.6231
986	ª$	142	0.4199	2.6231
987	zü	141	0.417	2.6201
988	xm	140	0.414	2.617
989	ró	139	0.4111	2.6139
990	oν	138	0.4081	2.6108
990	ât	138	0.4081	2.6108
991	sν	137	0.4052	2.6077
991	ög	137	0.4052	2.6077
992	oé	136	0.4022	2.6044
993	dã	132	0.3904	2.5915
993	é-	132	0.3904	2.5915
993	řn	132	0.3904	2.5915
993	řv	132	0.3904	2.5915
994	fâ	130	0.3845	2.5849
994	yx	130	0.3845	2.5849
994	øa	130	0.3845	2.5849
995	cj	129	0.3815	2.5815
995	fе	129	0.3815	2.5815
995	öz	129	0.3815	2.5815
995	řt	129	0.3815	2.5815
996	ál	128	0.3785	2.5781
996	éø	128	0.3785	2.5781
997	åø	127	0.3756	2.5747
998	ãd	126	0.3726	2.5712
999	tö	125	0.3697	2.5678
1000	tř	124	0.3667	2.5643
1000	üs	124	0.3667	2.5643
1000	řk	124	0.3667	2.5643
1000	řs	124	0.3667	2.5643
1001	'j	123	0.3638	2.5609
1001	vж	123	0.3638	2.5609
1002	oå	122	0.3608	2.5573
1002	pz	122	0.3608	2.5573
1002	ék	122	0.3608	2.5573
1003	lq	121	0.3578	2.5536
1004	zf	120	0.3549	2.5501
1004	ãl	120	0.3549	2.5501
1005	nö	117	0.346	2.5391
1005	qo	117	0.346	2.5391
1006	gá	116	0.3431	2.5354
1006	qe	116	0.3431	2.5354
1006	xg	116	0.3431	2.5354
1007	vá	114	0.3371	2.5278
1007	ĺl	114	0.3371	2.5278
1008	jg	113	0.3342	2.524
1008	nü	113	0.3342	2.524
1008	ãp	113	0.3342	2.524
1008	øo	113	0.3342	2.524
1009	nà	112	0.3312	2.5201
1010	mâ	110	0.3253	2.5123
1010	öb	110	0.3253	2.5123
1011	w'	109	0.3224	2.5084
1012	fш	108	0.3194	2.5043
1012	pö	108	0.3194	2.5043
1012	rá	108	0.3194	2.5043
1012	wj	108	0.3194	2.5043
1012	ww	108	0.3194	2.5043
1013	hĺ	107	0.3164	2.5002
1014	æi	106	0.3135	2.4962
1015	sà	105	0.3105	2.4921
1015	xr	105	0.3105	2.4921
1015	äd	105	0.3105	2.4921
1015	ép	105	0.3105	2.4921
1016	hâ	104	0.3076	2.488
1016	jà	104	0.3076	2.488
1016	jć	104	0.3076	2.488
1016	ãv	104	0.3076	2.488
1017	æ'	103	0.3046	2.4837
1018	gе	102	0.3017	2.4796
1019	jv	101	0.2987	2.4752
1019	üg	101	0.2987	2.4752
1019	ĺp	101	0.2987	2.4752
1020	uá	100	0.2957	2.4709
1020	èe	100	0.2957	2.4709
1021	xd	99	0.2928	2.4666
1021	xk	99	0.2928	2.4666
1021	æf	99	0.2928	2.4666
1022	éb	98	0.2898	2.4621
1022	шy	98	0.2898	2.4621
1023	zé	97	0.2869	2.4577
1023	ún	97	0.2869	2.4577
1024	cá	96	0.2839	2.4532
1024	ló	96	0.2839	2.4532
1024	ão	96	0.2839	2.4532
1025	lè	95	0.2809	2.4486
1025	mà	95	0.2809	2.4486
1025	tè	95	0.2809	2.4486
1025	tó	95	0.2809	2.4486
1026	uí	94	0.278	2.444
1026	äk	94	0.278	2.444
1027	há	93	0.275	2.4393
1027	lν	93	0.275	2.4393
1028	ég	92	0.2721	2.4347
1029	fv	91	0.2691	2.4299
1029	rш	91	0.2691	2.4299
1029	ñe	91	0.2691	2.4299
1029	νn	91	0.2691	2.4299
1030	mx	89	0.2632	2.4203
1030	æg	89	0.2632	2.4203
1031	vx	87	0.2573	2.4104
1032	hш	86	0.2543	2.4053
1033	^ñ	85	0.2514	2.4004
1034	dü	83	0.2455	2.3901
1034	vе	83	0.2455	2.3901
1034	ça	83	0.2455	2.3901
1035	rĺ	82	0.2425	2.3847
1036	jó	81	0.2395	2.3793
1037	^ì	80	0.2366	2.374
1037	mř	80	0.2366	2.374
1038	ãs	79	0.2336	2.3685
1039	nř	78	0.2307	2.363
1040	àn	77	0.2277	2.3574
1041	ví	76	0.2248	2.3518
1041	ãy	76	0.2248	2.3518
1042	át	75	0.2218	2.346
1042	æn	75	0.2218	2.346
1042	ên	75	0.2218	2.346
1043	jü	74	0.2188	2.34
1044	dq	73	0.2159	2.3343
1044	dä	73	0.2159	2.3343
1044	lî	73	0.2159	2.3343
1044	oë	73	0.2159	2.3343
1044	éc	73	0.2159	2.3343
1045	hz	72	0.2129	2.3282
1045	iν	72	0.2129	2.3282
1045	tâ	72	0.2129	2.3282
1045	wä	72	0.2129	2.3282
1045	èm	72	0.2129	2.3282
1046	-é	71	0.21	2.3222
1046	oø	71	0.21	2.3222
1047	ë$	70	0.207	2.316
1048	lш	69	0.2041	2.3098
1048	řp	69	0.2041	2.3098
1049	cø	68	0.2011	2.3034
1050	qy	67	0.1981	2.2969
1050	ân	67	0.1981	2.2969
1050	æe	67	0.1981	2.2969
1050	ók	67	0.1981	2.2969
1051	aï	66	0.1952	2.2905
1051	fw	66	0.1952	2.2905
1051	qr	66	0.1952	2.2905
1051	xn	66	0.1952	2.2905
1051	în	66	0.1952	2.2905
1051	ćv	66	0.1952	2.2905
1052	-æ	65	0.1922	2.2838
1052	gz	65	0.1922	2.2838
1052	öi	65	0.1922	2.2838
1052	řm	65	0.1922	2.2838
1052	νå	65	0.1922	2.2838
1053	^ê	64	0.1893	2.2772
1053	dx	64	0.1893	2.2772
1053	hè	64	0.1893	2.2772
1053	př	64	0.1893	2.2772
1053	ám	64	0.1893	2.2772
1053	ôt	64	0.1893	2.2772
1054	aø	63	0.1863	2.2702
1054	dш	63	0.1863	2.2702
1054	f'	63	0.1863	2.2702
1054	mí	63	0.1863	2.2702
1054	sú	63	0.1863	2.2702
1054	áp	63	0.1863	2.2702
1054	üe	63	0.1863	2.2702
1055	zj	62	0.1834	2.2634
1055	âp	62	0.1834	2.2634
1055	éy	62	0.1834	2.2634
1055	ío	62	0.1834	2.2634
1055	î$	62	0.1834	2.2634
1056	aí	61	0.1804	2.2562
1056	lć	61	0.1804	2.2562
1056	tx	61	0.1804	2.2562
1056	öj	61	0.1804	2.2562
1056	üt	61	0.1804	2.2562
1057	bã	60	0.1774	2.249
1057	ík	60	0.1774	2.249
1057	öf	60	0.1774	2.249
1057	ús	60	0.1774	2.249
1058	gà	59	0.1745	2.2418
1059	^ﬂ	58	0.1715	2.2343
1059	sè	58	0.1715	2.2343
1059	yå	58	0.1715	2.2343
1059	èt	58	0.1715	2.2343
1060	fó	57	0.1686	2.2269
1060	ûl	57	0.1686	2.2269
1061	fè	56	0.1656	2.2191
1061	ò$	56	0.1656	2.2191
1061	шd	56	0.1656	2.2191
1062	bř	55	0.1627	2.2114
1062	äm	55	0.1627	2.2114
1062	ĺd	55	0.1627	2.2114
1063	'p	54	0.1597	2.2033
1063	dí	54	0.1597	2.2033
1063	iö	54	0.1597	2.2033
1063	ĺs	54	0.1597	2.2033
1064	lü	53	0.1567	2.1951
1064	áb	53	0.1567	2.1951
1064	ël	53	0.1567	2.1951
1064	шv	53	0.1567	2.1951
1065	bv	52	0.1538	2.187
1065	mè	52	0.1538	2.187
1065	tш	52	0.1538	2.187
1065	uñ	52	0.1538	2.187
1065	ãk	52	0.1538	2.187
1065	êt	52	0.1538	2.187
1066	^î	51	0.1508	2.1784
1066	^ш	51	0.1508	2.1784
1066	еp	51	0.1508	2.1784
1067	tе	50	0.1479	2.17
1067	èl	50	0.1479	2.17
1067	ís	50	0.1479	2.17
1067	ît	50	0.1479	2.17
1067	ř$	50	0.1479	2.17
1068	îk	49	0.1449	2.1611
1068	шs	49	0.1449	2.1611
1069	cí	48	0.142	2.1523
1069	gq	48	0.142	2.1523
1069	gó	48	0.142	2.1523
1069	hx	48	0.142	2.1523
1069	rê	48	0.142	2.1523
1069	éf	48	0.142	2.1523
1070	ký	47	0.139	2.143
1070	nć	47	0.139	2.143
1070	oñ	47	0.139	2.143
1070	ír	47	0.139	2.143
1071	râ	46	0.136	2.1335
1071	éz	46	0.136	2.1335
1071	ñn	46	0.136	2.1335
1072	aë	45	0.1331	2.1242
1072	có	45	0.1331	2.1242
1072	ì$	45	0.1331	2.1242
1072	óm	45	0.1331	2.1242
1072	üb	45	0.1331	2.1242
1073	^ü	44	0.1301	2.1143
1073	lâ	44	0.1301	2.1143
1073	qb	44	0.1301	2.1143
1073	qt	44	0.1301	2.1143
1073	qv	44	0.1301	2.1143
1073	rú	44	0.1301	2.1143
1073	vâ	44	0.1301	2.1143
1073	øν	44	0.1301	2.1143
1074	dû	43	0.1272	2.1045
1074	lе	43	0.1272	2.1045
1074	tî	43	0.1272	2.1045
1074	äv	43	0.1272	2.1045
1074	öh	43	0.1272	2.1045
1074	шt	43	0.1272	2.1045
1075	ês	42	0.1242	2.0941
1075	îl	42	0.1242	2.0941
1075	øx	42	0.1242	2.0941
1075	еn	42	0.1242	2.0941
1076	jw	41	0.1213	2.0839
1076	lê	41	0.1213	2.0839
1076	öw	41	0.1213	2.0839
1076	öx	41	0.1213	2.0839
1077	'y	40	0.1183	2.073
1077	^ç	40	0.1183	2.073
1077	dá	40	0.1183	2.073
1077	hü	40	0.1183	2.073
1077	kz	40	0.1183	2.073
1077	px	40	0.1183	2.073
1077	qs	40	0.1183	2.073
1078	bz	39	0.1153	2.0618
1078	lò	39	0.1153	2.0618
1078	tà	39	0.1153	2.0618
1078	wz	39	0.1153	2.0618
1078	yø	39	0.1153	2.0618
1078	zá	39	0.1153	2.0618
1078	ĺk	39	0.1153	2.0618
1079	cô	38	0.1124	2.0508
1079	fà	38	0.1124	2.0508
1079	tü	38	0.1124	2.0508
1079	æm	38	0.1124	2.0508
1079	ó$	38	0.1124	2.0508
1079	еl	38	0.1124	2.0508
1080	sш	37	0.1094	2.039
1080	xj	37	0.1094	2.039
1080	óp	37	0.1094	2.039
1080	шl	37	0.1094	2.039
1081	eî	36	0.1065	2.0273
1081	gû	36	0.1065	2.0273
1081	ùr	36	0.1065	2.0273
1081	еt	36	0.1065	2.0273
1082	''	35	0.1035	2.0149
1082	^í	35	0.1035	2.0149
1082	æ-	35	0.1035	2.0149
1082	îs	35	0.1035	2.0149
1083	bq	34	0.1006	2.0026
1083	iî	34	0.1006	2.0026
1083	vî	34	0.1006	2.0026
1083	zq	34	0.1006	2.0026
1083	ãm	34	0.1006	2.0026
1083	の$	34	0.1006	2.0026
1084	'w	33	0.0976	1.9894
1084	bĺ	33	0.0976	1.9894
1084	cú	33	0.0976	1.9894
1084	dú	33	0.0976	1.9894
1084	mq	33	0.0976	1.9894
1084	qh	33	0.0976	1.9894
1084	ê$	33	0.0976	1.9894
1084	шn	33	0.0976	1.9894
1085	^君	32	0.0946	1.9759
1085	aî	32	0.0946	1.9759
1085	âl	32	0.0946	1.9759
1085	řf	32	0.0946	1.9759
1085	君$	32	0.0946	1.9759
1086	aå	31	0.0917	1.9624
1086	fz	31	0.0917	1.9624
1086	jж	31	0.0917	1.9624
1086	vw	31	0.0917	1.9624
1086	éu	31	0.0917	1.9624
1086	ðu	31	0.0917	1.9624
1087	ái	30	0.0887	1.9479
1087	íg	30	0.0887	1.9479
1088	dó	29	0.0858	1.9335
1088	tê	29	0.0858	1.9335
1088	ád	29	0.0858	1.9335
1088	äf	29	0.0858	1.9335
1088	îg	29	0.0858	1.9335
1088	ô$	29	0.0858	1.9335
1088	ûr	29	0.0858	1.9335
1088	ýl	29	0.0858	1.9335
1088	жv	29	0.0858	1.9335
1089	bá	28	0.0828	1.918
1089	kν	28	0.0828	1.918
1089	ný	28	0.0828	1.918
1089	qd	28	0.0828	1.918
1089	rе	28	0.0828	1.918
1089	sõ	28	0.0828	1.918
1089	ää	28	0.0828	1.918
1089	õx	28	0.0828	1.918
1089	úl	28	0.0828	1.918
1090	bü	27	0.0798	1.902
1090	kx	27	0.0798	1.902
1090	lú	27	0.0798	1.902
1090	tú	27	0.0798	1.902
1090	uð	27	0.0798	1.902
1090	vö	27	0.0798	1.902
1090	ìe	27	0.0798	1.902
1090	íe	27	0.0798	1.902
1090	ñr	27	0.0798	1.902
1090	òr	27	0.0798	1.902
1090	шk	27	0.0798	1.902
1090	ﬂy	27	0.0798	1.902
1091	eä	26	0.0769	1.8859
1091	hô	26	0.0769	1.8859
1091	ãh	26	0.0769	1.8859
1091	ïs	26	0.0769	1.8859
1091	ý$	26	0.0769	1.8859
1092	aç	25	0.0739	1.8686
1092	aš	25	0.0739	1.8686
1092	âs	25	0.0739	1.8686
1092	ïd	25	0.0739	1.8686
1092	ša	25	0.0739	1.8686
1093	^ô	24	0.071	1.8513
1093	gx	24	0.071	1.8513
1093	hà	24	0.071	1.8513
1093	já	24	0.071	1.8513
1093	ká	24	0.071	1.8513
1093	rû	24	0.071	1.8513
1093	wq	24	0.071	1.8513
1093	wv	24	0.071	1.8513
1093	ýt	24	0.071	1.8513
1093	い$	24	0.071	1.8513
1093	て$	24	0.071	1.8513
1094	'å	23	0.068	1.8325
1094	^º	23	0.068	1.8325
1094	fć	23	0.068	1.8325
1094	lx	23	0.068	1.8325
1094	à-	23	0.068	1.8325
1094	êp	23	0.068	1.8325
1094	ú$	23	0.068	1.8325
1095	^に	22	0.0651	1.8136
1095	nú	22	0.0651	1.8136
1095	nж	22	0.0651	1.8136
1095	và	22	0.0651	1.8136
1095	yé	22	0.0651	1.8136
1095	º$	22	0.0651	1.8136
1095	ñl	22	0.0651	1.8136
1095	ów	22	0.0651	1.8136
1095	ù$	22	0.0651	1.8136
1095	úm	22	0.0651	1.8136
1095	üc	22	0.0651	1.8136
1095	шm	22	0.0651	1.8136
1095	に$	22	0.0651	1.8136
1096	kã	21	0.0621	1.7931
1096	kó	21	0.0621	1.7931
1096	lô	21	0.0621	1.7931
1096	sì	21	0.0621	1.7931
1096	sü	21	0.0621	1.7931
1096	ãf	21	0.0621	1.7931
1096	úc	21	0.0621	1.7931
1096	νd	21	0.0621	1.7931
1096	νs	21	0.0621	1.7931
1097	^の	20	0.0591	1.7716
1097	aú	20	0.0591	1.7716
1097	fù	20	0.0591	1.7716
1097	hq	20	0.0591	1.7716
1097	iã	20	0.0591	1.7716
1097	nш	20	0.0591	1.7716
1097	ql	20	0.0591	1.7716
1097	zó	20	0.0591	1.7716
1097	ße	20	0.0591	1.7716
1097	àl	20	0.0591	1.7716
1097	îr	20	0.0591	1.7716
1097	ñk	20	0.0591	1.7716
1097	ôi	20	0.0591	1.7716
1097	ü$	20	0.0591	1.7716
1098	-à	19	0.0562	1.7497
1098	dî	19	0.0562	1.7497
1098	kq	19	0.0562	1.7497
1098	kĺ	19	0.0562	1.7497
1098	lж	19	0.0562	1.7497
1098	mî	19	0.0562	1.7497
1098	pó	19	0.0562	1.7497
1098	rç	19	0.0562	1.7497
1098	íl	19	0.0562	1.7497
1098	ói	19	0.0562	1.7497
1098	øc	19	0.0562	1.7497
1098	ĺe	19	0.0562	1.7497
1099	bâ	18	0.0532	1.7259
1099	dĺ	18	0.0532	1.7259
1099	fò	18	0.0532	1.7259
1099	hе	18	0.0532	1.7259
1099	mù	18	0.0532	1.7259
1099	mш	18	0.0532	1.7259
1099	pш	18	0.0532	1.7259
1099	tò	18	0.0532	1.7259
1099	ák	18	0.0532	1.7259
1099	ãe	18	0.0532	1.7259
1099	äe	18	0.0532	1.7259
1099	æν	18	0.0532	1.7259
1099	ët	18	0.0532	1.7259
1099	íc	18	0.0532	1.7259
1099	ód	18	0.0532	1.7259
1099	öe	18	0.0532	1.7259
1099	νl	18	0.0532	1.7259
1099	ш$	18	0.0532	1.7259
1099	шp	18	0.0532	1.7259
1100	^ć	17	0.0503	1.7016
1100	eó	17	0.0503	1.7016
1100	fx	17	0.0503	1.7016
1100	hó	17	0.0503	1.7016
1100	jè	17	0.0503	1.7016
1100	só	17	0.0503	1.7016
1100	ãg	17	0.0503	1.7016
1100	íd	17	0.0503	1.7016
1100	ø'	17	0.0503	1.7016
1100	νt	17	0.0503	1.7016
1100	йn	17	0.0503	1.7016
1101	^й	16	0.0473	1.6749
1101	^こ	16	0.0473	1.6749
1101	cx	16	0.0473	1.6749
1101	dù	16	0.0473	1.6749
1101	sû	16	0.0473	1.6749
1101	sć	16	0.0473	1.6749
1101	tν	16	0.0473	1.6749
1101	vñ	16	0.0473	1.6749
1101	yà	16	0.0473	1.6749
1101	yæ	16	0.0473	1.6749
1101	zx	16	0.0473	1.6749
1101	éh	16	0.0473	1.6749
1101	ði	16	0.0473	1.6749
1101	ö-	16	0.0473	1.6749
1101	øw	16	0.0473	1.6749
1101	ûm	16	0.0473	1.6749
1101	üi	16	0.0473	1.6749
1101	еd	16	0.0473	1.6749
1102	'é	15	0.0444	1.6474
1102	bx	15	0.0444	1.6474
1102	gè	15	0.0444	1.6474
1102	ið	15	0.0444	1.6474
1102	pè	15	0.0444	1.6474
1102	rî	15	0.0444	1.6474
1102	të	15	0.0444	1.6474
1102	âd	15	0.0444	1.6474
1102	ùi	15	0.0444	1.6474
1102	ře	15	0.0444	1.6474
1103	^い	14	0.0414	1.617
1103	^て	14	0.0414	1.617
1103	^を	14	0.0414	1.617
1103	dê	14	0.0414	1.617
1103	iß	14	0.0414	1.617
1103	iá	14	0.0414	1.617
1103	jù	14	0.0414	1.617
1103	qg	14	0.0414	1.617
1103	rà	14	0.0414	1.617
1103	rć	14	0.0414	1.617
1103	sx	14	0.0414	1.617
1103	vè	14	0.0414	1.617
1103	wø	14	0.0414	1.617
1103	yq	14	0.0414	1.617
1103	ãã	14	0.0414	1.617
1103	äb	14	0.0414	1.617
1103	ìi	14	0.0414	1.617
1103	と$	14	0.0414	1.617
1103	ない	14	0.0414	1.617
1103	ら$	14	0.0414	1.617
1103	を$	14	0.0414	1.617
1104	cã	13	0.0384	1.5843
1104	dν	13	0.0384	1.5843
1104	gν	13	0.0384	1.5843
1104	iç	13	0.0384	1.5843
1104	kř	13	0.0384	1.5843
1104	pq	13	0.0384	1.5843
1104	sî	13	0.0384	1.5843
1104	tô	13	0.0384	1.5843
1104	äo	13	0.0384	1.5843
1104	åc	13	0.0384	1.5843
1104	ìa	13	0.0384	1.5843
1104	ít	13	0.0384	1.5843
1104	ól	13	0.0384	1.5843
1104	õr	13	0.0384	1.5843
1104	ùd	13	0.0384	1.5843
1104	ùl	13	0.0384	1.5843
1104	ĺv	13	0.0384	1.5843
1105	^ж	12	0.0355	1.5502
1105	^あ	12	0.0355	1.5502
1105	^ﬁ	12	0.0355	1.5502
1105	gř	12	0.0355	1.5502
1105	hù	12	0.0355	1.5502
1105	vř	12	0.0355	1.5502
1105	àt	12	0.0355	1.5502
1105	âe	12	0.0355	1.5502
1105	ìr	12	0.0355	1.5502
1105	îe	12	0.0355	1.5502
1105	ôm	12	0.0355	1.5502
1105	ćl	12	0.0355	1.5502
1105	ćs	12	0.0355	1.5502
1105	еe	12	0.0355	1.5502
1105	еk	12	0.0355	1.5502
1105	еs	12	0.0355	1.5502
1105	この	12	0.0355	1.5502
1105	た$	12	0.0355	1.5502
1105	なら	12	0.0355	1.5502
1106	'è	11	0.0325	1.5119
1106	cå	11	0.0325	1.5119
1106	jz	11	0.0325	1.5119
1106	lù	11	0.0325	1.5119
1106	tq	11	0.0325	1.5119
1106	vq	11	0.0325	1.5119
1106	àp	11	0.0325	1.5119
1106	áv	11	0.0325	1.5119
1106	äj	11	0.0325	1.5119
1106	èg	11	0.0325	1.5119
1106	ën	11	0.0325	1.5119
1106	úp	11	0.0325	1.5119
1106	úr	11	0.0325	1.5119
1106	шf	11	0.0325	1.5119
1106	ﬂe	11	0.0325	1.5119
1107	^þ	10	0.0296	1.4713
1107	^さ	10	0.0296	1.4713
1107	^そ	10	0.0296	1.4713
1107	^よ	10	0.0296	1.4713
1107	bê	10	0.0296	1.4713
1107	bш	10	0.0296	1.4713
1107	cê	10	0.0296	1.4713
1107	eü	10	0.0296	1.4713
1107	fê	10	0.0296	1.4713
1107	hí	10	0.0296	1.4713
1107	mò	10	0.0296	1.4713
1107	nó	10	0.0296	1.4713
1107	oï	10	0.0296	1.4713
1107	q'	10	0.0296	1.4713
1107	qp	10	0.0296	1.4713
1107	sù	10	0.0296	1.4713
1107	wü	10	0.0296	1.4713
1107	âk	10	0.0296	1.4713
1107	ìo	10	0.0296	1.4713
1107	îm	10	0.0296	1.4713
1107	òk	10	0.0296	1.4713
1107	ôn	10	0.0296	1.4713
1107	ûi	10	0.0296	1.4713
1107	ĺg	10	0.0296	1.4713
1107	さよ	10	0.0296	1.4713
1107	して	10	0.0296	1.4713
1107	そし	10	0.0296	1.4713
1107	っ$	10	0.0296	1.4713
1107	よな	10	0.0296	1.4713
1108	^ў	9	0.0266	1.4249
1108	bć	9	0.0266	1.4249
1108	dе	9	0.0266	1.4249
1108	dж	9	0.0266	1.4249
1108	eò	9	0.0266	1.4249
1108	eö	9	0.0266	1.4249
1108	iâ	9	0.0266	1.4249
1108	qc	9	0.0266	1.4249
1108	qn	9	0.0266	1.4249
1108	tć	9	0.0266	1.4249
1108	tж	9	0.0266	1.4249
1108	yá	9	0.0266	1.4249
1108	ág	9	0.0266	1.4249
1108	âc	9	0.0266	1.4249
1108	äh	9	0.0266	1.4249
1108	äi	9	0.0266	1.4249
1108	æa	9	0.0266	1.4249
1108	éx	9	0.0266	1.4249
1108	ës	9	0.0266	1.4249
1108	ív	9	0.0266	1.4249
1108	òo	9	0.0266	1.4249
1108	óh	9	0.0266	1.4249
1108	öc	9	0.0266	1.4249
1108	ùy	9	0.0266	1.4249
1108	ük	9	0.0266	1.4249
1108	ýs	9	0.0266	1.4249
1108	þó	9	0.0266	1.4249
1108	νu	9	0.0266	1.4249
1108	ﬂa	9	0.0266	1.4249
1108	ﬂo	9	0.0266	1.4249
1109	^ë	8	0.0237	1.3747
1109	^と	8	0.0237	1.3747
1109	^世	8	0.0237	1.3747
1109	^今	8	0.0237	1.3747
1109	bè	8	0.0237	1.3747
1109	dâ	8	0.0237	1.3747
1109	dý	8	0.0237	1.3747
1109	dć	8	0.0237	1.3747
1109	fq	8	0.0237	1.3747
1109	fõ	8	0.0237	1.3747
1109	iò	8	0.0237	1.3747
1109	iш	8	0.0237	1.3747
1109	kâ	8	0.0237	1.3747
1109	mь	8	0.0237	1.3747
1109	nî	8	0.0237	1.3747
1109	àa	8	0.0237	1.3747
1109	áa	8	0.0237	1.3747
1109	æu	8	0.0237	1.3747
1109	èa	8	0.0237	1.3747
1109	ím	8	0.0237	1.3747
1109	îc	8	0.0237	1.3747
1109	îd	8	0.0237	1.3747
1109	ïï	8	0.0237	1.3747
1109	ób	8	0.0237	1.3747
1109	ùm	8	0.0237	1.3747
1109	üd	8	0.0237	1.3747
1109	あっ	8	0.0237	1.3747
1109	いな	8	0.0237	1.3747
1109	った	8	0.0237	1.3747
1109	よ$	8	0.0237	1.3747
1109	世界	8	0.0237	1.3747
1109	今$	8	0.0237	1.3747
1109	界$	8	0.0237	1.3747
1110	'ê	7	0.0207	1.316
1110	-ö	7	0.0207	1.316
1110	^ù	7	0.0207	1.316
1110	cè	7	0.0207	1.316
1110	fî	7	0.0207	1.316
1110	kü	7	0.0207	1.316
1110	lý	7	0.0207	1.316
1110	mй	7	0.0207	1.316
1110	nν	7	0.0207	1.316
1110	pü	7	0.0207	1.316
1110	qw	7	0.0207	1.316
1110	rô	7	0.0207	1.316
1110	rж	7	0.0207	1.316
1110	tì	7	0.0207	1.316
1110	tñ	7	0.0207	1.316
1110	vz	7	0.0207	1.316
1110	zú	7	0.0207	1.316
1110	áe	7	0.0207	1.316
1110	ãb	7	0.0207	1.316
1110	äx	7	0.0207	1.316
1110	äy	7	0.0207	1.316
1110	åw	7	0.0207	1.316
1110	èc	7	0.0207	1.316
1110	êm	7	0.0207	1.316
1110	êr	7	0.0207	1.316
1110	êv	7	0.0207	1.316
1110	ïr	7	0.0207	1.316
1110	ûn	7	0.0207	1.316
1110	řg	7	0.0207	1.316
1110	νh	7	0.0207	1.316
1110	ьl	7	0.0207	1.316
1111	'æ	6	0.0177	1.248
1111	^ň	6	0.0177	1.248
1111	^で	6	0.0177	1.248
1111	aè	6	0.0177	1.248
1111	bî	6	0.0177	1.248
1111	bó	6	0.0177	1.248
1111	dà	6	0.0177	1.248
1111	dô	6	0.0177	1.248
1111	eè	6	0.0177	1.248
1111	eë	6	0.0177	1.248
1111	gî	6	0.0177	1.248
1111	hć	6	0.0177	1.248
1111	ià	6	0.0177	1.248
1111	jí	6	0.0177	1.248
1111	jе	6	0.0177	1.248
1111	kè	6	0.0177	1.248
1111	ní	6	0.0177	1.248
1111	oí	6	0.0177	1.248
1111	rý	6	0.0177	1.248
1111	tù	6	0.0177	1.248
1111	uè	6	0.0177	1.248
1111	wx	6	0.0177	1.248
1111	yè	6	0.0177	1.248
1111	ài	6	0.0177	1.248
1111	às	6	0.0177	1.248
1111	áz	6	0.0177	1.248
1111	èp	6	0.0177	1.248
1111	îv	6	0.0177	1.248
1111	ï$	6	0.0177	1.248
1111	ïc	6	0.0177	1.248
1111	ñi	6	0.0177	1.248
1111	ùs	6	0.0177	1.248
1111	ýb	6	0.0177	1.248
1111	ňg	6	0.0177	1.248
1111	řb	6	0.0177	1.248
1111	νg	6	0.0177	1.248
1111	жl	6	0.0177	1.248
1111	шg	6	0.0177	1.248
1111	ўh	6	0.0177	1.248
1111	く$	6	0.0177	1.248
1111	で$	6	0.0177	1.248
1111	ﬁn	6	0.0177	1.248
1111	ﬂu	6	0.0177	1.248
1112	'z	5	0.0148	1.1703
1112	'ø	5	0.0148	1.1703
1112	eã	5	0.0148	1.1703
1112	eí	5	0.0148	1.1703
1112	fж	5	0.0148	1.1703
1112	gć	5	0.0148	1.1703
1112	gш	5	0.0148	1.1703
1112	hж	5	0.0148	1.1703
1112	ië	5	0.0148	1.1703
1112	iĺ	5	0.0148	1.1703
1112	jq	5	0.0148	1.1703
1112	mñ	5	0.0148	1.1703
1112	në	5	0.0148	1.1703
1112	nì	5	0.0148	1.1703
1112	nõ	5	0.0148	1.1703
1112	nù	5	0.0148	1.1703
1112	oî	5	0.0148	1.1703
1112	oû	5	0.0148	1.1703
1112	pî	5	0.0148	1.1703
1112	qø	5	0.0148	1.1703
1112	rë	5	0.0148	1.1703
1112	rð	5	0.0148	1.1703
1112	rò	5	0.0148	1.1703
1112	rù	5	0.0148	1.1703
1112	rﬂ	5	0.0148	1.1703
1112	uó	5	0.0148	1.1703
1112	uν	5	0.0148	1.1703
1112	vù	5	0.0148	1.1703
1112	yê	5	0.0148	1.1703
1112	zè	5	0.0148	1.1703
1112	âi	5	0.0148	1.1703
1112	åy	5	0.0148	1.1703
1112	çä	5	0.0148	1.1703
1112	é'	5	0.0148	1.1703
1112	éq	5	0.0148	1.1703
1112	ër	5	0.0148	1.1703
1112	îa	5	0.0148	1.1703
1112	îf	5	0.0148	1.1703
1112	ót	5	0.0148	1.1703
1112	ùk	5	0.0148	1.1703
1112	ùt	5	0.0148	1.1703
1112	út	5	0.0148	1.1703
1112	ût	5	0.0148	1.1703
1112	ýn	5	0.0148	1.1703
1112	ﬂi	5	0.0148	1.1703
1113	'x	4	0.0118	1.0719
1113	'í	4	0.0118	1.0719
1113	-è	4	0.0118	1.0719
1113	^だ	4	0.0118	1.0719
1113	^な	4	0.0118	1.0719
1113	^は	4	0.0118	1.0719
1113	^時	4	0.0118	1.0719
1113	^行	4	0.0118	1.0719
1113	aß	4	0.0118	1.0719
1113	aä	4	0.0118	1.0719
1113	aü	4	0.0118	1.0719
1113	eï	4	0.0118	1.0719
1113	fí	4	0.0118	1.0719
1113	iû	4	0.0118	1.0719
1113	iř	4	0.0118	1.0719
1113	iš	4	0.0118	1.0719
1113	jâ	4	0.0118	1.0719
1113	jĺ	4	0.0118	1.0719
1113	kш	4	0.0118	1.0719
1113	nñ	4	0.0118	1.0719
1113	oì	4	0.0118	1.0719
1113	pú	4	0.0118	1.0719
1113	vш	4	0.0118	1.0719
1113	wæ	4	0.0118	1.0719
1113	wö	4	0.0118	1.0719
1113	xé	4	0.0118	1.0719
1113	zå	4	0.0118	1.0719
1113	zø	4	0.0118	1.0719
1113	àe	4	0.0118	1.0719
1113	àk	4	0.0118	1.0719
1113	ào	4	0.0118	1.0719
1113	á'	4	0.0118	1.0719
1113	á-	4	0.0118	1.0719
1113	ác	4	0.0118	1.0719
1113	áj	4	0.0118	1.0719
1113	áx	4	0.0118	1.0719
1113	â'	4	0.0118	1.0719
1113	ãæ	4	0.0118	1.0719
1113	æc	4	0.0118	1.0719
1113	æo	4	0.0118	1.0719
1113	æw	4	0.0118	1.0719
1113	ç$	4	0.0118	1.0719
1113	çu	4	0.0118	1.0719
1113	çã	4	0.0118	1.0719
1113	è-	4	0.0118	1.0719
1113	èo	4	0.0118	1.0719
1113	èz	4	0.0118	1.0719
1113	íf	4	0.0118	1.0719
1113	íi	4	0.0118	1.0719
1113	ïe	4	0.0118	1.0719
1113	ñs	4	0.0118	1.0719
1113	ñt	4	0.0118	1.0719
1113	òi	4	0.0118	1.0719
1113	òn	4	0.0118	1.0719
1113	òs	4	0.0118	1.0719
1113	óe	4	0.0118	1.0719
1113	ôg	4	0.0118	1.0719
1113	õe	4	0.0118	1.0719
1113	úa	4	0.0118	1.0719
1113	úd	4	0.0118	1.0719
1113	üz	4	0.0118	1.0719
1113	œ$	4	0.0118	1.0719
1113	ŕ$	4	0.0118	1.0719
1113	šn	4	0.0118	1.0719
1113	νp	4	0.0118	1.0719
1113	еg	4	0.0118	1.0719
1113	шe	4	0.0118	1.0719
1113	ьg	4	0.0118	1.0719
1113	いた	4	0.0118	1.0719
1113	う$	4	0.0118	1.0719
1113	かっ	4	0.0118	1.0719
1113	こと	4	0.0118	1.0719
1113	した	4	0.0118	1.0719
1113	たい	4	0.0118	1.0719
1113	たく	4	0.0118	1.0719
1113	だ$	4	0.0118	1.0719
1113	は$	4	0.0118	1.0719
1113	も$	4	0.0118	1.0719
1113	る$	4	0.0118	1.0719
1113	ん$	4	0.0118	1.0719
1113	時$	4	0.0118	1.0719
1113	行く	4	0.0118	1.0719
1114	-ã	3	0.0089	0.9494
1114	^ú	3	0.0089	0.9494
1114	^û	3	0.0089	0.9494
1114	^š	3	0.0089	0.9494
1114	^м	3	0.0089	0.9494
1114	^ව	3	0.0089	0.9494
1114	aá	3	0.0089	0.9494
1114	aò	3	0.0089	0.9494
1114	ađ	3	0.0089	0.9494
1114	bí	3	0.0089	0.9494
1114	bû	3	0.0089	0.9494
1114	bе	3	0.0089	0.9494
1114	bж	3	0.0089	0.9494
1114	cü	3	0.0089	0.9494
1114	dë	3	0.0089	0.9494
1114	eá	3	0.0089	0.9494
1114	eﬂ	3	0.0089	0.9494
1114	hë	3	0.0089	0.9494
1114	hõ	3	0.0089	0.9494
1114	iä	3	0.0089	0.9494
1114	iù	3	0.0089	0.9494
1114	jñ	3	0.0089	0.9494
1114	kà	3	0.0089	0.9494
1114	kе	3	0.0089	0.9494
1114	lŕ	3	0.0089	0.9494
1114	lь	3	0.0089	0.9494
1114	mý	3	0.0089	0.9494
1114	mν	3	0.0089	0.9494
1114	nê	3	0.0089	0.9494
1114	nò	3	0.0089	0.9494
1114	oæ	3	0.0089	0.9494
1114	oè	3	0.0089	0.9494
1114	où	3	0.0089	0.9494
1114	pê	3	0.0089	0.9494
1114	pí	3	0.0089	0.9494
1114	qj	3	0.0089	0.9494
1114	rì	3	0.0089	0.9494
1114	uä	3	0.0089	0.9494
1114	vì	3	0.0089	0.9494
1114	vó	3	0.0089	0.9494
1114	wâ	3	0.0089	0.9494
1114	wц	3	0.0089	0.9494
1114	xz	3	0.0089	0.9494
1114	yú	3	0.0089	0.9494
1114	àd	3	0.0089	0.9494
1114	áu	3	0.0089	0.9494
1114	âb	3	0.0089	0.9494
1114	âv	3	0.0089	0.9494
1114	ââ	3	0.0089	0.9494
1114	æj	3	0.0089	0.9494
1114	çe	3	0.0089	0.9494
1114	çr	3	0.0089	0.9494
1114	çá	3	0.0089	0.9494
1114	èi	3	0.0089	0.9494
1114	èj	3	0.0089	0.9494
1114	éâ	3	0.0089	0.9494
1114	íp	3	0.0089	0.9494
1114	ïn	3	0.0089	0.9494
1114	ñg	3	0.0089	0.9494
1114	ñy	3	0.0089	0.9494
1114	ñó	3	0.0089	0.9494
1114	ùp	3	0.0089	0.9494
1114	û$	3	0.0089	0.9494
1114	ûc	3	0.0089	0.9494
1114	üa	3	0.0089	0.9494
1114	üj	3	0.0089	0.9494
1114	đe	3	0.0089	0.9494
1114	ĺb	3	0.0089	0.9494
1114	ĺf	3	0.0089	0.9494
1114	œr	3	0.0089	0.9494
1114	νr	3	0.0089	0.9494
1114	νø	3	0.0089	0.9494
1114	νν	3	0.0089	0.9494
1114	й$	3	0.0089	0.9494
1114	мс	3	0.0089	0.9494
1114	сq	3	0.0089	0.9494
1114	цl	3	0.0089	0.9494
1114	шh	3	0.0089	0.9494
1114	වා	3	0.0089	0.9494
1114	වේ	3	0.0089	0.9494
1114	ා$	3	0.0089	0.9494
1114	ේව	3	0.0089	0.9494
1114	ﬁl	3	0.0089	0.9494
1114	ﬁs	3	0.0089	0.9494
1114	ﬂø	3	0.0089	0.9494
1115	'â	2	0.0059	0.7709
1115	-á	2	0.0059	0.7709
1115	-ñ	2	0.0059	0.7709
1115	^н	2	0.0059	0.7709
1115	^ආ	2	0.0059	0.7709
1115	^ජ	2	0.0059	0.7709
1115	^か	2	0.0059	0.7709
1115	^が	2	0.0059	0.7709
1115	^け	2	0.0059	0.7709
1115	^ず	2	0.0059	0.7709
1115	^た	2	0.0059	0.7709
1115	^ば	2	0.0059	0.7709
1115	^も	2	0.0059	0.7709
1115	^ん	2	0.0059	0.7709
1115	^一	2	0.0059	0.7709
1115	^伝	2	0.0059	0.7709
1115	^伸	2	0.0059	0.7709
1115	^側	2	0.0059	0.7709
1115	^全	2	0.0059	0.7709
1115	^壊	2	0.0059	0.7709
1115	^好	2	0.0059	0.7709
1115	^始	2	0.0059	0.7709
1115	^届	2	0.0059	0.7709
1115	^広	2	0.0059	0.7709
1115	^心	2	0.0059	0.7709
1115	^忘	2	0.0059	0.7709
1115	^思	2	0.0059	0.7709
1115	^手	2	0.0059	0.7709
1115	^探	2	0.0059	0.7709
1115	^旅	2	0.0059	0.7709
1115	^明	2	0.0059	0.7709
1115	^星	2	0.0059	0.7709
1115	^本	2	0.0059	0.7709
1115	^果	2	0.0059	0.7709
1115	^歩	2	0.0059	0.7709
1115	^気	2	0.0059	0.7709
1115	^無	2	0.0059	0.7709
1115	^知	2	0.0059	0.7709
1115	^空	2	0.0059	0.7709
1115	^笑	2	0.0059	0.7709
1115	^絶	2	0.0059	0.7709
1115	^誓	2	0.0059	0.7709
1115	^道	2	0.0059	0.7709
1115	^遠	2	0.0059	0.7709
1115	^願	2	0.0059	0.7709
1115	aê	2	0.0059	0.7709
1115	ač	2	0.0059	0.7709
1115	bà	2	0.0059	0.7709
1115	bú	2	0.0059	0.7709
1115	cò	2	0.0059	0.7709
1115	dñ	2	0.0059	0.7709
1115	eâ	2	0.0059	0.7709
1115	eç	2	0.0059	0.7709
1115	eê	2	0.0059	0.7709
1115	eĺ	2	0.0059	0.7709
1115	eﬁ	2	0.0059	0.7709
1115	gê	2	0.0059	0.7709
1115	gð	2	0.0059	0.7709
1115	gù	2	0.0059	0.7709
1115	gœ	2	0.0059	0.7709
1115	gж	2	0.0059	0.7709
1115	hú	2	0.0059	0.7709
1115	iê	2	0.0059	0.7709
1115	iõ	2	0.0059	0.7709
1115	iń	2	0.0059	0.7709
1115	jx	2	0.0059	0.7709
1115	jú	2	0.0059	0.7709
1115	jų	2	0.0059	0.7709
1115	kõ	2	0.0059	0.7709
1115	kﬁ	2	0.0059	0.7709
1115	mœ	2	0.0059	0.7709
1115	oç	2	0.0059	0.7709
1115	oü	2	0.0059	0.7709
1115	ož	2	0.0059	0.7709
1115	pô	2	0.0059	0.7709
1115	pù	2	0.0059	0.7709
1115	pć	2	0.0059	0.7709
1115	qf	2	0.0059	0.7709
1115	qx	2	0.0059	0.7709
1115	qz	2	0.0059	0.7709
1115	qå	2	0.0059	0.7709
1115	qí	2	0.0059	0.7709
1115	qó	2	0.0059	0.7709
1115	rč	2	0.0059	0.7709
1115	sò	2	0.0059	0.7709
1115	sœ	2	0.0059	0.7709
1115	sж	2	0.0059	0.7709
1115	tĳ	2	0.0059	0.7709
1115	tﬂ	2	0.0059	0.7709
1115	uà	2	0.0059	0.7709
1115	uü	2	0.0059	0.7709
1115	uś	2	0.0059	0.7709
1115	uб	2	0.0059	0.7709
1115	vê	2	0.0059	0.7709
1115	wå	2	0.0059	0.7709
1115	xã	2	0.0059	0.7709
1115	yä	2	0.0059	0.7709
1115	zì	2	0.0059	0.7709
1115	ºc	2	0.0059	0.7709
1115	àg	2	0.0059	0.7709
1115	àv	2	0.0059	0.7709
1115	âa	2	0.0059	0.7709
1115	ä-	2	0.0059	0.7709
1115	äa	2	0.0059	0.7709
1115	æb	2	0.0059	0.7709
1115	æy	2	0.0059	0.7709
1115	ç-	2	0.0059	0.7709
1115	çh	2	0.0059	0.7709
1115	çi	2	0.0059	0.7709
1115	èd	2	0.0059	0.7709
1115	èu	2	0.0059	0.7709
1115	êg	2	0.0059	0.7709
1115	êz	2	0.0059	0.7709
1115	ë-	2	0.0059	0.7709
1115	ì'	2	0.0059	0.7709
1115	ìn	2	0.0059	0.7709
1115	ìs	2	0.0059	0.7709
1115	ìy	2	0.0059	0.7709
1115	íb	2	0.0059	0.7709
1115	îo	2	0.0059	0.7709
1115	îp	2	0.0059	0.7709
1115	ïa	2	0.0059	0.7709
1115	ðm	2	0.0059	0.7709
1115	ñc	2	0.0059	0.7709
1115	ñu	2	0.0059	0.7709
1115	óo	2	0.0059	0.7709
1115	õl	2	0.0059	0.7709
1115	õn	2	0.0059	0.7709
1115	úb	2	0.0059	0.7709
1115	úi	2	0.0059	0.7709
1115	ûb	2	0.0059	0.7709
1115	üm	2	0.0059	0.7709
1115	üy	2	0.0059	0.7709
1115	üß	2	0.0059	0.7709
1115	ýk	2	0.0059	0.7709
1115	či	2	0.0059	0.7709
1115	ĳd	2	0.0059	0.7709
1115	ĺ'	2	0.0059	0.7709
1115	ĺh	2	0.0059	0.7709
1115	ńa	2	0.0059	0.7709
1115	œn	2	0.0059	0.7709
1115	ś$	2	0.0059	0.7709
1115	ųl	2	0.0059	0.7709
1115	νb	2	0.0059	0.7709
1115	νk	2	0.0059	0.7709
1115	νm	2	0.0059	0.7709
1115	бr	2	0.0059	0.7709
1115	еf	2	0.0059	0.7709
1115	еv	2	0.0059	0.7709
1115	ж$	2	0.0059	0.7709
1115	жn	2	0.0059	0.7709
1115	жs	2	0.0059	0.7709
1115	йr	2	0.0059	0.7709
1115	йs	2	0.0059	0.7709
1115	шb	2	0.0059	0.7709
1115	ўy	2	0.0059	0.7709
1115	ආය	2	0.0059	0.7709
1115	ජය	2	0.0059	0.7709
1115	බෝ	2	0.0059	0.7709
1115	ය$	2	0.0059	0.7709
1115	あの	2	0.0059	0.7709
1115	ある	2	0.0059	0.7709
1115	いつ	2	0.0059	0.7709
1115	えた	2	0.0059	0.7709
1115	から	2	0.0059	0.7709
1115	が$	2	0.0059	0.7709
1115	がる	2	0.0059	0.7709
1115	き$	2	0.0059	0.7709
1115	くさ	2	0.0059	0.7709
1115	くし	2	0.0059	0.7709
1115	くな	2	0.0059	0.7709
1115	けれ	2	0.0059	0.7709
1115	さず	2	0.0059	0.7709
1115	さん	2	0.0059	0.7709
1115	し$	2	0.0059	0.7709
1115	しも	2	0.0059	0.7709
1115	ず$	2	0.0059	0.7709
1115	ずっ	2	0.0059	0.7709
1115	たか	2	0.0059	0.7709
1115	ち$	2	0.0059	0.7709
1115	っと	2	0.0059	0.7709
1115	つも	2	0.0059	0.7709
1115	てた	2	0.0059	0.7709
1115	てな	2	0.0059	0.7709
1115	ど$	2	0.0059	0.7709
1115	なか	2	0.0059	0.7709
1115	なっ	2	0.0059	0.7709
1115	ば$	2	0.0059	0.7709
1115	ばし	2	0.0059	0.7709
1115	まっ	2	0.0059	0.7709
1115	もし	2	0.0059	0.7709
1115	やさ	2	0.0059	0.7709
1115	よう	2	0.0059	0.7709
1115	らな	2	0.0059	0.7709
1115	れ$	2	0.0059	0.7709
1115	れど	2	0.0059	0.7709
1115	れな	2	0.0059	0.7709
1115	一番	2	0.0059	0.7709
1115	伝え	2	0.0059	0.7709
1115	伸ば	2	0.0059	0.7709
1115	側$	2	0.0059	0.7709
1115	全て	2	0.0059	0.7709
1115	壊れ	2	0.0059	0.7709
1115	好き	2	0.0059	0.7709
1115	始ま	2	0.0059	0.7709
1115	届く	2	0.0059	0.7709
1115	広が	2	0.0059	0.7709
1115	当$	2	0.0059	0.7709
1115	心$	2	0.0059	0.7709
1115	忘れ	2	0.0059	0.7709
1115	思っ	2	0.0059	0.7709
1115	手$	2	0.0059	0.7709
1115	持ち	2	0.0059	0.7709
1115	探し	2	0.0059	0.7709
1115	旅$	2	0.0059	0.7709
1115	日$	2	0.0059	0.7709
1115	明日	2	0.0059	0.7709
1115	星$	2	0.0059	0.7709
1115	本当	2	0.0059	0.7709
1115	果て	2	0.0059	0.7709
1115	歩い	2	0.0059	0.7709
1115	気持	2	0.0059	0.7709
1115	無く	2	0.0059	0.7709
1115	番$	2	0.0059	0.7709
1115	知ら	2	0.0059	0.7709
1115	空$	2	0.0059	0.7709
1115	笑顔	2	0.0059	0.7709
1115	絶や	2	0.0059	0.7709
1115	誓う	2	0.0059	0.7709
1115	道$	2	0.0059	0.7709
1115	遠い	2	0.0059	0.7709
1115	顔$	2	0.0059	0.7709
1115	願い	2	0.0059	0.7709
1115	ﬁk	2	0.0059	0.7709
1115	ﬁr	2	0.0059	0.7709
1116	'î	1	0.003	0.4771
1116	-ê	1	0.003	0.4771
1116	-î	1	0.003	0.4771
1116	-ü	1	0.003	0.4771
1116	^ß	1	0.003	0.4771
1116	^ý	1	0.003	0.4771
1116	^ĵ	1	0.003	0.4771
1116	^œ	1	0.003	0.4771
1116	^ŕ	1	0.003	0.4771
1116	^ś	1	0.003	0.4771
1116	aâ	1	0.003	0.4771
1116	aæ	1	0.003	0.4771
1116	að	1	0.003	0.4771
1116	aó	1	0.003	0.4771
1116	aõ	1	0.003	0.4771
1116	ań	1	0.003	0.4771
1116	bô	1	0.003	0.4771
1116	bù	1	0.003	0.4771
1116	bь	1	0.003	0.4771
1116	cº	1	0.003	0.4771
1116	cà	1	0.003	0.4771
1116	câ	1	0.003	0.4771
1116	cì	1	0.003	0.4771
1116	cî	1	0.003	0.4771
1116	cœ	1	0.003	0.4771
1116	dò	1	0.003	0.4771
1116	dı	1	0.003	0.4771
1116	dи	1	0.003	0.4771
1116	dй	1	0.003	0.4771
1116	eà	1	0.003	0.4771
1116	eì	1	0.003	0.4771
1116	eõ	1	0.003	0.4771
1116	eс	1	0.003	0.4771
1116	fì	1	0.003	0.4771
1116	fð	1	0.003	0.4771
1116	fñ	1	0.003	0.4771
1116	fû	1	0.003	0.4771
1116	fœ	1	0.003	0.4771
1116	fƒ	1	0.003	0.4771
1116	fу	1	0.003	0.4771
1116	gí	1	0.003	0.4771
1116	gñ	1	0.003	0.4771
1116	gò	1	0.003	0.4771
1116	gô	1	0.003	0.4771
1116	gõ	1	0.003	0.4771
1116	hê	1	0.003	0.4771
1116	hì	1	0.003	0.4771
1116	hî	1	0.003	0.4771
1116	hñ	1	0.003	0.4771
1116	hò	1	0.003	0.4771
1116	hǎ	1	0.003	0.4771
1116	iï	1	0.003	0.4771
1116	iô	1	0.003	0.4771
1116	iú	1	0.003	0.4771
1116	ić	1	0.003	0.4771
1116	ię	1	0.003	0.4771
1116	ĭ	1	0.003	0.4771
1116	iﬂ	1	0.003	0.4771
1116	jõ	1	0.003	0.4771
1116	kê	1	0.003	0.4771
1116	kì	1	0.003	0.4771
1116	kí	1	0.003	0.4771
1116	kú	1	0.003	0.4771
1116	kй	1	0.003	0.4771
1116	lë	1	0.003	0.4771
1116	lì	1	0.003	0.4771
1116	lñ	1	0.003	0.4771
1116	lﬁ	1	0.003	0.4771
1116	lﬂ	1	0.003	0.4771
1116	mì	1	0.003	0.4771
1116	mô	1	0.003	0.4771
1116	mš	1	0.003	0.4771
1116	nþ	1	0.003	0.4771
1116	nā	1	0.003	0.4771
1116	nś	1	0.003	0.4771
1116	nǐ	1	0.003	0.4771
1116	nﬂ	1	0.003	0.4771
1116	oà	1	0.003	0.4771
1116	oã	1	0.003	0.4771
1116	oó	1	0.003	0.4771
1116	oô	1	0.003	0.4771
1116	oþ	1	0.003	0.4771
1116	oœ	1	0.003	0.4771
1116	oś	1	0.003	0.4771
1116	oš	1	0.003	0.4771
1116	oу	1	0.003	0.4771
1116	pç	1	0.003	0.4771
1116	pì	1	0.003	0.4771
1116	pð	1	0.003	0.4771
1116	põ	1	0.003	0.4771
1116	pý	1	0.003	0.4771
1116	pœ	1	0.003	0.4771
1116	pν	1	0.003	0.4771
1116	pж	1	0.003	0.4771
1116	pﬂ	1	0.003	0.4771
1116	qk	1	0.003	0.4771
1116	qm	1	0.003	0.4771
1116	rñ	1	0.003	0.4771
1116	rž	1	0.003	0.4771
1116	rд	1	0.003	0.4771
1116	rи	1	0.003	0.4771
1116	rц	1	0.003	0.4771
1116	rь	1	0.003	0.4771
1116	rﬁ	1	0.003	0.4771
1116	sï	1	0.003	0.4771
1116	sñ	1	0.003	0.4771
1116	sи	1	0.003	0.4771
1116	sﬁ	1	0.003	0.4771
1116	tç	1	0.003	0.4771
1116	tč	1	0.003	0.4771
1116	tī	1	0.003	0.4771
1116	tœ	1	0.003	0.4771
1116	tо	1	0.003	0.4771
1116	tﬁ	1	0.003	0.4771
1116	uâ	1	0.003	0.4771
1116	uö	1	0.003	0.4771
1116	už	1	0.003	0.4771
1116	vô	1	0.003	0.4771
1116	wá	1	0.003	0.4771
1116	wî	1	0.003	0.4771
1116	xà	1	0.003	0.4771
1116	yò	1	0.003	0.4771
1116	yó	1	0.003	0.4771
1116	yü	1	0.003	0.4771
1116	zà	1	0.003	0.4771
1116	ªa	1	0.003	0.4771
1116	ªh	1	0.003	0.4771
1116	ßí	1	0.003	0.4771
1116	àc	1	0.003	0.4771
1116	àu	1	0.003	0.4771
1116	ày	1	0.003	0.4771
1116	áf	1	0.003	0.4771
1116	áh	1	0.003	0.4771
1116	áo	1	0.003	0.4771
1116	áy	1	0.003	0.4771
1116	áí	1	0.003	0.4771
1116	áô	1	0.003	0.4771
1116	âf	1	0.003	0.4771
1116	âg	1	0.003	0.4771
1116	âh	1	0.003	0.4771
1116	âo	1	0.003	0.4771
1116	âu	1	0.003	0.4771
1116	âã	1	0.003	0.4771
1116	âü	1	0.003	0.4771
1116	ãa	1	0.003	0.4771
1116	ãc	1	0.003	0.4771
1116	ãi	1	0.003	0.4771
1116	ãj	1	0.003	0.4771
1116	ãu	1	0.003	0.4771
1116	ãå	1	0.003	0.4771
1116	ãí	1	0.003	0.4771
1116	åq	1	0.003	0.4771
1116	åz	1	0.003	0.4771
1116	åã	1	0.003	0.4771
1116	åæ	1	0.003	0.4771
1116	åç	1	0.003	0.4771
1116	åü	1	0.003	0.4771
1116	æø	1	0.003	0.4771
1116	æü	1	0.003	0.4771
1116	æﬂ	1	0.003	0.4771
1116	è'	1	0.003	0.4771
1116	èk	1	0.003	0.4771
1116	èq	1	0.003	0.4771
1116	èç	1	0.003	0.4771
1116	éw	1	0.003	0.4771
1116	êb	1	0.003	0.4771
1116	êc	1	0.003	0.4771
1116	êe	1	0.003	0.4771
1116	êh	1	0.003	0.4771
1116	êi	1	0.003	0.4771
1116	êq	1	0.003	0.4771
1116	êí	1	0.003	0.4771
1116	ëe	1	0.003	0.4771
1116	ìb	1	0.003	0.4771
1116	ìk	1	0.003	0.4771
1116	ìt	1	0.003	0.4771
1116	ìé	1	0.003	0.4771
1116	í'	1	0.003	0.4771
1116	íã	1	0.003	0.4771
1116	íå	1	0.003	0.4771
1116	íç	1	0.003	0.4771
1116	íý	1	0.003	0.4771
1116	ïg	1	0.003	0.4771
1116	ïi	1	0.003	0.4771
1116	ïv	1	0.003	0.4771
1116	ð$	1	0.003	0.4771
1116	ðc	1	0.003	0.4771
1116	ðo	1	0.003	0.4771
1116	ðr	1	0.003	0.4771
1116	ñj	1	0.003	0.4771
1116	ñp	1	0.003	0.4771
1116	ñv	1	0.003	0.4771
1116	ñí	1	0.003	0.4771
1116	òb	1	0.003	0.4771
1116	òl	1	0.003	0.4771
1116	òm	1	0.003	0.4771
1116	òt	1	0.003	0.4771
1116	òð	1	0.003	0.4771
1116	ó-	1	0.003	0.4771
1116	óa	1	0.003	0.4771
1116	óu	1	0.003	0.4771
1116	óv	1	0.003	0.4771
1116	óy	1	0.003	0.4771
1116	óz	1	0.003	0.4771
1116	ôq	1	0.003	0.4771
1116	ôs	1	0.003	0.4771
1116	ôè	1	0.003	0.4771
1116	õ$	1	0.003	0.4771
1116	õ-	1	0.003	0.4771
1116	õm	1	0.003	0.4771
1116	õs	1	0.003	0.4771
1116	öu	1	0.003	0.4771
1116	öå	1	0.003	0.4771
1116	öö	1	0.003	0.4771
1116	öø	1	0.003	0.4771
1116	øå	1	0.003	0.4771
1116	øž	1	0.003	0.4771
1116	ù-	1	0.003	0.4771
1116	ùc	1	0.003	0.4771
1116	ùg	1	0.003	0.4771
1116	ùn	1	0.003	0.4771
1116	ùv	1	0.003	0.4771
1116	ú-	1	0.003	0.4771
1116	úe	1	0.003	0.4771
1116	úg	1	0.003	0.4771
1116	úz	1	0.003	0.4771
1116	ûe	1	0.003	0.4771
1116	ûg	1	0.003	0.4771
1116	ûh	1	0.003	0.4771
1116	üo	1	0.003	0.4771
1116	üv	1	0.003	0.4771
1116	üå	1	0.003	0.4771
1116	üü	1	0.003	0.4771
1116	ým	1	0.003	0.4771
1116	þ-	1	0.003	0.4771
1116	þi	1	0.003	0.4771
1116	þu	1	0.003	0.4771
1116	āk	1	0.003	0.4771
1116	ć$	1	0.003	0.4771
1116	ćd	1	0.003	0.4771
1116	će	1	0.003	0.4771
1116	ćp	1	0.003	0.4771
1116	če	1	0.003	0.4771
1116	čp	1	0.003	0.4771
1116	čr	1	0.003	0.4771
1116	ęs	1	0.003	0.4771
1116	īe	1	0.003	0.4771
1116	ıd	1	0.003	0.4771
1116	ĵa	1	0.003	0.4771
1116	ĺm	1	0.003	0.4771
1116	ńo	1	0.003	0.4771
1116	œa	1	0.003	0.4771
1116	œt	1	0.003	0.4771
1116	œò	1	0.003	0.4771
1116	řh	1	0.003	0.4771
1116	śj	1	0.003	0.4771
1116	śk	1	0.003	0.4771
1116	śp	1	0.003	0.4771
1116	š$	1	0.003	0.4771
1116	še	1	0.003	0.4771
1116	šk	1	0.003	0.4771
1116	ší	1	0.003	0.4771
1116	šò	1	0.003	0.4771
1116	ž$	1	0.003	0.4771
1116	žh	1	0.003	0.4771
1116	ži	1	0.003	0.4771
1116	žn	1	0.003	0.4771
1116	žé	1	0.003	0.4771
1116	ƒo	1	0.003	0.4771
1116	ǎo	1	0.003	0.4771
1116	ǐ$	1	0.003	0.4771
1116	̆t	1	0.003	0.4771
1116	дu	1	0.003	0.4771
1116	еa	1	0.003	0.4771
1116	еb	1	0.003	0.4771
1116	еh	1	0.003	0.4771
1116	еi	1	0.003	0.4771
1116	ее	1	0.003	0.4771
1116	жd	1	0.003	0.4771
1116	жh	1	0.003	0.4771
1116	жm	1	0.003	0.4771
1116	жp	1	0.003	0.4771
1116	жu	1	0.003	0.4771
1116	и$	1	0.003	0.4771
1116	иt	1	0.003	0.4771
1116	иv	1	0.003	0.4771
1116	йe	1	0.003	0.4771
1116	нa	1	0.003	0.4771
1116	ну	1	0.003	0.4771
1116	оm	1	0.003	0.4771
1116	оу	1	0.003	0.4771
1116	по	1	0.003	0.4771
1116	сo	1	0.003	0.4771
1116	т$	1	0.003	0.4771
1116	уa	1	0.003	0.4771
1116	уl	1	0.003	0.4771
1116	уr	1	0.003	0.4771
1116	ут	1	0.003	0.4771
1116	цd	1	0.003	0.4771
1116	шп	1	0.003	0.4771
1116	ьn	1	0.003	0.4771
1116	ьr	1	0.003	0.4771
1116	ўn	1	0.003	0.4771
1116	න්	1	0.003	0.4771
1116	යි	1	0.003	0.4771
1116	යු	1	0.003	0.4771
1116	වන	1	0.003	0.4771
1116	්$	1	0.003	0.4771
1116	ිබ	1	0.003	0.4771
1116	ුබ	1	0.003	0.4771
1116	ෝ$	1	0.003	0.4771
1116	ෝව	1	0.003	0.4771
1116	ﬁ$	1	0.003	0.4771
1116	ﬁd	1	0.003	0.4771
1116	ﬁg	1	0.003	0.4771
1116	ﬁt	1	0.003	0.4771
1116	ﬂ$	1	0.003	0.4771
1116	ﬂn	1	0.003	0.4771
1116	ﬂå	1	0.003	0.4771
