Rank	Bigram	Frequency	Frequency per million	Zipf value
1	a$	23880	41110.96	7.614
2	ng	22402	38566.4877	7.5862
3	an	21388	36820.8213	7.5661
4	g$	20387	35097.5352	7.5453
5	o$	15360	26443.2306	7.4223
6	^n	15162	26102.3608	7.4167
7	^a	12760	21967.1629	7.3418
8	na	11979	20622.621	7.3143
9	n$	11520	19832.4229	7.2974
10	in	11499	19796.2701	7.2966
11	^s	11120	19143.7971	7.282
12	^m	10755	18515.4261	7.2675
13	^k	10051	17303.4447	7.2381
14	ka	9541	16425.4468	7.2155
15	sa	9311	16029.487	7.2049
16	la	9195	15829.7855	7.1995
17	ma	9080	15631.8056	7.194
18	^p	7272	12519.217	7.0976
19	al	7135	12283.3626	7.0893
20	ay	6951	11966.5948	7.078
21	ga	6933	11935.6066	7.0768
22	ak	6804	11713.5248	7.0687
23	pa	6771	11656.7132	7.0666
24	at	6375	10974.9736	7.0404
25	ta	6314	10869.9582	7.0362
26	ag	6245	10751.1702	7.0315
27	on	5784	9957.529	6.9982
28	i$	5734	9871.4508	6.9944
29	^i	5079	8743.826	6.9417
30	y$	4907	8447.7169	6.9267
31	ya	4677	8051.7571	6.9059
32	t$	4664	8029.3768	6.9047
33	^t	4660	8022.4905	6.9043
34	ba	4593	7907.1457	6.898
35	ko	4545	7824.5106	6.8935
36	it	4459	7676.4561	6.8852
37	^b	4385	7549.0603	6.8779
38	am	4328	7450.9311	6.8722
39	si	4327	7449.2095	6.8721
40	yo	4066	6999.8812	6.8451
41	ar	3806	6552.2744	6.8164
42	hi	3757	6467.9178	6.8108
43	^h	3751	6457.5884	6.8101
44	to	3744	6445.5374	6.8093
45	as	3671	6319.8632	6.8007
46	ha	3573	6151.1499	6.789
47	s$	3483	5996.2091	6.7779
48	di	3446	5932.5112	6.7732
49	ra	3417	5882.5859	6.7696
50	li	3263	5617.4649	6.7495
51	^d	3252	5598.5277	6.7481
52	un	3177	5469.4104	6.7379
53	il	3160	5440.1438	6.7356
54	^l	3122	5374.7243	6.7304
55	ni	3002	5168.1366	6.7133
56	wa	2979	5128.5406	6.71
57	nd	2958	5092.3878	6.7069
58	iy	2832	4875.4706	6.688
59	ki	2769	4767.0121	6.6782
60	mo	2739	4715.3651	6.6735
61	ti	2672	4600.0203	6.6628
62	ah	2604	4482.9539	6.6516
63	is	2582	4445.0795	6.6479
64	ab	2579	4439.9148	6.6474
65	ap	2534	4362.4444	6.6397
66	bi	2498	4300.4681	6.6335
67	e$	2429	4181.6801	6.6214
68	aw	2372	4083.551	6.611
69	^g	2310	3976.814	6.5995
70	um	2287	3937.218	6.5952
71	mi	2157	3713.4146	6.5698
72	ig	2145	3692.7558	6.5674
72	no	2145	3692.7558	6.5674
73	da	2141	3685.8696	6.5665
74	er	2068	3560.1954	6.5515
75	gi	1722	2964.534	6.472
76	tu	1701	2928.3812	6.4666
77	ul	1623	2794.0992	6.4462
78	aa	1620	2788.9345	6.4454
79	ku	1619	2787.2129	6.4452
80	ri	1555	2677.0328	6.4277
81	oo	1528	2630.5505	6.42
82	ro	1516	2609.8918	6.4166
83	mg	1452	2499.7116	6.3979
84	l$	1443	2484.2176	6.3952
85	us	1401	2411.9118	6.3824
86	d$	1398	2406.7472	6.3814
87	ai	1379	2374.0374	6.3755
88	nt	1352	2327.5552	6.3669
89	^o	1321	2274.1867	6.3568
90	gu	1282	2207.0457	6.3438
91	ik	1279	2201.881	6.3428
92	^w	1246	2145.0694	6.3314
93	mu	1235	2126.1321	6.3276
94	st	1205	2074.4852	6.3169
95	bu	1204	2072.7636	6.3165
96	r$	1181	2033.1677	6.3082
97	pu	1164	2003.9011	6.3019
98	lo	1155	1988.407	6.2985
99	ad	1138	1959.1404	6.2921
100	re	1134	1952.2541	6.2905
101	en	1094	1883.3916	6.2749
102	ib	1082	1862.7328	6.2702
103	pi	1072	1845.5171	6.2661
104	ny	1034	1780.0977	6.2504
105	k$	1001	1723.2861	6.2364
106	m$	994	1711.2351	6.2333
107	su	985	1695.741	6.2294
108	te	966	1663.0313	6.2209
108	w$	966	1663.0313	6.2209
109	^y	964	1659.5882	6.22
110	po	903	1554.5727	6.1916
111	es	902	1552.8512	6.1911
112	^r	895	1540.8002	6.1877
113	^u	893	1537.3571	6.1868
114	^c	883	1520.1414	6.1819
115	os	882	1518.4199	6.1814
116	ho	864	1487.4317	6.1724
117	pe	860	1480.5455	6.1704
118	so	846	1456.4436	6.1633
119	or	842	1449.5573	6.1612
120	lu	837	1440.9495	6.1586
121	^e	823	1416.8476	6.1513
122	do	816	1404.7966	6.1476
123	uh	801	1378.9732	6.1396
124	p$	787	1354.8713	6.1319
125	ot	751	1292.8949	6.1116
126	ut	742	1277.4009	6.1063
127	ir	737	1268.793	6.1034
128	im	726	1249.8558	6.0969
128	ip	726	1249.8558	6.0969
129	go	701	1206.8167	6.0816
129	sy	701	1206.8167	6.0816
130	hu	699	1203.3736	6.0804
131	el	695	1196.4873	6.0779
132	ne	693	1193.0442	6.0767
133	bo	691	1189.6011	6.0754
134	ur	690	1187.8795	6.0748
135	se	677	1165.4992	6.0665
136	gk	662	1139.6757	6.0568
137	de	656	1129.3463	6.0528
138	ub	654	1125.9032	6.0515
139	uk	639	1100.0797	6.0414
140	le	633	1089.7503	6.0373
141	me	625	1075.9778	6.0318
142	ih	621	1069.0915	6.029
143	uw	620	1067.37	6.0283
144	ao	619	1065.6484	6.0276
145	h$	605	1041.5465	6.0177
146	od	594	1022.6093	6.0097
147	ok	572	984.7349	5.9933
148	et	559	962.3545	5.9833
149	g-	554	953.7467	5.9794
150	he	533	917.5939	5.9627
150	nu	533	917.5939	5.9627
151	ge	521	896.9351	5.9528
152	we	519	893.492	5.9511
153	ch	494	850.4529	5.9297
153	yu	494	850.4529	5.9297
154	ns	471	810.8569	5.9089
155	ol	455	783.3118	5.8939
156	du	452	778.1471	5.8911
157	ed	448	771.2609	5.8872
158	gg	438	754.0452	5.8774
159	tr	436	750.6021	5.8754
160	ea	432	743.7159	5.8714
161	up	412	709.2846	5.8508
162	oy	404	695.5121	5.8423
163	wi	399	686.9042	5.8369
164	mp	389	669.6886	5.8259
165	sh	370	636.9789	5.8041
166	ie	366	630.0926	5.7994
167	ob	363	624.9279	5.7958
168	gt	349	600.826	5.7787
169	rt	345	593.9397	5.7737
170	iw	344	592.2182	5.7725
171	pr	340	585.3319	5.7674
172	ug	339	583.6104	5.7661
173	gs	334	575.0025	5.7597
174	id	327	562.9516	5.7505
175	au	322	554.3438	5.7438
176	io	321	552.6222	5.7424
176	ye	321	552.6222	5.7424
177	og	318	547.4575	5.7384
178	be	314	540.5712	5.7329
178	ke	314	540.5712	5.7329
179	ca	310	533.685	5.7273
179	gy	310	533.685	5.7273
180	^f	309	531.9634	5.7259
180	gp	309	531.9634	5.7259
180	ll	309	531.9634	5.7259
181	ee	308	530.2419	5.7245
182	gh	303	521.634	5.7174
183	om	289	497.5321	5.6968
184	ic	288	495.8106	5.6953
185	em	285	490.6459	5.6908
186	-a	275	473.4302	5.6753
186	co	275	473.4302	5.6753
187	ii	272	468.2655	5.6705
188	gl	271	466.544	5.6689
189	th	269	463.1008	5.6657
190	ly	267	459.6577	5.6624
191	op	263	452.7715	5.6559
192	'y	258	444.1636	5.6475
193	mb	256	440.7205	5.6442
194	ia	254	437.2774	5.6408
195	ce	250	430.3911	5.6339
195	ek	250	430.3911	5.6339
195	rs	250	430.3911	5.6339
195	ru	250	430.3911	5.6339
196	b$	248	426.948	5.6304
197	ec	242	416.6186	5.6197
198	gb	241	414.897	5.6179
198	sp	241	414.897	5.6179
199	nc	238	409.7323	5.6125
200	^j	229	394.2383	5.5958
200	ou	229	394.2383	5.5958
201	eh	223	383.9089	5.5842
201	ry	223	383.9089	5.5842
202	a-	221	380.4658	5.5803
202	ts	221	380.4658	5.5803
203	wo	220	378.7442	5.5783
204	gn	209	359.807	5.5561
205	ss	201	346.0345	5.5391
206	gr	196	337.4266	5.5282
206	u$	196	337.4266	5.5282
207	ls	194	333.9835	5.5237
208	ve	193	332.2619	5.5215
209	dy	190	327.0973	5.5147
210	ks	184	316.7679	5.5007
211	ck	183	315.0463	5.4984
211	oh	183	315.0463	5.4984
212	ct	179	308.16	5.4888
212	pl	179	308.16	5.4888
213	ow	178	306.4385	5.4863
214	cu	177	304.7169	5.4839
215	ty	169	290.9444	5.4638
216	ac	167	287.5013	5.4586
217	ex	166	285.7797	5.456
218	bl	165	284.0581	5.4534
218	dd	165	284.0581	5.4534
219	x$	163	280.615	5.4481
220	tt	162	278.8934	5.4454
221	eg	161	277.1719	5.4427
222	br	158	272.0072	5.4346
223	uo	157	270.2856	5.4318
224	^'	155	266.8425	5.4263
224	o'	155	266.8425	5.4263
225	kt	152	261.6778	5.4178
226	kl	149	256.5131	5.4091
227	gd	147	253.07	5.4032
228	uy	146	251.3484	5.4003
229	iv	143	246.1837	5.3913
230	ey	142	244.4622	5.3882
231	a'	141	242.7406	5.3851
232	rd	138	237.5759	5.3758
233	vi	136	234.1328	5.3695
234	f$	133	228.9681	5.3598
235	pw	132	227.2465	5.3565
236	ua	131	225.5249	5.3532
237	ud	130	223.8034	5.3499
238	kh	129	222.0818	5.3465
239	eo	124	213.474	5.3293
240	-i	121	208.3093	5.3187
241	ys	120	206.5877	5.3151
242	^v	119	204.8662	5.3115
243	rk	117	201.423	5.3041
244	ep	116	199.7015	5.3004
244	rn	116	199.7015	5.3004
245	uu	115	197.9799	5.2966
246	eb	113	194.5368	5.289
247	ax	112	192.8152	5.2851
248	rm	111	191.0937	5.2812
249	fr	110	189.3721	5.2773
249	kb	110	189.3721	5.2773
250	mr	108	185.929	5.2693
251	yi	105	180.7643	5.2571
252	cr	103	177.3211	5.2488
253	ph	102	175.5996	5.2445
254	't	101	173.878	5.2402
254	rr	101	173.878	5.2402
254	sc	101	173.878	5.2402
254	tl	101	173.878	5.2402
254	yr	101	173.878	5.2402
255	by	99	170.4349	5.2316
256	gm	97	166.9918	5.2227
257	rh	94	161.8271	5.2091
258	ci	93	160.1055	5.2044
259	'n	92	158.3839	5.1997
260	fa	91	156.6624	5.195
261	ps	89	153.2192	5.1853
261	wh	89	153.2192	5.1853
262	-s	88	151.4977	5.1804
262	ae	88	151.4977	5.1804
262	i-	88	151.4977	5.1804
263	lt	87	149.7761	5.1754
263	nn	87	149.7761	5.1754
264	-u	86	148.0545	5.1704
265	fo	82	141.1683	5.1497
266	ky	80	137.7252	5.139
266	ui	80	137.7252	5.139
267	-c	79	136.0036	5.1336
268	-h	78	134.282	5.128
269	cy	77	132.5605	5.1224
270	tw	76	130.8389	5.1167
271	cl	75	129.1173	5.111
271	rb	75	129.1173	5.111
271	sm	75	129.1173	5.111
272	my	74	127.3958	5.1052
272	oa	74	127.3958	5.1052
272	rg	74	127.3958	5.1052
273	iu	73	125.6742	5.0992
273	nl	73	125.6742	5.0992
274	dr	72	123.9526	5.0933
274	oc	72	123.9526	5.0933
275	^z	71	122.2311	5.0872
275	fi	71	122.2311	5.0872
275	of	71	122.2311	5.0872
275	va	71	122.2311	5.0872
275	zo	71	122.2311	5.0872
276	sn	70	120.5095	5.081
276	ue	70	120.5095	5.081
277	fe	68	117.0664	5.0684
277	je	68	117.0664	5.0684
277	ji	68	117.0664	5.0684
277	qu	68	117.0664	5.0684
278	-t	67	115.3448	5.062
279	sk	66	113.6233	5.0555
280	-p	65	111.9017	5.0488
280	ew	65	111.9017	5.0488
281	e-	64	110.1801	5.0421
281	ju	64	110.1801	5.0421
282	ff	63	108.4586	5.0353
282	hh	63	108.4586	5.0353
282	o-	63	108.4586	5.0353
283	-d	62	106.737	5.0283
283	ld	62	106.737	5.0283
283	mm	62	106.737	5.0283
283	uc	62	106.737	5.0283
284	n-	61	105.0154	5.0213
285	c$	60	103.2939	5.0141
286	jo	59	101.5723	5.0068
287	kr	57	98.1292	4.9918
288	-b	56	96.4076	4.9841
288	ja	56	96.4076	4.9841
288	rc	56	96.4076	4.9841
289	oi	55	94.686	4.9763
289	y-	55	94.686	4.9763
290	-m	54	92.9645	4.9683
291	aj	51	87.7998	4.9435
291	dv	51	87.7998	4.9435
291	lm	51	87.7998	4.9435
291	nk	51	87.7998	4.9435
292	if	50	86.0782	4.9349
292	kw	50	86.0782	4.9349
292	n'	50	86.0782	4.9349
292	rf	50	86.0782	4.9349
293	ef	49	84.3567	4.9261
293	sw	49	84.3567	4.9261
294	pp	48	82.6351	4.9172
294	vd	48	82.6351	4.9172
295	sl	47	80.9135	4.908
296	dw	45	77.4704	4.8891
297	af	44	75.7488	4.8794
297	tc	44	75.7488	4.8794
298	-g	42	72.3057	4.8592
299	ei	41	70.5841	4.8487
300	ds	40	68.8626	4.838
300	fl	40	68.8626	4.838
300	lh	40	68.8626	4.838
300	nh	40	68.8626	4.838
300	nm	40	68.8626	4.838
301	lb	39	67.141	4.827
301	lp	39	67.141	4.827
302	j-	38	65.4195	4.8157
302	yp	38	65.4195	4.8157
303	hr	37	63.6979	4.8041
303	ov	37	63.6979	4.8041
303	vo	37	63.6979	4.8041
304	pt	36	61.9763	4.7922
305	-o	35	60.2548	4.78
305	ev	35	60.2548	4.78
306	-k	34	58.5332	4.7674
306	fu	34	58.5332	4.7674
306	ht	34	58.5332	4.7674
306	xt	34	58.5332	4.7674
307	rp	33	56.8116	4.7544
307	u-	33	56.8116	4.7544
308	gw	32	55.0901	4.7411
308	t-	32	55.0901	4.7411
309	dl	31	53.3685	4.7273
309	kp	31	53.3685	4.7273
309	sd	31	53.3685	4.7273
309	tn	31	53.3685	4.7273
310	-r	30	51.6469	4.713
310	eu	30	51.6469	4.713
311	-e	29	49.9254	4.6983
311	-l	29	49.9254	4.6983
311	md	29	49.9254	4.6983
311	py	29	49.9254	4.6983
311	xc	29	49.9254	4.6983
312	av	28	48.2038	4.6831
312	lf	28	48.2038	4.6831
312	rv	28	48.2038	4.6831
312	tm	28	48.2038	4.6831
312	wn	28	48.2038	4.6831
312	xi	28	48.2038	4.6831
313	lg	27	46.4822	4.6673
313	rl	27	46.4822	4.6673
313	sq	27	46.4822	4.6673
314	'k	26	44.7607	4.6509
314	's	26	44.7607	4.6509
314	j$	26	44.7607	4.6509
314	ms	26	44.7607	4.6509
314	nv	26	44.7607	4.6509
315	uj	25	43.0391	4.6339
316	sg	24	41.3175	4.6161
317	-f	23	39.596	4.5977
317	hs	23	39.596	4.5977
317	ox	23	39.596	4.5977
317	v$	23	39.596	4.5977
318	i'	22	37.8744	4.5783
318	tv	22	37.8744	4.5783
318	xy	22	37.8744	4.5783
319	'm	21	36.1529	4.5581
319	dg	21	36.1529	4.5581
319	s'	21	36.1529	4.5581
319	za	21	36.1529	4.5581
320	-n	20	34.4313	4.537
320	-w	20	34.4313	4.537
320	az	20	34.4313	4.537
320	ej	20	34.4313	4.537
320	ft	20	34.4313	4.537
320	hl	20	34.4313	4.537
320	ws	20	34.4313	4.537
321	^q	19	32.7097	4.5147
321	iz	19	32.7097	4.5147
321	lk	19	32.7097	4.5147
321	ln	19	32.7097	4.5147
321	xa	19	32.7097	4.5147
322	oe	18	30.9882	4.4912
322	oj	18	30.9882	4.4912
323	fs	17	29.2666	4.4664
323	nj	17	29.2666	4.4664
323	nw	17	29.2666	4.4664
323	s-	17	29.2666	4.4664
323	w-	17	29.2666	4.4664
323	yf	17	29.2666	4.4664
323	ze	17	29.2666	4.4664
324	wb	16	27.545	4.44
324	wl	16	27.545	4.44
324	yb	16	27.545	4.44
324	ym	16	27.545	4.44
325	nf	15	25.8235	4.412
326	bb	14	24.1019	4.3821
326	bs	14	24.1019	4.3821
326	cs	14	24.1019	4.3821
326	hy	14	24.1019	4.3821
326	yl	14	24.1019	4.3821
326	yn	14	24.1019	4.3821
327	h-	13	22.3803	4.3499
328	'$	12	20.6588	4.3151
328	'a	12	20.6588	4.3151
328	-y	12	20.6588	4.3151
328	hm	12	20.6588	4.3151
328	ix	12	20.6588	4.3151
328	uf	12	20.6588	4.3151
328	xp	12	20.6588	4.3151
329	cc	11	18.9372	4.2773
329	gc	11	18.9372	4.2773
329	hd	11	18.9372	4.2773
329	t'	11	18.9372	4.2773
330	'd	10	17.2156	4.2359
330	aq	10	17.2156	4.2359
330	dh	10	17.2156	4.2359
330	kk	10	17.2156	4.2359
330	km	10	17.2156	4.2359
330	lv	10	17.2156	4.2359
330	sb	10	17.2156	4.2359
330	yc	10	17.2156	4.2359
331	hn	9	15.4941	4.1902
331	kn	9	15.4941	4.1902
331	lr	9	15.4941	4.1902
331	m-	9	15.4941	4.1902
331	p-	9	15.4941	4.1902
331	tp	9	15.4941	4.1902
331	z$	9	15.4941	4.1902
331	zz	9	15.4941	4.1902
332	bh	8	13.7725	4.139
332	eq	8	13.7725	4.139
332	hw	8	13.7725	4.139
332	k-	8	13.7725	4.139
332	nr	8	13.7725	4.139
332	r-	8	13.7725	4.139
332	yw	8	13.7725	4.139
333	'e	7	12.051	4.081
333	dm	7	12.051	4.081
333	ij	7	12.051	4.081
333	l-	7	12.051	4.081
333	pk	7	12.051	4.081
333	yt	7	12.051	4.081
334	-j	6	10.3294	4.0141
334	d'	6	10.3294	4.0141
334	d-	6	10.3294	4.0141
334	dn	6	10.3294	4.0141
334	ez	6	10.3294	4.0141
334	kd	6	10.3294	4.0141
334	lc	6	10.3294	4.0141
334	ml	6	10.3294	4.0141
334	mt	6	10.3294	4.0141
334	nb	6	10.3294	4.0141
334	pb	6	10.3294	4.0141
334	tb	6	10.3294	4.0141
334	ww	6	10.3294	4.0141
334	xe	6	10.3294	4.0141
334	yg	6	10.3294	4.0141
335	bd	5	8.6078	3.9349
335	bv	5	8.6078	3.9349
335	bw	5	8.6078	3.9349
335	fy	5	8.6078	3.9349
335	jc	5	8.6078	3.9349
335	r'	5	8.6078	3.9349
335	rw	5	8.6078	3.9349
335	x-	5	8.6078	3.9349
335	xx	5	8.6078	3.9349
335	yd	5	8.6078	3.9349
336	'p	4	6.8863	3.838
336	^x	4	6.8863	3.838
336	bc	4	6.8863	3.838
336	dp	4	6.8863	3.838
336	dt	4	6.8863	3.838
336	m'	4	6.8863	3.838
336	mh	4	6.8863	3.838
336	mn	4	6.8863	3.838
336	pn	4	6.8863	3.838
336	sf	4	6.8863	3.838
336	tx	4	6.8863	3.838
336	y'	4	6.8863	3.838
336	yy	4	6.8863	3.838
336	zy	4	6.8863	3.838
337	'h	3	5.1647	3.713
337	'r	3	5.1647	3.713
337	bj	3	5.1647	3.713
337	cm	3	5.1647	3.713
337	cq	3	5.1647	3.713
337	db	3	5.1647	3.713
337	df	3	5.1647	3.713
337	f-	3	5.1647	3.713
337	fd	3	5.1647	3.713
337	hb	3	5.1647	3.713
337	lw	3	5.1647	3.713
337	np	3	5.1647	3.713
337	pc	3	5.1647	3.713
337	pg	3	5.1647	3.713
337	pm	3	5.1647	3.713
337	td	3	5.1647	3.713
337	tz	3	5.1647	3.713
337	u'	3	5.1647	3.713
337	uz	3	5.1647	3.713
337	vy	3	5.1647	3.713
337	wr	3	5.1647	3.713
337	yj	3	5.1647	3.713
337	zi	3	5.1647	3.713
338	'w	2	3.4431	3.5369
338	-v	2	3.4431	3.5369
338	b-	2	3.4431	3.5369
338	bm	2	3.4431	3.5369
338	bt	2	3.4431	3.5369
338	cz	2	3.4431	3.5369
338	dk	2	3.4431	3.5369
338	h'	2	3.4431	3.5369
338	iq	2	3.4431	3.5369
338	jr	2	3.4431	3.5369
338	lj	2	3.4431	3.5369
338	mw	2	3.4431	3.5369
338	nz	2	3.4431	3.5369
338	pd	2	3.4431	3.5369
338	qa	2	3.4431	3.5369
338	rq	2	3.4431	3.5369
338	rz	2	3.4431	3.5369
338	sr	2	3.4431	3.5369
338	uv	2	3.4431	3.5369
338	w'	2	3.4431	3.5369
338	wk	2	3.4431	3.5369
338	xu	2	3.4431	3.5369
338	yh	2	3.4431	3.5369
338	yk	2	3.4431	3.5369
338	yv	2	3.4431	3.5369
339	'b	1	1.7216	3.2359
339	'g	1	1.7216	3.2359
339	'o	1	1.7216	3.2359
339	'u	1	1.7216	3.2359
339	'v	1	1.7216	3.2359
339	'é	1	1.7216	3.2359
339	-q	1	1.7216	3.2359
339	b'	1	1.7216	3.2359
339	c-	1	1.7216	3.2359
339	cd	1	1.7216	3.2359
339	cf	1	1.7216	3.2359
339	dj	1	1.7216	3.2359
339	e'	1	1.7216	3.2359
339	eñ	1	1.7216	3.2359
339	fb	1	1.7216	3.2359
339	fg	1	1.7216	3.2359
339	fh	1	1.7216	3.2359
339	fm	1	1.7216	3.2359
339	gf	1	1.7216	3.2359
339	hc	1	1.7216	3.2359
339	hj	1	1.7216	3.2359
339	hp	1	1.7216	3.2359
339	kf	1	1.7216	3.2359
339	kg	1	1.7216	3.2359
339	kv	1	1.7216	3.2359
339	mf	1	1.7216	3.2359
339	mk	1	1.7216	3.2359
339	oq	1	1.7216	3.2359
339	pj	1	1.7216	3.2359
339	q$	1	1.7216	3.2359
339	ql	1	1.7216	3.2359
339	qr	1	1.7216	3.2359
339	rj	1	1.7216	3.2359
339	rx	1	1.7216	3.2359
339	tf	1	1.7216	3.2359
339	tj	1	1.7216	3.2359
339	vs	1	1.7216	3.2359
339	wd	1	1.7216	3.2359
339	wf	1	1.7216	3.2359
339	wp	1	1.7216	3.2359
339	xh	1	1.7216	3.2359
339	xn	1	1.7216	3.2359
339	zl	1	1.7216	3.2359
339	zt	1	1.7216	3.2359
339	zu	1	1.7216	3.2359
339	ét	1	1.7216	3.2359
339	ño	1	1.7216	3.2359
