Rank	Bigram	Frequency	Frequency per million	Zipf value
1	ు$	32922	43539.3834	7.6389
2	ి$	22195	29352.9134	7.4677
3	^మ	14487	19159.0744	7.2824
4	్$	11400	15076.5133	7.1783
5	^న	10267	13578.1195	7.1328
6	ను	9623	12726.4287	7.1047
7	రు	9573	12660.3037	7.1024
8	^అ	8450	11175.1349	7.0483
9	న్	8095	10705.6469	7.0296
10	^క	7842	10371.0542	7.0158
11	ని	7720	10209.709	7.009
12	మీ	7376	9754.7686	6.9892
13	ా$	6845	9052.5205	6.9568
14	^వ	6843	9049.8755	6.9566
15	ది	6671	8822.4053	6.9456
16	ంద	6425	8497.07	6.9293
17	్న	6202	8202.1522	6.9139
18	ం$	6085	8047.4196	6.9057
19	ీర	5878	7773.6619	6.8906
20	నా	5754	7609.6717	6.8814
21	స్	5737	7587.1892	6.8801
22	క్	5672	7501.2266	6.8751
23	ార	5547	7335.914	6.8655
24	^ప	5520	7300.2064	6.8633
25	నే	5376	7109.7663	6.8519
26	^చ	5214	6895.5211	6.8386
27	రి	5171	6838.6535	6.835
28	కు	5125	6777.8185	6.8311
29	ేన	5018	6636.3109	6.8219
30	^స	4962	6562.2508	6.8171
31	ర్	4960	6559.6058	6.8169
32	ప్	4885	6460.4182	6.8103
33	ిం	4749	6280.558	6.798
34	్ర	4584	6062.3454	6.7826
35	^ఉ	4470	5911.5802	6.7717
36	లు	4382	5795.2001	6.7631
37	ాన	4174	5520.1199	6.7419
38	దు	4069	5381.2572	6.7309
39	^త	3876	5126.0145	6.7098
40	్త	3776	4993.7644	6.6984
41	ాల	3654	4832.4193	6.6842
42	క$	3616	4782.1642	6.6796
43	ున	3522	4657.8491	6.6682
44	ట్	3521	4656.5266	6.6681
45	న$	3514	4647.2691	6.6672
46	ీ$	3447	4558.6615	6.6588
47	డి	3443	4553.3715	6.6583
48	ండ	3378	4467.4089	6.6501
49	ంచ	3360	4443.6039	6.6477
50	^ఇ	3328	4401.2839	6.6436
51	్య	3258	4308.7088	6.6343
52	ఉం	3225	4265.0663	6.6299
53	ంట	3223	4262.4213	6.6297
54	ో$	3172	4194.9737	6.6227
55	^ల	3151	4167.2012	6.6198
56	్క	3139	4151.3312	6.6182
57	ే$	3060	4046.8536	6.6071
58	చి	3030	4007.1785	6.6028
59	కా	3029	4005.856	6.6027
60	డు	2985	3947.666	6.5963
61	ిక	2938	3885.5084	6.5894
62	్ప	2909	3847.1559	6.5851
63	^ఆ	2901	3836.5759	6.5839
64	ుక	2894	3827.3184	6.5829
65	వా	2875	3802.1909	6.58
66	తు	2838	3753.2583	6.5744
67	ుం	2768	3660.6832	6.5636
68	్ట	2666	3525.7881	6.5473
69	గా	2655	3511.2406	6.5455
70	ై	2641	3492.7256	6.5432
71	^గ	2638	3488.7581	6.5427
72	్ల	2623	3468.9206	6.5402
73	^ఒ	2614	3457.0181	6.5387
74	ఒక	2613	3455.6955	6.5385
75	ిన	2581	3413.3755	6.5332
76	ల్	2571	3400.1505	6.5315
77	లి	2544	3364.443	6.5269
78	ుడ	2418	3197.8078	6.5049
79	^ఎ	2381	3148.8753	6.4982
79	ియ	2381	3148.8753	6.4982
80	లే	2358	3118.4578	6.4939
81	చే	2340	3094.6527	6.4906
82	మా	2337	3090.6852	6.4901
83	ము	2336	3089.3627	6.4899
84	పు	2311	3056.3002	6.4852
85	^బ	2276	3010.0127	6.4786
86	కి	2261	2990.1751	6.4757
87	వి	2202	2912.1476	6.4642
88	టి	2201	2910.8251	6.464
89	ంగ	2182	2885.6975	6.4603
90	యి	2078	2748.1574	6.439
91	ాయ	2077	2746.8349	6.4388
92	లో	2067	2733.6099	6.4367
93	త్	2064	2729.6424	6.4361
94	మర	2044	2703.1924	6.4319
95	ాక	2016	2666.1624	6.4259
96	రా	1910	2525.9772	6.4024
97	^ఏ	1909	2524.6547	6.4022
98	యు	1907	2522.0097	6.4017
99	ేద	1905	2519.3647	6.4013
100	్చ	1890	2499.5272	6.3979
101	లా	1854	2451.9172	6.3895
102	తన	1839	2432.0796	6.386
103	^ర	1830	2420.1771	6.3838
104	తి	1821	2408.2746	6.3817
105	డా	1818	2404.3071	6.381
106	అన	1773	2344.7946	6.3701
107	మి	1757	2323.6346	6.3662
108	మె	1749	2313.0545	6.3642
109	వు	1723	2278.6695	6.3577
110	ెల	1714	2266.767	6.3554
111	సం	1696	2242.962	6.3508
112	చ్	1651	2183.4494	6.3391
113	ిగ	1609	2127.9044	6.328
114	ిస	1598	2113.3569	6.325
115	మే	1581	2090.8743	6.3203
116	^ద	1579	2088.2293	6.3198
117	ద్	1576	2084.2618	6.319
118	అత	1561	2064.4243	6.3148
119	ేమ	1547	2045.9093	6.3109
120	గ్	1501	1985.0743	6.2978
121	^జ	1497	1979.7842	6.2966
122	కో	1485	1963.9142	6.2931
123	టు	1483	1961.2692	6.2925
124	గి	1480	1957.3017	6.2917
125	గు	1431	1892.4992	6.277
126	డ్	1420	1877.9517	6.2737
127	ేస	1415	1871.3392	6.2722
128	అవ	1413	1868.6941	6.2715
129	సు	1395	1844.8891	6.266
130	సి	1394	1843.5666	6.2657
131	^హ	1386	1832.9866	6.2632
132	వె	1383	1829.0191	6.2622
133	చా	1363	1802.5691	6.2559
134	ుల	1357	1794.6341	6.254
135	్వ	1355	1791.9891	6.2533
136	తె	1325	1752.314	6.2436
137	్స	1320	1745.7015	6.242
138	^ఈ	1315	1739.089	6.2403
139	ౖన	1310	1732.4765	6.2387
140	కడ	1309	1731.154	6.2383
141	ిత	1272	1682.2215	6.2259
142	యా	1262	1668.9965	6.2225
143	ిల	1261	1667.674	6.2221
144	యం	1253	1657.094	6.2193
145	ాడ	1238	1637.2564	6.2141
146	ఈ$	1217	1609.4839	6.2067
147	దా	1214	1605.5164	6.2056
148	సర	1204	1592.2914	6.202
149	డ$	1203	1590.9689	6.2017
150	ాద	1180	1560.5514	6.1933
151	^య	1148	1518.2313	6.1813
152	త$	1125	1487.8138	6.1725
153	ఏమ	1106	1462.6863	6.1652
154	చు	1101	1456.0738	6.1632
154	వచ	1101	1456.0738	6.1632
154	వ్	1101	1456.0738	6.1632
155	రం	1095	1448.1388	6.1608
156	ొన	1092	1444.1713	6.1596
157	టా	1088	1438.8813	6.158
158	ుత	1078	1425.6563	6.154
159	ుస	1063	1405.8187	6.1479
160	చె	1046	1383.3362	6.1409
161	ంత	1044	1380.6912	6.1401
162	ళ్	1035	1368.7887	6.1363
163	బ్	1031	1363.4987	6.1347
164	పా	1025	1355.5637	6.1321
165	మ్	1016	1343.6612	6.1283
166	^డ	1012	1338.3712	6.1266
167	కొ	1000	1322.5012	6.1214
168	తా	998	1319.8562	6.1205
168	రె	998	1319.8562	6.1205
169	ుర	995	1315.8887	6.1192
170	ఇద	987	1305.3087	6.1157
171	ఆ$	984	1301.3411	6.1144
172	చూ	974	1288.1161	6.11
173	్ద	971	1284.1486	6.1086
174	ొక	933	1233.8936	6.0913
175	ూడ	929	1228.6036	6.0894
176	నం	922	1219.3461	6.0861
177	వర	921	1218.0236	6.0857
178	బా	905	1196.8636	6.078
179	నీ	901	1191.5736	6.0761
180	కల	897	1186.2835	6.0742
181	ఉన	894	1182.316	6.0727
182	ొం	882	1166.446	6.0669
183	ాట	874	1155.866	6.0629
184	ాగ	859	1136.0285	6.0554
185	డం	855	1130.7385	6.0534
186	సా	847	1120.1585	6.0493
187	రే	846	1118.836	6.0488
188	అద	841	1112.2235	6.0462
189	య$	838	1108.256	6.0446
190	^ఫ	835	1104.2885	6.0431
191	ల$	834	1102.966	6.0426
192	యొ	828	1095.031	6.0394
193	టే	824	1089.741	6.0373
194	ెళ	811	1072.5484	6.0304
195	ుగ	807	1067.2584	6.0283
196	ువ	805	1064.6134	6.0272
197	తో	801	1059.3234	6.025
198	ిర	799	1056.6784	6.0239
199	్మ	783	1035.5184	6.0152
200	ఇక	782	1034.1959	6.0146
201	ిట	779	1030.2284	6.0129
201	్ళ	779	1030.2284	6.0129
202	తం	775	1024.9384	6.0107
203	ాత	747	987.9084	5.9947
204	^భ	745	985.2634	5.9936
205	రో	742	981.2959	5.9918
206	పొ	737	974.6834	5.9889
207	ూ$	735	972.0384	5.9877
208	వే	732	968.0709	5.9859
209	పో	727	961.4583	5.9829
209	ిప	727	961.4583	5.9829
209	ేవ	727	961.4583	5.9829
210	ావ	716	946.9108	5.9763
211	in	713	942.9433	5.9745
212	గొ	707	935.0083	5.9708
212	పి	707	935.0083	5.9708
212	ాం	707	935.0083	5.9708
213	ిష	693	916.4933	5.9621
214	s$	688	909.8808	5.959
215	వస	680	899.3008	5.9539
216	ె$	671	887.3983	5.9481
217	లన	665	879.4633	5.9442
218	ఇప	661	874.1733	5.9416
218	కే	661	874.1733	5.9416
219	్ష	657	868.8833	5.939
220	ద$	656	867.5608	5.9383
221	అం	645	853.0133	5.931
222	పె	640	846.4007	5.9276
223	ేయ	639	845.0782	5.9269
224	ష్	636	841.1107	5.9249
225	ోస	632	835.8207	5.9221
226	మం	625	826.5632	5.9173
227	ఆమ	623	823.9182	5.9159
227	వం	623	823.9182	5.9159
228	ఎం	621	821.2732	5.9145
229	కం	613	810.6932	5.9089
230	పడ	611	808.0482	5.9074
231	ివ	610	806.7257	5.9067
232	ెం	608	804.0807	5.9053
233	ామ	604	798.7907	5.9024
234	్బ	595	786.8882	5.8959
235	ఎల	583	771.0182	5.8871
236	ెప	582	769.6957	5.8863
237	వద	579	765.7282	5.8841
238	హ్	570	753.8257	5.8773
239	వల	568	751.1807	5.8757
240	^ఓ	565	747.2132	5.8734
241	లె	563	744.5682	5.8719
242	దే	562	743.2457	5.8711
243	మన	560	740.6007	5.8696
244	సమ	556	735.3106	5.8665
245	ుట	552	730.0206	5.8633
246	ుప	546	722.0856	5.8586
247	లం	541	715.4731	5.8546
248	హా	536	708.8606	5.8506
249	పట	534	706.2156	5.8489
250	ిచ	528	698.2806	5.844
251	ng	527	696.9581	5.8432
252	భా	520	687.7006	5.8374
253	^ట	518	685.0556	5.8357
254	^m	515	681.0881	5.8332
255	యవ	513	678.4431	5.8315
256	ఫ్	510	674.4756	5.829
256	్డ	510	674.4756	5.829
257	రక	508	671.8306	5.8273
258	ెట	507	670.5081	5.8264
259	e$	505	667.8631	5.8247
259	ిమ	505	667.8631	5.8247
260	గం	504	666.5406	5.8238
261	షి	501	662.5731	5.8212
262	్థ	497	657.2831	5.8178
263	ంప	494	653.3156	5.8151
264	రమ	493	651.9931	5.8142
265	హి	490	648.0256	5.8116
266	ేర	485	641.4131	5.8071
267	ంల	483	638.7681	5.8053
268	ఖ్	481	636.1231	5.8035
269	ెన	480	634.8006	5.8026
270	ీస	476	629.5106	5.799
271	కర	473	625.5431	5.7963
272	g$	472	624.2206	5.7953
273	^a	469	620.253	5.7926
274	చం	463	612.318	5.787
275	టం	461	609.673	5.7851
275	రీ	461	609.673	5.7851
276	శా	460	608.3505	5.7842
277	జా	459	607.028	5.7832
278	రత	457	604.383	5.7813
279	యక	450	595.1255	5.7746
279	ిజ	450	595.1255	5.7746
280	m$	449	593.803	5.7736
280	దం	449	593.803	5.7736
281	^శ	447	591.158	5.7717
282	ర$	446	589.8355	5.7707
282	లీ	446	589.8355	5.7707
282	ెర	446	589.8355	5.7707
283	ుమ	443	585.868	5.7678
284	ాస	438	579.2555	5.7629
285	్గ	437	577.933	5.7619
286	ంఖ	435	575.288	5.7599
286	తీ	435	575.288	5.7599
286	పం	435	575.288	5.7599
287	ాప	432	571.3205	5.7569
288	తర	428	566.0305	5.7528
289	యో	424	560.7405	5.7488
290	జర	422	558.0955	5.7467
290	సె	422	558.0955	5.7467
290	ిద	422	558.0955	5.7467
291	ూర	419	554.128	5.7436
292	an	415	548.838	5.7394
292	చడ	415	548.838	5.7394
293	ీక	411	543.548	5.7352
294	టక	410	542.2255	5.7342
295	ఎవ	408	539.5805	5.7321
296	ోన	407	538.258	5.731
297	జు	406	536.9355	5.7299
298	ోర	401	530.323	5.7245
299	అర	400	529.0005	5.7235
300	య్	398	526.3555	5.7213
301	శ్	397	525.033	5.7202
302	er	391	517.098	5.7136
302	ోల	391	517.098	5.7136
303	^s	389	514.453	5.7113
304	ేక	388	513.1305	5.7102
305	అప	383	506.5179	5.7046
306	n$	380	502.5504	5.7012
306	ళి	380	502.5504	5.7012
307	టర	379	501.2279	5.7
308	పర	374	494.6154	5.6943
309	^g	370	489.3254	5.6896
309	కీ	370	489.3254	5.6896
310	కన	368	486.6804	5.6872
310	ోవ	368	486.6804	5.6872
311	హే	367	485.3579	5.6861
312	అక	366	484.0354	5.6849
313	ేశ	361	477.4229	5.6789
314	రణ	358	473.4554	5.6753
315	ఏద	354	468.1654	5.6704
315	కమ	354	468.1654	5.6704
316	ూస	349	461.5529	5.6642
317	పే	345	456.2629	5.6592
318	ోయ	343	453.6179	5.6567
319	డూ	342	452.2954	5.6554
320	తే	341	450.9729	5.6542
320	బు	341	450.9729	5.6542
321	am	338	447.0054	5.6503
322	^ధ	336	444.3604	5.6477
322	ఎక	336	444.3604	5.6477
323	ీవ	331	437.7479	5.6412
324	ంక	326	431.1354	5.6346
325	^w	325	429.8129	5.6333
325	తల	325	429.8129	5.6333
325	దో	325	429.8129	5.6333
326	ఓహ	324	428.4904	5.6319
327	ొద	317	419.2329	5.6225
328	ోత	316	417.9104	5.6211
329	ధన	306	404.6854	5.6071
330	కూ	305	403.3629	5.6057
331	^b	302	399.3954	5.6014
332	ోజ	301	398.0729	5.6
333	వ$	299	395.4278	5.5971
334	నప	298	394.1053	5.5956
335	l$	295	390.1378	5.5912
336	దర	292	386.1703	5.5868
336	ోగ	292	386.1703	5.5868
337	సో	291	384.8478	5.5853
338	^l	288	380.8803	5.5808
339	ధ్	286	378.2353	5.5778
340	పన	285	376.9128	5.5762
341	జం	283	374.2678	5.5732
341	మయ	283	374.2678	5.5732
342	^ష	282	372.9453	5.5716
342	ఆల	282	372.9453	5.5716
343	h$	281	371.6228	5.5701
343	మొ	281	371.6228	5.5701
344	జీ	279	368.9778	5.567
345	అమ	276	365.0103	5.5623
346	on	274	362.3653	5.5591
346	మూ	274	362.3653	5.5591
347	ౌన	273	361.0428	5.5576
348	es	272	359.7203	5.556
348	ాబ	272	359.7203	5.556
348	ీల	272	359.7203	5.556
349	డట	270	357.0753	5.5528
350	^'	268	354.4303	5.5495
350	్ధ	268	354.4303	5.5495
351	a$	265	350.4628	5.5446
352	ట$	263	347.8178	5.5414
352	నన	263	347.8178	5.5414
353	ఇం	262	346.4953	5.5397
353	ధా	262	346.4953	5.5397
354	ెడ	259	342.5278	5.5347
354	ోక	259	342.5278	5.5347
355	నె	257	339.8828	5.5313
355	బం	257	339.8828	5.5313
356	ాధ	256	338.5603	5.5296
357	ఫక	253	334.5928	5.5245
358	డవ	251	331.9478	5.5211
358	యట	251	331.9478	5.5211
359	ఎప	250	330.6253	5.5193
359	బడ	250	330.6253	5.5193
360	బి	249	329.3028	5.5176
361	ౖ$	247	326.6578	5.5141
362	gr	245	324.0128	5.5106
363	డౌ	244	322.6903	5.5088
363	దీ	244	322.6903	5.5088
364	వీ	243	321.3678	5.507
365	le	242	320.0453	5.5052
366	^ఖ	241	318.7228	5.5034
366	o$	241	318.7228	5.5034
366	లల	241	318.7228	5.5034
367	ణ$	240	317.4003	5.5016
367	సహ	240	317.4003	5.5016
368	గో	239	316.0778	5.4998
369	ధి	237	313.4328	5.4961
370	^c	236	312.1103	5.4943
370	టీ	236	312.1103	5.4943
371	షయ	234	309.4653	5.4906
372	t$	233	308.1428	5.4888
373	టె	232	306.8203	5.4869
374	రయ	231	305.4978	5.485
375	జి	229	302.8528	5.4812
376	el	228	301.5303	5.4793
376	తమ	228	301.5303	5.4793
377	^t	227	300.2078	5.4774
378	మ$	226	298.8853	5.4755
378	ెయ	226	298.8853	5.4755
379	జ్	225	297.5628	5.4736
379	తప	225	297.5628	5.4736
380	దయ	224	296.2403	5.4716
381	ఏ$	223	294.9178	5.4697
382	చన	222	293.5953	5.4677
382	ేడ	222	293.5953	5.4677
383	d$	221	292.2728	5.4658
383	రూ	221	292.2728	5.4658
384	ధం	220	290.9503	5.4638
384	లప	220	290.9503	5.4638
385	ణం	219	289.6278	5.4618
386	వన	218	288.3053	5.4599
387	ll	215	284.3378	5.4538
387	బె	215	284.3378	5.4538
387	ీన	215	284.3378	5.4538
388	re	214	283.0152	5.4518
389	he	212	280.3702	5.4477
390	డే	211	279.0477	5.4457
391	^h	210	277.7252	5.4436
391	బయ	210	277.7252	5.4436
391	యత	210	277.7252	5.4436
392	యూ	209	276.4027	5.4415
393	అయ	204	269.7902	5.431
393	ిశ	204	269.7902	5.431
394	ro	203	268.4677	5.4289
394	శి	203	268.4677	5.4289
395	డీ	202	267.1452	5.4267
396	ic	201	265.8227	5.4246
396	సే	201	265.8227	5.4246
397	లస	200	264.5002	5.4224
397	ెక	200	264.5002	5.4224
398	r$	199	263.1777	5.4202
398	th	199	263.1777	5.4202
399	or	197	260.5327	5.4159
400	nt	196	259.2102	5.4137
400	నడ	196	259.2102	5.4137
401	al	193	255.2427	5.407
401	నవ	193	255.2427	5.407
401	ేట	193	255.2427	5.407
402	ుచ	192	253.9202	5.4047
403	గర	191	252.5977	5.4024
403	యన	191	252.5977	5.4024
404	మో	190	251.2752	5.4001
405	^n	189	249.9527	5.3979
405	యల	189	249.9527	5.3979
405	ెద	189	249.9527	5.3979
405	ోచ	189	249.9527	5.3979
406	అడ	188	248.6302	5.3956
406	టూ	188	248.6302	5.3956
406	ొర	188	248.6302	5.3956
407	li	187	247.3077	5.3932
407	ేహ	187	247.3077	5.3932
408	ck	186	245.9852	5.3909
409	ni	185	244.6627	5.3886
409	ాశ	185	244.6627	5.3886
410	బర	184	243.3402	5.3862
410	ుద	184	243.3402	5.3862
411	ma	183	242.0177	5.3838
411	ఉద	183	242.0177	5.3838
411	డె	183	242.0177	5.3838
411	దె	183	242.0177	5.3838
412	కప	180	238.0502	5.3767
412	పూ	180	238.0502	5.3767
412	ూల	180	238.0502	5.3767
413	y$	179	236.7277	5.3742
414	చర	178	235.4052	5.3718
414	నస	178	235.4052	5.3718
415	అబ	177	234.0827	5.3694
416	ti	176	232.7602	5.3669
416	ఆఫ	176	232.7602	5.3669
416	హె	176	232.7602	5.3669
416	ోం	176	232.7602	5.3669
417	యే	175	231.4377	5.3644
417	ేచ	175	231.4377	5.3644
418	ch	174	230.1152	5.3619
418	ంబ	174	230.1152	5.3619
418	డబ	174	230.1152	5.3619
418	ిడ	174	230.1152	5.3619
419	ఇవ	173	228.7927	5.3594
419	ఇష	173	228.7927	5.3594
419	నమ	173	228.7927	5.3594
419	ఫో	173	228.7927	5.3594
420	హు	172	227.4702	5.3569
421	ra	171	226.1477	5.3544
422	oo	170	224.8252	5.3518
423	తూ	169	223.5027	5.3493
423	బట	169	223.5027	5.3493
423	ేం	169	223.5027	5.3493
424	hi	167	220.8577	5.3441
424	వత	167	220.8577	5.3441
424	ీద	167	220.8577	5.3441
425	గల	166	219.5352	5.3415
426	un	165	218.2127	5.3389
426	ఖచ	165	218.2127	5.3389
426	లక	165	218.2127	5.3389
427	^d	164	216.8902	5.3362
427	రగ	164	216.8902	5.3362
428	పీ	163	215.5677	5.3336
428	ీట	163	215.5677	5.3336
429	యద	162	214.2452	5.3309
429	ిధ	162	214.2452	5.3309
430	భి	161	212.9227	5.3282
431	ఏం	160	211.6002	5.3255
431	షు	160	211.6002	5.3255
431	ేల	160	211.6002	5.3255
432	^ఐ	159	210.2777	5.3228
432	at	159	210.2777	5.3228
432	ళు	159	210.2777	5.3228
433	^r	157	207.6327	5.3173
433	ంభ	157	207.6327	5.3173
433	యమ	157	207.6327	5.3173
434	అల	156	206.3102	5.3145
434	థం	156	206.3102	5.3145
435	^o	155	204.9877	5.3117
435	నల	155	204.9877	5.3117
435	యచ	155	204.9877	5.3117
436	రద	153	202.3427	5.3061
436	రస	153	202.3427	5.3061
436	ౖట	153	202.3427	5.3061
437	mo	152	201.0202	5.3032
437	si	152	201.0202	5.3032
437	ంవ	152	201.0202	5.3032
438	ba	151	199.6977	5.3004
438	అధ	151	199.6977	5.3004
438	షా	151	199.6977	5.3004
439	దన	150	198.3752	5.2975
439	రవ	150	198.3752	5.2975
440	ea	149	197.0527	5.2946
440	బో	149	197.0527	5.2946
441	ho	148	195.7302	5.2917
441	నర	148	195.7302	5.2917
441	శం	148	195.7302	5.2917
441	ెస	148	195.7302	5.2917
442	కట	147	194.4077	5.2887
442	వడ	147	194.4077	5.2887
443	గత	146	193.0852	5.2857
443	జల	146	193.0852	5.2857
443	దల	146	193.0852	5.2857
443	ేత	146	193.0852	5.2857
444	^e	145	191.7627	5.2828
444	ar	145	191.7627	5.2828
444	లవ	145	191.7627	5.2828
445	en	144	190.4402	5.2798
445	పద	144	190.4402	5.2798
445	ోప	144	190.4402	5.2798
446	st	143	189.1177	5.2767
446	ఆప	143	189.1177	5.2767
447	కె	142	187.7952	5.2737
447	గీ	142	187.7952	5.2737
447	ొత	142	187.7952	5.2737
448	థి	141	186.4727	5.2706
448	శన	141	186.4727	5.2706
448	శు	141	186.4727	5.2706
449	ri	140	185.1502	5.2675
449	నద	140	185.1502	5.2675
449	రల	140	185.1502	5.2675
449	ోట	140	185.1502	5.2675
450	ఓక	139	183.8277	5.2644
451	de	138	182.5052	5.2613
451	టల	138	182.5052	5.2613
451	రప	138	182.5052	5.2613
452	^p	137	181.1827	5.2581
452	ne	137	181.1827	5.2581
452	ఉప	137	181.1827	5.2581
452	బీ	137	181.1827	5.2581
452	లర	137	181.1827	5.2581
453	ళం	136	179.8602	5.2549
454	రజ	135	178.5377	5.2517
455	uc	133	175.8927	5.2452
455	సీ	133	175.8927	5.2452
456	ూప	132	174.5702	5.242
457	గే	131	173.2477	5.2387
457	ప$	131	173.2477	5.2387
457	యడ	131	173.2477	5.2387
457	ుభ	131	173.2477	5.2387
458	టన	130	171.9252	5.2353
458	ౖల	130	171.9252	5.2353
459	టో	129	170.6027	5.232
459	మస	129	170.6027	5.232
459	ోడ	129	170.6027	5.232
460	ha	128	169.2801	5.2286
460	థా	128	169.2801	5.2286
461	et	127	167.9576	5.2252
461	to	127	167.9576	5.2252
461	దూ	127	167.9576	5.2252
461	లత	127	167.9576	5.2252
462	ru	125	165.3126	5.2183
462	wh	125	165.3126	5.2183
462	తక	125	165.3126	5.2183
463	ee	124	163.9901	5.2148
463	మళ	124	163.9901	5.2148
463	హం	124	163.9901	5.2148
463	ాజ	124	163.9901	5.2148
464	^f	123	162.6676	5.2113
464	ce	123	162.6676	5.2113
464	ఇత	123	162.6676	5.2113
465	^i	121	160.0226	5.2042
466	నో	120	158.7001	5.2006
466	షన	120	158.7001	5.2006
466	హో	120	158.7001	5.2006
467	we	119	157.3776	5.1969
467	ళీ	119	157.3776	5.1969
467	ీత	119	157.3776	5.1969
468	ఉత	118	156.0551	5.1933
468	తగ	118	156.0551	5.1933
468	ఫె	118	156.0551	5.1933
468	భయ	118	156.0551	5.1933
468	ౖక	118	156.0551	5.1933
469	ాణ	117	154.7326	5.1896
469	్శ	117	154.7326	5.1896
470	lo	116	153.4101	5.1859
470	me	116	153.4101	5.1859
470	no	116	153.4101	5.1859
470	మల	116	153.4101	5.1859
470	ెత	116	153.4101	5.1859
471	షమ	115	152.0876	5.1821
472	i$	114	150.7651	5.1783
472	దృ	114	150.7651	5.1783
472	ొప	114	150.7651	5.1783
473	దడ	113	149.4426	5.1745
473	ాచ	113	149.4426	5.1745
473	ుబ	113	149.4426	5.1745
474	నట	112	148.1201	5.1706
474	ళ$	112	148.1201	5.1706
474	ీయ	112	148.1201	5.1706
474	ేజ	112	148.1201	5.1706
475	be	111	146.7976	5.1667
475	us	111	146.7976	5.1667
475	షణ	111	146.7976	5.1667
476	oa	110	145.4751	5.1628
476	బే	110	145.4751	5.1628
477	hu	109	144.1526	5.1588
477	గె	109	144.1526	5.1588
477	జే	109	144.1526	5.1588
478	sh	108	142.8301	5.1548
478	te	108	142.8301	5.1548
478	ఒం	108	142.8301	5.1548
479	అస	107	141.5076	5.1508
479	మక	107	141.5076	5.1508
480	rs	106	140.1851	5.1467
480	భం	106	140.1851	5.1467
481	^ఊ	105	138.8626	5.1426
481	ie	105	138.8626	5.1426
481	భూ	105	138.8626	5.1426
481	యప	105	138.8626	5.1426
481	ోద	105	138.8626	5.1426
482	ణి	104	137.5401	5.1384
482	దట	104	137.5401	5.1384
482	పక	104	137.5401	5.1384
482	బహ	104	137.5401	5.1384
482	మత	104	137.5401	5.1384
483	ఆహ	103	136.2176	5.1342
483	ణా	103	136.2176	5.1342
483	ుఅ	103	136.2176	5.1342
484	as	102	134.8951	5.13
484	ke	102	134.8951	5.13
484	దమ	102	134.8951	5.13
484	రహ	102	134.8951	5.13
484	ాళ	102	134.8951	5.13
484	ీమ	102	134.8951	5.13
484	ేబ	102	134.8951	5.13
485	జన	101	133.5726	5.1257
485	ాహ	101	133.5726	5.1257
485	ుఖ	101	133.5726	5.1257
486	ki	100	132.2501	5.1214
486	la	100	132.2501	5.1214
486	om	100	132.2501	5.1214
486	డల	100	132.2501	5.1214
486	పల	100	132.2501	5.1214
486	్భ	100	132.2501	5.1214
487	దొ	99	130.9276	5.117
487	స$	99	130.9276	5.117
487	ుష	99	130.9276	5.117
487	ృత	99	130.9276	5.117
488	ns	98	129.6051	5.1126
488	ూట	98	129.6051	5.1126
488	ూత	98	129.6051	5.1126
488	్ఫ	98	129.6051	5.1126
489	ఆర	97	128.2826	5.1082
489	ాఫ	97	128.2826	5.1082
490	c$	96	126.9601	5.1037
490	mm	96	126.9601	5.1037
490	ంస	96	126.9601	5.1037
490	షం	96	126.9601	5.1037
490	ాష	96	126.9601	5.1037
490	ుశ	96	126.9601	5.1037
490	ౖస	96	126.9601	5.1037
491	^j	95	125.6376	5.0991
491	it	95	125.6376	5.0991
491	ంధ	95	125.6376	5.0991
492	యర	94	124.3151	5.0945
493	^v	93	122.9926	5.0899
493	ab	93	122.9926	5.0899
493	mu	93	122.9926	5.0899
493	కస	93	122.9926	5.0899
493	జస	93	122.9926	5.0899
493	ిళ	93	122.9926	5.0899
494	ca	92	121.6701	5.0852
494	ts	92	121.6701	5.0852
494	ఆక	92	121.6701	5.0852
494	మహ	92	121.6701	5.0852
494	ృష	92	121.6701	5.0852
495	పయ	91	120.3476	5.0804
495	ేప	91	120.3476	5.0804
495	ోమ	91	120.3476	5.0804
496	జమ	90	119.0251	5.0756
496	భ్	90	119.0251	5.0756
497	ta	89	117.7026	5.0708
497	ఆన	89	117.7026	5.0708
497	చవ	89	117.7026	5.0708
497	ఫి	89	117.7026	5.0708
498	ed	88	116.3801	5.0659
498	so	88	116.3801	5.0659
498	ంజ	88	116.3801	5.0659
498	చల	88	116.3801	5.0659
499	జె	87	115.0576	5.0609
499	ఫా	87	115.0576	5.0609
500	చబ	86	113.7351	5.0559
500	డగ	86	113.7351	5.0559
500	రశ	86	113.7351	5.0559
501	ఆశ	85	112.4126	5.0508
501	ఆస	85	112.4126	5.0508
501	భు	85	112.4126	5.0508
502	is	84	111.0901	5.0457
502	oh	84	111.0901	5.0457
502	దగ	84	111.0901	5.0457
502	సన	84	111.0901	5.0457
503	డో	83	109.7676	5.0405
504	అభ	82	108.4451	5.0352
504	రన	82	108.4451	5.0352
504	హత	82	108.4451	5.0352
505	bo	81	107.1226	5.0299
505	ow	81	107.1226	5.0299
505	గడ	81	107.1226	5.0299
505	గద	81	107.1226	5.0299
505	గన	81	107.1226	5.0299
505	ీడ	81	107.1226	5.0299
506	ps	80	105.8001	5.0245
506	ఫీ	80	105.8001	5.0245
506	ుఒ	80	105.8001	5.0245
506	ౖప	80	105.8001	5.0245
507	vi	79	104.4776	5.019
507	wo	79	104.4776	5.019
507	చక	79	104.4776	5.019
507	డర	79	104.4776	5.019
507	్జ	79	104.4776	5.019
508	కళ	78	103.1551	5.0135
508	లయ	78	103.1551	5.0135
508	ిబ	78	103.1551	5.0135
509	nd	77	101.8326	5.0079
510	^y	76	100.5101	5.0022
510	pe	76	100.5101	5.0022
510	రొ	76	100.5101	5.0022
510	ోష	76	100.5101	5.0022
511	gi	75	99.1876	4.9965
511	kl	75	99.1876	4.9965
511	nc	75	99.1876	4.9965
511	చట	75	99.1876	4.9965
511	డక	75	99.1876	4.9965
511	సక	75	99.1876	4.9965
511	ీప	75	99.1876	4.9965
512	nn	74	97.8651	4.9906
512	za	74	97.8651	4.9906
512	టప	74	97.8651	4.9906
512	నక	74	97.8651	4.9906
512	యబ	74	97.8651	4.9906
512	ుహ	74	97.8651	4.9906
512	ౌం	74	97.8651	4.9906
513	di	73	96.5426	4.9847
513	se	73	96.5426	4.9847
513	వక	73	96.5426	4.9847
513	ౖగ	73	96.5426	4.9847
514	గ$	72	95.2201	4.9787
514	ొల	72	95.2201	4.9787
515	తయ	71	93.8976	4.9727
515	థ$	71	93.8976	4.9727
515	భవ	71	93.8976	4.9727
515	ీగ	71	93.8976	4.9727
515	ూమ	71	93.8976	4.9727
515	ేష	71	93.8976	4.9727
515	ోధ	71	93.8976	4.9727
516	బల	70	92.5751	4.9665
517	ac	69	91.2526	4.9602
517	ad	69	91.2526	4.9602
517	da	69	91.2526	4.9602
517	fu	69	91.2526	4.9602
517	గస	69	91.2526	4.9602
517	చ$	69	91.2526	4.9602
517	ెగ	69	91.2526	4.9602
517	ౖం	69	91.2526	4.9602
518	డడ	68	89.9301	4.9539
518	ణు	68	89.9301	4.9539
518	సూ	68	89.9301	4.9539
518	హల	68	89.9301	4.9539
518	ుఇ	68	89.9301	4.9539
519	ff	67	88.6076	4.9475
519	rt	67	88.6076	4.9475
519	ss	67	88.6076	4.9475
519	హక	67	88.6076	4.9475
520	'$	66	87.2851	4.9409
520	k$	66	87.2851	4.9409
520	నగ	66	87.2851	4.9409
520	ళడ	66	87.2851	4.9409
520	సల	66	87.2851	4.9409
520	సొ	66	87.2851	4.9409
520	ౖవ	66	87.2851	4.9409
521	ir	65	85.9626	4.9343
521	టమ	65	85.9626	4.9343
521	పత	65	85.9626	4.9343
521	ిఫ	65	85.9626	4.9343
521	ుఆ	65	85.9626	4.9343
522	ఇల	64	84.6401	4.9276
522	లూ	64	84.6401	4.9276
522	ౖర	64	84.6401	4.9276
523	ah	63	83.3176	4.9207
523	f$	63	83.3176	4.9207
523	id	63	83.3176	4.9207
523	sa	63	83.3176	4.9207
523	ఐ$	63	83.3176	4.9207
523	దవ	63	83.3176	4.9207
523	ధ$	63	83.3176	4.9207
523	మద	63	83.3176	4.9207
523	వహ	63	83.3176	4.9207
524	iz	62	81.9951	4.9138
524	jo	62	81.9951	4.9138
524	wi	62	81.9951	4.9138
524	కవ	62	81.9951	4.9138
525	ou	61	80.6726	4.9067
525	డద	61	80.6726	4.9067
525	ూన	61	80.6726	4.9067
525	ొట	61	80.6726	4.9067
525	్ణ	61	80.6726	4.9067
526	ge	60	79.3501	4.8995
526	im	60	79.3501	4.8995
526	ly	60	79.3501	4.8995
526	ఆగ	60	79.3501	4.8995
526	ఇచ	60	79.3501	4.8995
526	బద	60	79.3501	4.8995
526	ోబ	60	79.3501	4.8995
527	br	59	78.0276	4.8922
527	ot	59	78.0276	4.8922
527	pa	59	78.0276	4.8922
527	డన	59	78.0276	4.8922
527	ెమ	59	78.0276	4.8922
528	gh	58	76.7051	4.8848
528	lt	58	76.7051	4.8848
528	ఆట	58	76.7051	4.8848
528	డమ	58	76.7051	4.8848
528	తవ	58	76.7051	4.8848
528	తొ	58	76.7051	4.8848
528	మధ	58	76.7051	4.8848
528	వట	58	76.7051	4.8848
529	bl	57	75.3826	4.8773
529	do	57	75.3826	4.8773
529	p$	57	75.3826	4.8773
529	ూక	57	75.3826	4.8773
529	ేగ	57	75.3826	4.8773
529	ౖమ	57	75.3826	4.8773
530	bi	56	74.0601	4.8696
530	il	56	74.0601	4.8696
530	sp	56	74.0601	4.8696
530	శీ	56	74.0601	4.8696
531	co	55	72.7376	4.8618
531	ei	55	72.7376	4.8618
531	nk	55	72.7376	4.8618
531	హౌ	55	72.7376	4.8618
531	ిఖ	55	72.7376	4.8618
531	ౌస	55	72.7376	4.8618
532	ఇబ	54	71.4151	4.8538
532	గవ	54	71.4151	4.8538
532	పష	54	71.4151	4.8538
532	లగ	54	71.4151	4.8538
533	'd	53	70.0926	4.8457
533	^u	53	70.0926	4.8457
533	ag	53	70.0926	4.8457
533	ఐద	53	70.0926	4.8457
533	ఒప	53	70.0926	4.8457
534	^k	52	68.7701	4.8374
534	కత	52	68.7701	4.8374
534	గమ	52	68.7701	4.8374
534	థల	52	68.7701	4.8374
534	నొ	52	68.7701	4.8374
534	లభ	52	68.7701	4.8374
535	ig	51	67.4476	4.829
535	ka	51	67.4476	4.829
535	ob	51	67.4476	4.829
535	tt	51	67.4476	4.829
535	ve	51	67.4476	4.829
535	ఆం	51	67.4476	4.829
535	ఎన	51	67.4476	4.829
535	శక	51	67.4476	4.829
536	ఖా	50	66.1251	4.8204
536	చీ	50	66.1251	4.8204
536	లబ	50	66.1251	4.8204
536	ీచ	50	66.1251	4.8204
536	ెబ	50	66.1251	4.8204
536	్అ	50	66.1251	4.8204
537	's	49	64.8026	4.8116
537	eh	49	64.8026	4.8116
537	na	49	64.8026	4.8116
537	oe	49	64.8026	4.8116
537	ఏడ	49	64.8026	4.8116
537	యస	49	64.8026	4.8116
537	ళా	49	64.8026	4.8116
537	ీఫ	49	64.8026	4.8116
537	్ఞ	49	64.8026	4.8116
538	ఖం	48	63.4801	4.8026
538	ఖీ	48	63.4801	4.8026
538	ొడ	48	63.4801	4.8026
538	ోళ	48	63.4801	4.8026
539	ld	47	62.1576	4.7935
539	ud	47	62.1576	4.7935
539	ిఉ	47	62.1576	4.7935
539	్హ	47	62.1576	4.7935
540	sc	46	60.8351	4.7842
540	జూ	46	60.8351	4.7842
540	ఫన	46	60.8351	4.7842
540	యజ	46	60.8351	4.7842
540	ిభ	46	60.8351	4.7842
540	ౖడ	46	60.8351	4.7842
541	ak	45	59.5126	4.7746
541	ga	45	59.5126	4.7746
541	ye	45	59.5126	4.7746
541	ఎడ	45	59.5126	4.7746
541	కౌ	45	59.5126	4.7746
541	జో	45	59.5126	4.7746
541	భర	45	59.5126	4.7746
541	ాఠ	45	59.5126	4.7746
541	ూద	45	59.5126	4.7746
541	ూయ	45	59.5126	4.7746
542	ay	44	58.1901	4.7648
542	ep	44	58.1901	4.7648
542	ls	44	58.1901	4.7648
542	tr	44	58.1901	4.7648
542	పగ	44	58.1901	4.7648
542	లమ	44	58.1901	4.7648
542	ిఅ	44	58.1901	4.7648
542	ుజ	44	58.1901	4.7648
542	ుణ	44	58.1901	4.7648
543	cr	43	56.8676	4.7549
543	ol	43	56.8676	4.7549
543	ur	43	56.8676	4.7549
543	అగ	43	56.8676	4.7549
543	ఆడ	43	56.8676	4.7549
543	టణ	43	56.8676	4.7549
543	తద	43	56.8676	4.7549
543	పస	43	56.8676	4.7549
543	రౌ	43	56.8676	4.7549
543	సగ	43	56.8676	4.7549
544	cl	42	55.545	4.7446
544	e'	42	55.545	4.7446
544	um	42	55.545	4.7446
544	ఖర	42	55.545	4.7446
544	చద	42	55.545	4.7446
544	ఠశ	42	55.545	4.7446
544	హర	42	55.545	4.7446
544	ిహ	42	55.545	4.7446
545	ap	41	54.2225	4.7342
545	if	41	54.2225	4.7342
545	mi	41	54.2225	4.7342
545	ఆయ	41	54.2225	4.7342
545	ఊ$	41	54.2225	4.7342
545	ఎద	41	54.2225	4.7342
545	ఎర	41	54.2225	4.7342
545	కృ	41	54.2225	4.7342
545	టవ	41	54.2225	4.7342
545	థన	41	54.2225	4.7342
545	షూ	41	54.2225	4.7342
545	షే	41	54.2225	4.7342
545	ెచ	41	54.2225	4.7342
546	fl	40	52.9	4.7235
546	go	40	52.9	4.7235
546	pp	40	52.9	4.7235
546	కథ	40	52.9	4.7235
546	ధు	40	52.9	4.7235
546	బూ	40	52.9	4.7235
546	ళన	40	52.9	4.7235
547	dd	39	51.5775	4.7125
547	ok	39	51.5775	4.7125
547	rb	39	51.5775	4.7125
547	sn	39	51.5775	4.7125
547	tu	39	51.5775	4.7125
547	ఇట	39	51.5775	4.7125
547	ఇస	39	51.5775	4.7125
547	యగ	39	51.5775	4.7125
547	ష$	39	51.5775	4.7125
547	షె	39	51.5775	4.7125
547	ొమ	39	51.5775	4.7125
548	'ఆ	38	50.255	4.7012
548	em	38	50.255	4.7012
548	rl	38	50.255	4.7012
548	కద	38	50.255	4.7012
548	ుధ	38	50.255	4.7012
549	ుఉ	37	48.9325	4.6896
549	ెవ	37	48.9325	4.6896
550	^థ	36	47.61	4.6777
550	ks	36	47.61	4.6777
550	mp	36	47.61	4.6777
550	ue	36	47.61	4.6777
550	up	36	47.61	4.6777
550	అహ	36	47.61	4.6777
550	ఆధ	36	47.61	4.6777
550	ౌర	36	47.61	4.6777
550	్ఛ	36	47.61	4.6777
551	ఈజ	35	46.2875	4.6655
551	ఉమ	35	46.2875	4.6655
551	కబ	35	46.2875	4.6655
551	గట	35	46.2875	4.6655
551	జట	35	46.2875	4.6655
551	వయ	35	46.2875	4.6655
551	సవ	35	46.2875	4.6655
552	ct	34	44.965	4.6529
552	ik	34	44.965	4.6529
552	ఇన	34	44.965	4.6529
552	గణ	34	44.965	4.6529
552	ధమ	34	44.965	4.6529
552	ధర	34	44.965	4.6529
552	భద	34	44.965	4.6529
552	రచ	34	44.965	4.6529
552	లహ	34	44.965	4.6529
552	హ$	34	44.965	4.6529
552	ూజ	34	44.965	4.6529
552	్ఆ	34	44.965	4.6529
552	ౖద	34	44.965	4.6529
553	^ఔ	33	43.6425	4.6399
553	bb	33	43.6425	4.6399
553	bu	33	43.6425	4.6399
553	ec	33	43.6425	4.6399
553	ia	33	43.6425	4.6399
553	డత	33	43.6425	4.6399
553	ణల	33	43.6425	4.6399
553	దక	33	43.6425	4.6399
553	రభ	33	43.6425	4.6399
553	ుయ	33	43.6425	4.6399
553	ేఖ	33	43.6425	4.6399
554	dw	32	42.32	4.6265
554	v$	32	42.32	4.6265
554	ిఒ	32	42.32	4.6265
554	ుఈ	32	42.32	4.6265
555	^z	31	40.9975	4.6128
555	io	31	40.9975	4.6128
555	of	31	40.9975	4.6128
555	rf	31	40.9975	4.6128
555	va	31	40.9975	4.6128
555	అణ	31	40.9975	4.6128
555	జబ	31	40.9975	4.6128
555	మమ	31	40.9975	4.6128
555	రడ	31	40.9975	4.6128
555	హన	31	40.9975	4.6128
555	ూచ	31	40.9975	4.6128
556	hh	30	39.675	4.5985
556	op	30	39.675	4.5985
556	os	30	39.675	4.5985
556	wa	30	39.675	4.5985
556	కక	30	39.675	4.5985
556	కష	30	39.675	4.5985
556	శత	30	39.675	4.5985
556	హస	30	39.675	4.5985
556	ాఉ	30	39.675	4.5985
556	ీజ	30	39.675	4.5985
556	ౌ$	30	39.675	4.5985
557	au	29	38.3525	4.5838
557	fe	29	38.3525	4.5838
557	gl	29	38.3525	4.5838
557	oc	29	38.3525	4.5838
557	pi	29	38.3525	4.5838
557	rd	29	38.3525	4.5838
557	uf	29	38.3525	4.5838
557	ంమ	29	38.3525	4.5838
557	ఐస	29	38.3525	4.5838
557	ఓడ	29	38.3525	4.5838
557	తత	29	38.3525	4.5838
557	నథ	29	38.3525	4.5838
557	భజ	29	38.3525	4.5838
557	ుఎ	29	38.3525	4.5838
558	^ఛ	28	37.03	4.5686
558	z$	28	37.03	4.5686
558	ఆత	28	37.03	4.5686
558	ఉచ	28	37.03	4.5686
558	గౌ	28	37.03	4.5686
558	చొ	28	37.03	4.5686
558	ణయ	28	37.03	4.5686
558	నూ	28	37.03	4.5686
558	వృ	28	37.03	4.5686
559	ev	27	35.7075	4.5528
559	ju	27	35.7075	4.5528
559	m-	27	35.7075	4.5528
559	t'	27	35.7075	4.5528
559	జయ	27	35.7075	4.5528
559	తడ	27	35.7075	4.5528
559	నచ	27	35.7075	4.5528
559	నత	27	35.7075	4.5528
559	పవ	27	35.7075	4.5528
559	యె	27	35.7075	4.5528
559	వో	27	35.7075	4.5528
559	శబ	27	35.7075	4.5528
559	శో	27	35.7075	4.5528
559	షో	27	35.7075	4.5528
560	dy	26	34.385	4.5364
560	mr	26	34.385	4.5364
560	oy	26	34.385	4.5364
560	tc	26	34.385	4.5364
560	ంశ	26	34.385	4.5364
560	ఊహ	26	34.385	4.5364
560	ఏర	26	34.385	4.5364
560	ఔట	26	34.385	4.5364
560	ఛా	26	34.385	4.5364
560	నౌ	26	34.385	4.5364
560	వగ	26	34.385	4.5364
560	ిఇ	26	34.385	4.5364
560	ుఫ	26	34.385	4.5364
560	ృశ	26	34.385	4.5364
560	ోహ	26	34.385	4.5364
561	'మ	25	33.0625	4.5193
561	ai	25	33.0625	4.5193
561	ex	25	33.0625	4.5193
561	fi	25	33.0625	4.5193
561	ht	25	33.0625	4.5193
561	rr	25	33.0625	4.5193
561	ంర	25	33.0625	4.5193
561	ఓవ	25	33.0625	4.5193
561	క'	25	33.0625	4.5193
561	ఖన	25	33.0625	4.5193
561	ఫల	25	33.0625	4.5193
561	సజ	25	33.0625	4.5193
561	హద	25	33.0625	4.5193
561	ాఅ	25	33.0625	4.5193
561	ాథ	25	33.0625	4.5193
561	ీధ	25	33.0625	4.5193
561	ూష	25	33.0625	4.5193
561	ౖఫ	25	33.0625	4.5193
562	av	24	31.74	4.5016
562	fa	24	31.74	4.5016
562	oi	24	31.74	4.5016
562	ఆద	24	31.74	4.5016
562	చగ	24	31.74	4.5016
562	పశ	24	31.74	4.5016
562	షల	24	31.74	4.5016
562	ిఎ	24	31.74	4.5016
562	ేళ	24	31.74	4.5016
562	్ఉ	24	31.74	4.5016
563	b$	23	30.4175	4.4831
563	ci	23	30.4175	4.4831
563	ut	23	30.4175	4.4831
563	w'	23	30.4175	4.4831
563	ఈస	23	30.4175	4.4831
563	ఉహ	23	30.4175	4.4831
563	ణమ	23	30.4175	4.4831
563	పచ	23	30.4175	4.4831
563	ిఆ	23	30.4175	4.4831
563	ిణ	23	30.4175	4.4831
563	ుళ	23	30.4175	4.4831
563	్ఘ	23	30.4175	4.4831
564	'న	22	29.095	4.4638
564	gg	22	29.095	4.4638
564	lu	22	29.095	4.4638
564	w$	22	29.095	4.4638
564	y'	22	29.095	4.4638
564	గజ	22	29.095	4.4638
564	చయ	22	29.095	4.4638
564	పణ	22	29.095	4.4638
564	పౌ	22	29.095	4.4638
564	ఫు	22	29.095	4.4638
564	రధ	22	29.095	4.4638
564	రష	22	29.095	4.4638
564	వమ	22	29.095	4.4638
564	శ$	22	29.095	4.4638
564	సౌ	22	29.095	4.4638
564	ీఅ	22	29.095	4.4638
564	ెఫ	22	29.095	4.4638
565	-అ	21	27.7725	4.4436
565	mb	21	27.7725	4.4436
565	ty	21	27.7725	4.4436
565	ంయ	21	27.7725	4.4436
565	ఎట	21	27.7725	4.4436
565	ఎస	21	27.7725	4.4436
565	ఓప	21	27.7725	4.4436
565	కఠ	21	27.7725	4.4436
565	చో	21	27.7725	4.4436
565	దశ	21	27.7725	4.4436
565	ళల	21	27.7725	4.4436
565	శర	21	27.7725	4.4436
565	షక	21	27.7725	4.4436
565	సభ	21	27.7725	4.4436
565	ూహ	21	27.7725	4.4436
565	ృద	21	27.7725	4.4436
565	ౖత	21	27.7725	4.4436
566	'a	20	26.45	4.4224
566	h-	20	26.45	4.4224
566	pl	20	26.45	4.4224
566	ry	20	26.45	4.4224
566	su	20	26.45	4.4224
566	tl	20	26.45	4.4224
566	tv	20	26.45	4.4224
566	zi	20	26.45	4.4224
566	ఊప	20	26.45	4.4224
566	ఛి	20	26.45	4.4224
566	ఞా	20	26.45	4.4224
566	ఠి	20	26.45	4.4224
566	తజ	20	26.45	4.4224
566	తట	20	26.45	4.4224
566	మవ	20	26.45	4.4224
566	ౖళ	20	26.45	4.4224
567	'క	19	25.1275	4.4001
567	ey	19	25.1275	4.4001
567	ip	19	25.1275	4.4001
567	nu	19	25.1275	4.4001
567	u$	19	25.1275	4.4001
567	ug	19	25.1275	4.4001
567	yo	19	25.1275	4.4001
567	ఖ$	19	25.1275	4.4001
567	ఘ$	19	25.1275	4.4001
567	ఞత	19	25.1275	4.4001
567	టడ	19	25.1275	4.4001
567	ధృ	19	25.1275	4.4001
567	నఉ	19	25.1275	4.4001
567	ఫే	19	25.1275	4.4001
567	మణ	19	25.1275	4.4001
567	హీ	19	25.1275	4.4001
567	ుఏ	19	25.1275	4.4001
567	ృం	19	25.1275	4.4001
568	'అ	18	23.805	4.3767
568	fo	18	23.805	4.3767
568	gu	18	23.805	4.3767
568	iv	18	23.805	4.3767
568	po	18	23.805	4.3767
568	qu	18	23.805	4.3767
568	ub	18	23.805	4.3767
568	vs	18	23.805	4.3767
568	ఉర	18	23.805	4.3767
568	ఐట	18	23.805	4.3767
568	గూ	18	23.805	4.3767
568	ణన	18	23.805	4.3767
568	నష	18	23.805	4.3767
568	బస	18	23.805	4.3767
568	భ$	18	23.805	4.3767
568	రబ	18	23.805	4.3767
568	ూగ	18	23.805	4.3767
568	్'	18	23.805	4.3767
569	eb	17	22.4825	4.3518
569	n'	17	22.4825	4.3518
569	sq	17	22.4825	4.3518
569	vo	17	22.4825	4.3518
569	yl	17	22.4825	4.3518
569	ంన	17	22.4825	4.3518
569	ఈల	17	22.4825	4.3518
569	ఉధ	17	22.4825	4.3518
569	ఎత	17	22.4825	4.3518
569	చప	17	22.4825	4.3518
569	తృ	17	22.4825	4.3518
569	నృ	17	22.4825	4.3518
569	పబ	17	22.4825	4.3518
569	షవ	17	22.4825	4.3518
569	ాఖ	17	22.4825	4.3518
569	ాభ	17	22.4825	4.3518
569	ెష	17	22.4825	4.3518
569	ౌక	17	22.4825	4.3518
570	'e	16	21.16	4.3255
570	-డ	16	21.16	4.3255
570	ds	16	21.16	4.3255
570	fr	16	21.16	4.3255
570	od	16	21.16	4.3255
570	ov	16	21.16	4.3255
570	pr	16	21.16	4.3255
570	wl	16	21.16	4.3255
570	xh	16	21.16	4.3255
570	ఎయ	16	21.16	4.3255
570	గబ	16	21.16	4.3255
570	టచ	16	21.16	4.3255
570	తస	16	21.16	4.3255
570	థ్	16	21.16	4.3255
570	దత	16	21.16	4.3255
570	భమ	16	21.16	4.3255
570	మృ	16	21.16	4.3255
570	హజ	16	21.16	4.3255
570	ోఫ	16	21.16	4.3255
571	hy	15	19.8375	4.2975
571	ja	15	19.8375	4.2975
571	og	15	19.8375	4.2975
571	pk	15	19.8375	4.2975
571	rp	15	19.8375	4.2975
571	yn	15	19.8375	4.2975
571	ఇడ	15	19.8375	4.2975
571	కగ	15	19.8375	4.2975
571	జ$	15	19.8375	4.2975
571	ఠా	15	19.8375	4.2975
571	డప	15	19.8375	4.2975
571	థమ	15	19.8375	4.2975
571	దళ	15	19.8375	4.2975
571	బొ	15	19.8375	4.2975
571	మగ	15	19.8375	4.2975
571	మట	15	19.8375	4.2975
571	మౌ	15	19.8375	4.2975
571	సత	15	19.8375	4.2975
571	్ఈ	15	19.8375	4.2975
571	్ఒ	15	19.8375	4.2975
572	eo	14	18.515	4.2675
572	rv	14	18.515	4.2675
572	sw	14	18.515	4.2675
572	uh	14	18.515	4.2675
572	ul	14	18.515	4.2675
572	wn	14	18.515	4.2675
572	yi	14	18.515	4.2675
572	ంఒ	14	18.515	4.2675
572	ఎగ	14	18.515	4.2675
572	టగ	14	18.515	4.2675
572	ధత	14	18.515	4.2675
572	ధె	14	18.515	4.2675
572	ఫర	14	18.515	4.2675
572	వశ	14	18.515	4.2675
572	షర	14	18.515	4.2675
572	ొబ	14	18.515	4.2675
572	ౌడ	14	18.515	4.2675
573	'ప	13	17.1925	4.2353
573	ax	13	17.1925	4.2353
573	bs	13	17.1925	4.2353
573	dr	13	17.1925	4.2353
573	ny	13	17.1925	4.2353
573	o-	13	17.1925	4.2353
573	pu	13	17.1925	4.2353
573	sl	13	17.1925	4.2353
573	sy	13	17.1925	4.2353
573	ంఅ	13	17.1925	4.2353
573	ఓట	13	17.1925	4.2353
573	ఓల	13	17.1925	4.2353
573	చమ	13	17.1925	4.2353
573	జక	13	17.1925	4.2353
573	ధీ	13	17.1925	4.2353
573	నబ	13	17.1925	4.2353
573	బక	13	17.1925	4.2353
573	భో	13	17.1925	4.2353
573	మశ	13	17.1925	4.2353
573	రట	13	17.1925	4.2353
573	శవ	13	17.1925	4.2353
573	షీ	13	17.1925	4.2353
573	ాఒ	13	17.1925	4.2353
573	ొగ	13	17.1925	4.2353
573	ోఅ	13	17.1925	4.2353
573	ౌట	13	17.1925	4.2353
573	ౌల	13	17.1925	4.2353
573	ౖబ	13	17.1925	4.2353
574	ft	12	15.87	4.2006
574	ko	12	15.87	4.2006
574	lf	12	15.87	4.2006
574	rg	12	15.87	4.2006
574	rk	12	15.87	4.2006
574	rm	12	15.87	4.2006
574	rn	12	15.87	4.2006
574	xf	12	15.87	4.2006
574	ya	12	15.87	4.2006
574	ంఘ	12	15.87	4.2006
574	ంహ	12	15.87	4.2006
574	ఎమ	12	15.87	4.2006
574	టస	12	15.87	4.2006
574	టౌ	12	15.87	4.2006
574	దద	12	15.87	4.2006
574	బ$	12	15.87	4.2006
574	బృ	12	15.87	4.2006
574	లద	12	15.87	4.2006
574	లౌ	12	15.87	4.2006
574	శమ	12	15.87	4.2006
574	ు'	12	15.87	4.2006
574	ూవ	12	15.87	4.2006
574	ృధ	12	15.87	4.2006
574	్ఎ	12	15.87	4.2006
575	'గ	11	14.5475	4.1628
575	'బ	11	14.5475	4.1628
575	-d	11	14.5475	4.1628
575	-h	11	14.5475	4.1628
575	^ఘ	11	14.5475	4.1628
575	y-	11	14.5475	4.1628
575	ంథ	11	14.5475	4.1628
575	ఆవ	11	14.5475	4.1628
575	కచ	11	14.5475	4.1628
575	ఘ్	11	14.5475	4.1628
575	ణీ	11	14.5475	4.1628
575	ణ్	11	14.5475	4.1628
575	థు	11	14.5475	4.1628
575	నఅ	11	14.5475	4.1628
575	ఫం	11	14.5475	4.1628
575	బౌ	11	14.5475	4.1628
575	లచ	11	14.5475	4.1628
575	ళే	11	14.5475	4.1628
575	ీఆ	11	14.5475	4.1628
575	ీఘ	11	14.5475	4.1628
575	ొవ	11	14.5475	4.1628
575	్ఇ	11	14.5475	4.1628
576	db	10	13.225	4.1214
576	dc	10	13.225	4.1214
576	dl	10	13.225	4.1214
576	je	10	13.225	4.1214
576	ky	10	13.225	4.1214
576	nఉ	10	13.225	4.1214
576	pt	10	13.225	4.1214
576	x$	10	13.225	4.1214
576	yd	10	13.225	4.1214
576	అట	10	13.225	4.1214
576	ఇయ	10	13.225	4.1214
576	ఈమ	10	13.225	4.1214
576	ఊళ	10	13.225	4.1214
576	ఎ$	10	13.225	4.1214
576	ఒత	10	13.225	4.1214
576	జప	10	13.225	4.1214
576	ణక	10	13.225	4.1214
576	ధప	10	13.225	4.1214
576	బగ	10	13.225	4.1214
576	బత	10	13.225	4.1214
576	మచ	10	13.225	4.1214
576	లడ	10	13.225	4.1214
576	ళవ	10	13.225	4.1214
576	వవ	10	13.225	4.1214
576	షత	10	13.225	4.1214
576	సడ	10	13.225	4.1214
576	ిఏ	10	13.225	4.1214
576	ొణ	10	13.225	4.1214
576	ోఉ	10	13.225	4.1214
577	'v	9	11.9025	4.0756
577	a-	9	11.9025	4.0756
577	by	9	11.9025	4.0756
577	dn	9	11.9025	4.0756
577	nఅ	9	11.9025	4.0756
577	pd	9	11.9025	4.0756
577	py	9	11.9025	4.0756
577	pర	9	11.9025	4.0756
577	sm	9	11.9025	4.0756
577	ంఆ	9	11.9025	4.0756
577	ఈత	9	11.9025	4.0756
577	ఈవ	9	11.9025	4.0756
577	ఉక	9	11.9025	4.0756
577	ఏక	9	11.9025	4.0756
577	ఏజ	9	11.9025	4.0756
577	ఐవ	9	11.9025	4.0756
577	గప	9	11.9025	4.0756
577	బన	9	11.9025	4.0756
577	మడ	9	11.9025	4.0756
577	వప	9	11.9025	4.0756
577	శల	9	11.9025	4.0756
577	ాఆ	9	11.9025	4.0756
577	ీష	9	11.9025	4.0756
577	ూబ	9	11.9025	4.0756
577	ోణ	9	11.9025	4.0756
577	ౖజ	9	11.9025	4.0756
578	'l	8	10.58	4.0245
578	'ఉ	8	10.58	4.0245
578	'ల	8	10.58	4.0245
578	'వ	8	10.58	4.0245
578	'స	8	10.58	4.0245
578	aw	8	10.58	4.0245
578	cp	8	10.58	4.0245
578	cu	8	10.58	4.0245
578	e-	8	10.58	4.0245
578	ji	8	10.58	4.0245
578	nz	8	10.58	4.0245
578	rj	8	10.58	4.0245
578	ఇమ	8	10.58	4.0245
578	ఈక	8	10.58	4.0245
578	ఉడ	8	10.58	4.0245
578	ఉల	8	10.58	4.0245
578	ఏన	8	10.58	4.0245
578	ఏవ	8	10.58	4.0245
578	ఓ$	8	10.58	4.0245
578	ఔష	8	10.58	4.0245
578	గ-	8	10.58	4.0245
578	డొ	8	10.58	4.0245
578	ణప	8	10.58	4.0245
578	థవ	8	10.58	4.0245
578	పమ	8	10.58	4.0245
578	పళ	8	10.58	4.0245
578	వణ	8	10.58	4.0245
578	వబ	8	10.58	4.0245
578	వభ	8	10.58	4.0245
578	శూ	8	10.58	4.0245
578	శె	8	10.58	4.0245
578	షధ	8	10.58	4.0245
578	ి'	8	10.58	4.0245
578	ిఈ	8	10.58	4.0245
578	ూఢ	8	10.58	4.0245
578	ూశ	8	10.58	4.0245
578	ేఅ	8	10.58	4.0245
578	ేఫ	8	10.58	4.0245
578	ైక	8	10.58	4.0245
578	ౌగ	8	10.58	4.0245
578	ౌత	8	10.58	4.0245
578	ౌబ	8	10.58	4.0245
578	్m	8	10.58	4.0245
579	'ర	7	9.2575	3.9665
579	a'	7	9.2575	3.9665
579	af	7	9.2575	3.9665
579	az	7	9.2575	3.9665
579	ew	7	9.2575	3.9665
579	ez	7	9.2575	3.9665
579	hm	7	9.2575	3.9665
579	j$	7	9.2575	3.9665
579	tw	7	9.2575	3.9665
579	uk	7	9.2575	3.9665
579	ys	7	9.2575	3.9665
579	ze	7	9.2575	3.9665
579	zl	7	9.2575	3.9665
579	zz	7	9.2575	3.9665
579	ంఇ	7	9.2575	3.9665
579	ఇర	7	9.2575	3.9665
579	ఈగ	7	9.2575	3.9665
579	ఈచ	7	9.2575	3.9665
579	ఈన	7	9.2575	3.9665
579	ఈప	7	9.2575	3.9665
579	ఊర	7	9.2575	3.9665
579	ఒడ	7	9.2575	3.9665
579	కభ	7	9.2575	3.9665
579	గృ	7	9.2575	3.9665
579	ఘట	7	9.2575	3.9665
579	ఘన	7	9.2575	3.9665
579	చౌ	7	9.2575	3.9665
579	డఉ	7	9.2575	3.9665
579	డయ	7	9.2575	3.9665
579	ఢచ	7	9.2575	3.9665
579	ణత	7	9.2575	3.9665
579	దజ	7	9.2575	3.9665
579	ధక	7	9.2575	3.9665
579	నఎ	7	9.2575	3.9665
579	భీ	7	9.2575	3.9665
579	శృ	7	9.2575	3.9665
579	హమ	7	9.2575	3.9665
579	ాఇ	7	9.2575	3.9665
579	ాఏ	7	9.2575	3.9665
579	ిఠ	7	9.2575	3.9665
579	ీభ	7	9.2575	3.9665
579	ుg	7	9.2575	3.9665
579	ూఈ	7	9.2575	3.9665
579	ెజ	7	9.2575	3.9665
579	ేఉ	7	9.2575	3.9665
579	ేణ	7	9.2575	3.9665
579	ేధ	7	9.2575	3.9665
579	ొయ	7	9.2575	3.9665
579	ోఒ	7	9.2575	3.9665
580	't	6	7.935	3.8995
580	'ఇ	6	7.935	3.8995
580	'ఎ	6	7.935	3.8995
580	-ఆ	6	7.935	3.8995
580	aa	6	7.935	3.8995
580	dm	6	7.935	3.8995
580	ef	6	7.935	3.8995
580	eవ	6	7.935	3.8995
580	gd	6	7.935	3.8995
580	gs	6	7.935	3.8995
580	gy	6	7.935	3.8995
580	lg	6	7.935	3.8995
580	lv	6	7.935	3.8995
580	mz	6	7.935	3.8995
580	nj	6	7.935	3.8995
580	rc	6	7.935	3.8995
580	sk	6	7.935	3.8995
580	tb	6	7.935	3.8995
580	ంఉ	6	7.935	3.8995
580	ఈఅ	6	7.935	3.8995
580	ఈడ	6	7.935	3.8995
580	ఈర	6	7.935	3.8995
580	ఒల	6	7.935	3.8995
580	కఅ	6	7.935	3.8995
580	కఎ	6	7.935	3.8995
580	కణ	6	7.935	3.8995
580	కశ	6	7.935	3.8995
580	ఖల	6	7.935	3.8995
580	గళ	6	7.935	3.8995
580	ఛ$	6	7.935	3.8995
580	తఆ	6	7.935	3.8995
580	థీ	6	7.935	3.8995
580	దప	6	7.935	3.8995
580	నజ	6	7.935	3.8995
580	నయ	6	7.935	3.8995
580	యీ	6	7.935	3.8995
580	రథ	6	7.935	3.8995
580	రఫ	6	7.935	3.8995
580	రర	6	7.935	3.8995
580	రై	6	7.935	3.8995
580	షట	6	7.935	3.8995
580	హణ	6	7.935	3.8995
580	హృ	6	7.935	3.8995
580	ిi	6	7.935	3.8995
580	ిథ	6	7.935	3.8995
580	ీo	6	7.935	3.8995
580	ీం	6	7.935	3.8995
580	ీఇ	6	7.935	3.8995
580	ీబ	6	7.935	3.8995
580	ుa	6	7.935	3.8995
580	ుh	6	7.935	3.8995
580	ుm	6	7.935	3.8995
580	ుw	6	7.935	3.8995
580	ూభ	6	7.935	3.8995
580	ృచ	6	7.935	3.8995
580	ృహ	6	7.935	3.8995
580	ేఆ	6	7.935	3.8995
580	ొచ	6	7.935	3.8995
580	ొఫ	6	7.935	3.8995
580	ోభ	6	7.935	3.8995
580	్r	6	7.935	3.8995
581	'b	5	6.6125	3.8204
581	'i	5	6.6125	3.8204
581	'డ	5	6.6125	3.8204
581	-బ	5	6.6125	3.8204
581	-స	5	6.6125	3.8204
581	^x	5	6.6125	3.8204
581	ao	5	6.6125	3.8204
581	du	5	6.6125	3.8204
581	eg	5	6.6125	3.8204
581	gn	5	6.6125	3.8204
581	iu	5	6.6125	3.8204
581	kp	5	6.6125	3.8204
581	mc	5	6.6125	3.8204
581	nf	5	6.6125	3.8204
581	nh	5	6.6125	3.8204
581	p-	5	6.6125	3.8204
581	ph	5	6.6125	3.8204
581	rw	5	6.6125	3.8204
581	t-	5	6.6125	3.8204
581	ua	5	6.6125	3.8204
581	ui	5	6.6125	3.8204
581	uy	5	6.6125	3.8204
581	uz	5	6.6125	3.8204
581	vd	5	6.6125	3.8204
581	vv	5	6.6125	3.8204
581	yప	5	6.6125	3.8204
581	కఇ	5	6.6125	3.8204
581	ఖజ	5	6.6125	3.8204
581	టట	5	6.6125	3.8204
581	టద	5	6.6125	3.8204
581	డఅ	5	6.6125	3.8204
581	డచ	5	6.6125	3.8204
581	డస	5	6.6125	3.8204
581	ఢం	5	6.6125	3.8204
581	ణస	5	6.6125	3.8204
581	తఅ	5	6.6125	3.8204
581	తఇ	5	6.6125	3.8204
581	తబ	5	6.6125	3.8204
581	ధవ	5	6.6125	3.8204
581	ధూ	5	6.6125	3.8204
581	నc	5	6.6125	3.8204
581	నఖ	5	6.6125	3.8204
581	ఫూ	5	6.6125	3.8204
581	బబ	5	6.6125	3.8204
581	యయ	5	6.6125	3.8204
581	ఱి	5	6.6125	3.8204
581	ఱ్	5	6.6125	3.8204
581	ళత	5	6.6125	3.8204
581	వజ	5	6.6125	3.8204
581	షప	5	6.6125	3.8204
581	షస	5	6.6125	3.8204
581	సట	5	6.6125	3.8204
581	సబ	5	6.6125	3.8204
581	హచ	5	6.6125	3.8204
581	హప	5	6.6125	3.8204
581	ాఢ	5	6.6125	3.8204
581	ిఐ	5	6.6125	3.8204
581	ీb	5	6.6125	3.8204
581	ీణ	5	6.6125	3.8204
581	ుi	5	6.6125	3.8204
581	ుఓ	5	6.6125	3.8204
581	ూఇ	5	6.6125	3.8204
581	ెఱ	5	6.6125	3.8204
581	్c	5	6.6125	3.8204
581	్ఏ	5	6.6125	3.8204
581	్ఐ	5	6.6125	3.8204
581	్ఱ	5	6.6125	3.8204
582	'm	4	5.29	3.7235
582	'r	4	5.29	3.7235
582	'చ	4	5.29	3.7235
582	-a	4	5.29	3.7235
582	-b	4	5.29	3.7235
582	-i	4	5.29	3.7235
582	-ఉ	4	5.29	3.7235
582	-చ	4	5.29	3.7235
582	^q	4	5.29	3.7235
582	cc	4	5.29	3.7235
582	cs	4	5.29	3.7235
582	d-	4	5.29	3.7235
582	dv	4	5.29	3.7235
582	hn	4	5.29	3.7235
582	hr	4	5.29	3.7235
582	ib	4	5.29	3.7235
582	ii	4	5.29	3.7235
582	iw	4	5.29	3.7235
582	ln	4	5.29	3.7235
582	lz	4	5.29	3.7235
582	ms	4	5.29	3.7235
582	nx	4	5.29	3.7235
582	nమ	4	5.29	3.7235
582	sవ	4	5.29	3.7235
582	tj	4	5.29	3.7235
582	ws	4	5.29	3.7235
582	x-	4	5.29	3.7235
582	yw	4	5.29	3.7235
582	zo	4	5.29	3.7235
582	ంఎ	4	5.29	3.7235
582	ఆష	4	5.29	3.7235
582	ఈట	4	5.29	3.7235
582	ఎశ	4	5.29	3.7235
582	ఏళ	4	5.29	3.7235
582	ఒట	4	5.29	3.7235
582	కఆ	4	5.29	3.7235
582	కఒ	4	5.29	3.7235
582	కజ	4	5.29	3.7235
582	కధ	4	5.29	3.7235
582	గశ	4	5.29	3.7235
582	ఘా	4	5.29	3.7235
582	చత	4	5.29	3.7235
582	ఛే	4	5.29	3.7235
582	జవ	4	5.29	3.7235
582	ఞ$	4	5.29	3.7235
582	ణగ	4	5.29	3.7235
582	ణచ	4	5.29	3.7235
582	ణబ	4	5.29	3.7235
582	దచ	4	5.29	3.7235
582	దబ	4	5.29	3.7235
582	ధచ	4	5.29	3.7235
582	నభ	4	5.29	3.7235
582	పజ	4	5.29	3.7235
582	పథ	4	5.29	3.7235
582	ఫౌ	4	5.29	3.7235
582	బప	4	5.29	3.7235
582	భక	4	5.29	3.7235
582	భస	4	5.29	3.7235
582	మప	4	5.29	3.7235
582	మఫ	4	5.29	3.7235
582	యధ	4	5.29	3.7235
582	యశ	4	5.29	3.7235
582	రఅ	4	5.29	3.7235
582	రఖ	4	5.29	3.7235
582	వొ	4	5.29	3.7235
582	శయ	4	5.29	3.7235
582	సస	4	5.29	3.7235
582	సృ	4	5.29	3.7235
582	హ-	4	5.29	3.7235
582	ీఉ	4	5.29	3.7235
582	ుd	4	5.29	3.7235
582	ుr	4	5.29	3.7235
582	ుఠ	4	5.29	3.7235
582	ూఉ	4	5.29	3.7235
582	ూఎ	4	5.29	3.7235
582	ెఅ	4	5.29	3.7235
582	ెఎ	4	5.29	3.7235
582	ొస	4	5.29	3.7235
582	ోఇ	4	5.29	3.7235
582	ోఎ	4	5.29	3.7235
582	్a	4	5.29	3.7235
582	్s	4	5.29	3.7235
582	్ఖ	4	5.29	3.7235
583	'n	3	3.9675	3.5985
583	'ఐ	3	3.9675	3.5985
583	'ఒ	3	3.9675	3.5985
583	'త	3	3.9675	3.5985
583	'య	3	3.9675	3.5985
583	-e	3	3.9675	3.5985
583	-m	3	3.9675	3.5985
583	-o	3	3.9675	3.5985
583	-ఊ	3	3.9675	3.5985
583	-మ	3	3.9675	3.5985
583	^ఢ	3	3.9675	3.5985
583	aఅ	3	3.9675	3.5985
583	cy	3	3.9675	3.5985
583	ek	3	3.9675	3.5985
583	eచ	3	3.9675	3.5985
583	eమ	3	3.9675	3.5985
583	fs	3	3.9675	3.5985
583	g'	3	3.9675	3.5985
583	hd	3	3.9675	3.5985
583	hk	3	3.9675	3.5985
583	hl	3	3.9675	3.5985
583	kr	3	3.9675	3.5985
583	lm	3	3.9675	3.5985
583	ox	3	3.9675	3.5985
583	oz	3	3.9675	3.5985
583	pm	3	3.9675	3.5985
583	sd	3	3.9675	3.5985
583	tm	3	3.9675	3.5985
583	wd	3	3.9675	3.5985
583	wr	3	3.9675	3.5985
583	yg	3	3.9675	3.5985
583	ym	3	3.9675	3.5985
583	yt	3	3.9675	3.5985
583	yత	3	3.9675	3.5985
583	yవ	3	3.9675	3.5985
583	்$	3	3.9675	3.5985
583	ంఛ	3	3.9675	3.5985
583	ంఫ	3	3.9675	3.5985
583	ః$	3	3.9675	3.5985
583	అజ	3	3.9675	3.5985
583	ఇళ	3	3.9675	3.5985
583	ఈఆ	3	3.9675	3.5985
583	ఉష	3	3.9675	3.5985
583	ఓర	3	3.9675	3.5985
583	క-	3	3.9675	3.5985
583	కc	3	3.9675	3.5985
583	కహ	3	3.9675	3.5985
583	ఖమ	3	3.9675	3.5985
583	ఖు	3	3.9675	3.5985
583	ఖె	3	3.9675	3.5985
583	గక	3	3.9675	3.5985
583	గచ	3	3.9675	3.5985
583	గయ	3	3.9675	3.5985
583	గష	3	3.9675	3.5985
583	ఘర	3	3.9675	3.5985
583	ఘి	3	3.9675	3.5985
583	ఘో	3	3.9675	3.5985
583	ఛన	3	3.9675	3.5985
583	జగ	3	3.9675	3.5985
583	జధ	3	3.9675	3.5985
583	ఞు	3	3.9675	3.5985
583	టత	3	3.9675	3.5985
583	టఫ	3	3.9675	3.5985
583	టబ	3	3.9675	3.5985
583	ణశ	3	3.9675	3.5985
583	తఉ	3	3.9675	3.5985
583	థూ	3	3.9675	3.5985
583	థె	3	3.9675	3.5985
583	ధే	3	3.9675	3.5985
583	నఇ	3	3.9675	3.5985
583	నఏ	3	3.9675	3.5985
583	నశ	3	3.9675	3.5985
583	పధ	3	3.9675	3.5985
583	బజ	3	3.9675	3.5985
583	బఫ	3	3.9675	3.5985
583	భౌ	3	3.9675	3.5985
583	మబ	3	3.9675	3.5985
583	యభ	3	3.9675	3.5985
583	రc	3	3.9675	3.5985
583	లఅ	3	3.9675	3.5985
583	ళక	3	3.9675	3.5985
583	ళట	3	3.9675	3.5985
583	హఠ	3	3.9675	3.5985
583	ాg	3	3.9675	3.5985
583	ాi	3	3.9675	3.5985
583	ాఈ	3	3.9675	3.5985
583	ిc	3	3.9675	3.5985
583	ిఓ	3	3.9675	3.5985
583	ీ'	3	3.9675	3.5985
583	ీd	3	3.9675	3.5985
583	ీm	3	3.9675	3.5985
583	ుb	3	3.9675	3.5985
583	ుl	3	3.9675	3.5985
583	ుs	3	3.9675	3.5985
583	ుt	3	3.9675	3.5985
583	ుu	3	3.9675	3.5985
583	ూఅ	3	3.9675	3.5985
583	ృప	3	3.9675	3.5985
583	ెఒ	3	3.9675	3.5985
583	ేః	3	3.9675	3.5985
583	ేఇ	3	3.9675	3.5985
583	ేఎ	3	3.9675	3.5985
583	ైట	3	3.9675	3.5985
583	ో'	3	3.9675	3.5985
583	ోఆ	3	3.9675	3.5985
583	ోఏ	3	3.9675	3.5985
583	ోథ	3	3.9675	3.5985
583	్b	3	3.9675	3.5985
583	్l	3	3.9675	3.5985
583	ౖ'	3	3.9675	3.5985
583	ౖధ	3	3.9675	3.5985
584	'c	2	2.645	3.4224
584	'ఏ	2	2.645	3.4224
584	'ట	2	2.645	3.4224
584	'ద	2	2.645	3.4224
584	'భ	2	2.645	3.4224
584	-l	2	2.645	3.4224
584	-s	2	2.645	3.4224
584	-w	2	2.645	3.4224
584	-ఎ	2	2.645	3.4224
584	-క	2	2.645	3.4224
584	-గ	2	2.645	3.4224
584	-జ	2	2.645	3.4224
584	-ప	2	2.645	3.4224
584	-ర	2	2.645	3.4224
584	-వ	2	2.645	3.4224
584	-హ	2	2.645	3.4224
584	aన	2	2.645	3.4224
584	aప	2	2.645	3.4224
584	b-	2	2.645	3.4224
584	bm	2	2.645	3.4224
584	cb	2	2.645	3.4224
584	cg	2	2.645	3.4224
584	dg	2	2.645	3.4224
584	dఅ	2	2.645	3.4224
584	dక	2	2.645	3.4224
584	dమ	2	2.645	3.4224
584	dవ	2	2.645	3.4224
584	eఅ	2	2.645	3.4224
584	eఆ	2	2.645	3.4224
584	eప	2	2.645	3.4224
584	eర	2	2.645	3.4224
584	fc	2	2.645	3.4224
584	gp	2	2.645	3.4224
584	gw	2	2.645	3.4224
584	gన	2	2.645	3.4224
584	gల	2	2.645	3.4224
584	hb	2	2.645	3.4224
584	hప	2	2.645	3.4224
584	i-	2	2.645	3.4224
584	ih	2	2.645	3.4224
584	ij	2	2.645	3.4224
584	iy	2	2.645	3.4224
584	iద	2	2.645	3.4224
584	k-	2	2.645	3.4224
584	ku	2	2.645	3.4224
584	kన	2	2.645	3.4224
584	lh	2	2.645	3.4224
584	lj	2	2.645	3.4224
584	lk	2	2.645	3.4224
584	lp	2	2.645	3.4224
584	lఅ	2	2.645	3.4224
584	lఈ	2	2.645	3.4224
584	lన	2	2.645	3.4224
584	lప	2	2.645	3.4224
584	my	2	2.645	3.4224
584	mఅ	2	2.645	3.4224
584	nl	2	2.645	3.4224
584	nw	2	2.645	3.4224
584	nస	2	2.645	3.4224
584	oj	2	2.645	3.4224
584	pధ	2	2.645	3.4224
584	qb	2	2.645	3.4224
584	r'	2	2.645	3.4224
584	r-	2	2.645	3.4224
584	rh	2	2.645	3.4224
584	rz	2	2.645	3.4224
584	rవ	2	2.645	3.4224
584	s'	2	2.645	3.4224
584	sb	2	2.645	3.4224
584	sf	2	2.645	3.4224
584	sz	2	2.645	3.4224
584	sఅ	2	2.645	3.4224
584	sర	2	2.645	3.4224
584	tz	2	2.645	3.4224
584	uu	2	2.645	3.4224
584	v-	2	2.645	3.4224
584	vr	2	2.645	3.4224
584	wk	2	2.645	3.4224
584	wy	2	2.645	3.4224
584	xa	2	2.645	3.4224
584	xb	2	2.645	3.4224
584	xi	2	2.645	3.4224
584	xp	2	2.645	3.4224
584	yh	2	2.645	3.4224
584	yj	2	2.645	3.4224
584	yk	2	2.645	3.4224
584	yp	2	2.645	3.4224
584	yక	2	2.645	3.4224
584	z-	2	2.645	3.4224
584	ம்	2	2.645	3.4224
584	்த	2	2.645	3.4224
584	ంh	2	2.645	3.4224
584	ంr	2	2.645	3.4224
584	ఃఖ	2	2.645	3.4224
584	అచ	2	2.645	3.4224
584	ఆఅ	2	2.645	3.4224
584	ఆఖ	2	2.645	3.4224
584	ఆచ	2	2.645	3.4224
584	ఆజ	2	2.645	3.4224
584	ఆబ	2	2.645	3.4224
584	ఈఉ	2	2.645	3.4224
584	ఈఒ	2	2.645	3.4224
584	ఉబ	2	2.645	3.4224
584	ఊద	2	2.645	3.4224
584	ఏప	2	2.645	3.4224
584	ఏస	2	2.645	3.4224
584	ఐర	2	2.645	3.4224
584	ఒవ	2	2.645	3.4224
584	ఓస	2	2.645	3.4224
584	కp	2	2.645	3.4224
584	కఈ	2	2.645	3.4224
584	ఖగ	2	2.645	3.4224
584	గగ	2	2.645	3.4224
584	ఘె	2	2.645	3.4224
584	చచ	2	2.645	3.4224
584	ఛం	2	2.645	3.4224
584	ఛగ	2	2.645	3.4224
584	ఛమ	2	2.645	3.4224
584	ఛల	2	2.645	3.4224
584	జత	2	2.645	3.4224
584	జద	2	2.645	3.4224
584	ఞన	2	2.645	3.4224
584	టజ	2	2.645	3.4224
584	టొ	2	2.645	3.4224
584	ఠన	2	2.645	3.4224
584	డజ	2	2.645	3.4224
584	ఢ$	2	2.645	3.4224
584	ఢి	2	2.645	3.4224
584	ణద	2	2.645	3.4224
584	ణె	2	2.645	3.4224
584	ణో	2	2.645	3.4224
584	తఒ	2	2.645	3.4224
584	తచ	2	2.645	3.4224
584	తౌ	2	2.645	3.4224
584	థక	2	2.645	3.4224
584	థర	2	2.645	3.4224
584	థే	2	2.645	3.4224
584	థో	2	2.645	3.4224
584	దo	2	2.645	3.4224
584	దస	2	2.645	3.4224
584	దహ	2	2.645	3.4224
584	ధల	2	2.645	3.4224
584	నt	2	2.645	3.4224
584	నఆ	2	2.645	3.4224
584	నఒ	2	2.645	3.4224
584	నహ	2	2.645	3.4224
584	పఉ	2	2.645	3.4224
584	పఠ	2	2.645	3.4224
584	పప	2	2.645	3.4224
584	భన	2	2.645	3.4224
584	భల	2	2.645	3.4224
584	భె	2	2.645	3.4224
584	మఅ	2	2.645	3.4224
584	మజ	2	2.645	3.4224
584	యఉ	2	2.645	3.4224
584	యహ	2	2.645	3.4224
584	లఉ	2	2.645	3.4224
584	లట	2	2.645	3.4224
584	లై	2	2.645	3.4224
584	ళద	2	2.645	3.4224
584	ళస	2	2.645	3.4224
584	శే	2	2.645	3.4224
584	సఅ	2	2.645	3.4224
584	సప	2	2.645	3.4224
584	హగ	2	2.645	3.4224
584	హూ	2	2.645	3.4224
584	ా'	2	2.645	3.4224
584	ాa	2	2.645	3.4224
584	ాc	2	2.645	3.4224
584	ాd	2	2.645	3.4224
584	ాn	2	2.645	3.4224
584	ాw	2	2.645	3.4224
584	ాఎ	2	2.645	3.4224
584	ిa	2	2.645	3.4224
584	ిg	2	2.645	3.4224
584	ిm	2	2.645	3.4224
584	ిs	2	2.645	3.4224
584	ిu	2	2.645	3.4224
584	ిఘ	2	2.645	3.4224
584	ీఈ	2	2.645	3.4224
584	ీఒ	2	2.645	3.4224
584	ీథ	2	2.645	3.4224
584	ీళ	2	2.645	3.4224
584	ీశ	2	2.645	3.4224
584	ీహ	2	2.645	3.4224
584	ుj	2	2.645	3.4224
584	ుn	2	2.645	3.4224
584	ుః	2	2.645	3.4224
584	ుఐ	2	2.645	3.4224
584	ూఫ	2	2.645	3.4224
584	ూళ	2	2.645	3.4224
584	ృవ	2	2.645	3.4224
584	ెఉ	2	2.645	3.4224
584	ెఏ	2	2.645	3.4224
584	ెు	2	2.645	3.4224
584	ే'	2	2.645	3.4224
584	ేఒ	2	2.645	3.4224
584	ేఘ	2	2.645	3.4224
584	ైన	2	2.645	3.4224
584	ొజ	2	2.645	3.4224
584	ోg	2	2.645	3.4224
584	ోi	2	2.645	3.4224
584	ోk	2	2.645	3.4224
584	ోఖ	2	2.645	3.4224
584	ోశ	2	2.645	3.4224
584	్d	2	2.645	3.4224
584	్t	2	2.645	3.4224
584	్ఓ	2	2.645	3.4224
584	ౖఇ	2	2.645	3.4224
585	'h	1	1.3225	3.1214
585	'k	1	1.3225	3.1214
585	'o	1	1.3225	3.1214
585	'p	1	1.3225	3.1214
585	'u	1	1.3225	3.1214
585	'ఘ	1	1.3225	3.1214
585	'జ	1	1.3225	3.1214
585	'ఫ	1	1.3225	3.1214
585	'ష	1	1.3225	3.1214
585	'హ	1	1.3225	3.1214
585	-g	1	1.3225	3.1214
585	-n	1	1.3225	3.1214
585	-q	1	1.3225	3.1214
585	-r	1	1.3225	3.1214
585	-t	1	1.3225	3.1214
585	-u	1	1.3225	3.1214
585	-v	1	1.3225	3.1214
585	-y	1	1.3225	3.1214
585	-z	1	1.3225	3.1214
585	-ఒ	1	1.3225	3.1214
585	-త	1	1.3225	3.1214
585	-న	1	1.3225	3.1214
585	-భ	1	1.3225	3.1214
585	^é	1	1.3225	3.1214
585	^ஆ	1	1.3225	3.1214
585	^இ	1	1.3225	3.1214
585	^உ	1	1.3225	3.1214
585	^ச	1	1.3225	3.1214
585	^வ	1	1.3225	3.1214
585	^ఋ	1	1.3225	3.1214
585	aq	1	1.3225	3.1214
585	aఉ	1	1.3225	3.1214
585	aఓ	1	1.3225	3.1214
585	aక	1	1.3225	3.1214
585	aజ	1	1.3225	3.1214
585	aత	1	1.3225	3.1214
585	aధ	1	1.3225	3.1214
585	aఫ	1	1.3225	3.1214
585	aమ	1	1.3225	3.1214
585	aల	1	1.3225	3.1214
585	aవ	1	1.3225	3.1214
585	bd	1	1.3225	3.1214
585	cf	1	1.3225	3.1214
585	cఇ	1	1.3225	3.1214
585	d'	1	1.3225	3.1214
585	dj	1	1.3225	3.1214
585	dఈ	1	1.3225	3.1214
585	dత	1	1.3225	3.1214
585	dన	1	1.3225	3.1214
585	dర	1	1.3225	3.1214
585	eఉ	1	1.3225	3.1214
585	eఒ	1	1.3225	3.1214
585	eజ	1	1.3225	3.1214
585	eట	1	1.3225	3.1214
585	eన	1	1.3225	3.1214
585	eబ	1	1.3225	3.1214
585	eయ	1	1.3225	3.1214
585	eస	1	1.3225	3.1214
585	fb	1	1.3225	3.1214
585	fట	1	1.3225	3.1214
585	fర	1	1.3225	3.1214
585	g-	1	1.3225	3.1214
585	gj	1	1.3225	3.1214
585	gü	1	1.3225	3.1214
585	gఆ	1	1.3225	3.1214
585	gఉ	1	1.3225	3.1214
585	gచ	1	1.3225	3.1214
585	gజ	1	1.3225	3.1214
585	gట	1	1.3225	3.1214
585	gద	1	1.3225	3.1214
585	gప	1	1.3225	3.1214
585	gమ	1	1.3225	3.1214
585	gర	1	1.3225	3.1214
585	hq	1	1.3225	3.1214
585	hö	1	1.3225	3.1214
585	hఇ	1	1.3225	3.1214
585	hక	1	1.3225	3.1214
585	hద	1	1.3225	3.1214
585	hఫ	1	1.3225	3.1214
585	hమ	1	1.3225	3.1214
585	hష	1	1.3225	3.1214
585	i'	1	1.3225	3.1214
585	ix	1	1.3225	3.1214
585	iమ	1	1.3225	3.1214
585	jd	1	1.3225	3.1214
585	jp	1	1.3225	3.1214
585	kj	1	1.3225	3.1214
585	kk	1	1.3225	3.1214
585	kâ	1	1.3225	3.1214
585	kబ	1	1.3225	3.1214
585	l'	1	1.3225	3.1214
585	l-	1	1.3225	3.1214
585	lb	1	1.3225	3.1214
585	lr	1	1.3225	3.1214
585	lw	1	1.3225	3.1214
585	lఇ	1	1.3225	3.1214
585	lజ	1	1.3225	3.1214
585	lత	1	1.3225	3.1214
585	lయ	1	1.3225	3.1214
585	lల	1	1.3225	3.1214
585	mg	1	1.3225	3.1214
585	mh	1	1.3225	3.1214
585	ml	1	1.3225	3.1214
585	mn	1	1.3225	3.1214
585	mt	1	1.3225	3.1214
585	mv	1	1.3225	3.1214
585	mw	1	1.3225	3.1214
585	mఒ	1	1.3225	3.1214
585	mక	1	1.3225	3.1214
585	mచ	1	1.3225	3.1214
585	mన	1	1.3225	3.1214
585	mఫ	1	1.3225	3.1214
585	n-	1	1.3225	3.1214
585	nb	1	1.3225	3.1214
585	nm	1	1.3225	3.1214
585	np	1	1.3225	3.1214
585	nv	1	1.3225	3.1214
585	nఏ	1	1.3225	3.1214
585	nక	1	1.3225	3.1214
585	nగ	1	1.3225	3.1214
585	nచ	1	1.3225	3.1214
585	nట	1	1.3225	3.1214
585	nప	1	1.3225	3.1214
585	nబ	1	1.3225	3.1214
585	nయ	1	1.3225	3.1214
585	nవ	1	1.3225	3.1214
585	o'	1	1.3225	3.1214
585	oఅ	1	1.3225	3.1214
585	oక	1	1.3225	3.1214
585	oమ	1	1.3225	3.1214
585	oర	1	1.3225	3.1214
585	pf	1	1.3225	3.1214
585	pg	1	1.3225	3.1214
585	pn	1	1.3225	3.1214
585	pw	1	1.3225	3.1214
585	pమ	1	1.3225	3.1214
585	pయ	1	1.3225	3.1214
585	q$	1	1.3225	3.1214
585	q-	1	1.3225	3.1214
585	qg	1	1.3225	3.1214
585	qr	1	1.3225	3.1214
585	rఅ	1	1.3225	3.1214
585	rఒ	1	1.3225	3.1214
585	rక	1	1.3225	3.1214
585	rత	1	1.3225	3.1214
585	rమ	1	1.3225	3.1214
585	rహ	1	1.3225	3.1214
585	s-	1	1.3225	3.1214
585	sj	1	1.3225	3.1214
585	sv	1	1.3225	3.1214
585	sఆ	1	1.3225	3.1214
585	sఉ	1	1.3225	3.1214
585	sక	1	1.3225	3.1214
585	sగ	1	1.3225	3.1214
585	sచ	1	1.3225	3.1214
585	sడ	1	1.3225	3.1214
585	sత	1	1.3225	3.1214
585	sన	1	1.3225	3.1214
585	sబ	1	1.3225	3.1214
585	sమ	1	1.3225	3.1214
585	sయ	1	1.3225	3.1214
585	sల	1	1.3225	3.1214
585	sస	1	1.3225	3.1214
585	td	1	1.3225	3.1214
585	tg	1	1.3225	3.1214
585	tn	1	1.3225	3.1214
585	tఅ	1	1.3225	3.1214
585	tక	1	1.3225	3.1214
585	tప	1	1.3225	3.1214
585	tయ	1	1.3225	3.1214
585	tవ	1	1.3225	3.1214
585	tశ	1	1.3225	3.1214
585	tస	1	1.3225	3.1214
585	u-	1	1.3225	3.1214
585	uv	1	1.3225	3.1214
585	vy	1	1.3225	3.1214
585	vఅ	1	1.3225	3.1214
585	w-	1	1.3225	3.1214
585	wb	1	1.3225	3.1214
585	wc	1	1.3225	3.1214
585	wg	1	1.3225	3.1214
585	xe	1	1.3225	3.1214
585	yr	1	1.3225	3.1214
585	yఅ	1	1.3225	3.1214
585	yయ	1	1.3225	3.1214
585	yర	1	1.3225	3.1214
585	zu	1	1.3225	3.1214
585	zy	1	1.3225	3.1214
585	zబ	1	1.3225	3.1214
585	â$	1	1.3225	3.1214
585	é$	1	1.3225	3.1214
585	öj	1	1.3225	3.1214
585	üt	1	1.3225	3.1214
585	ஆன	1	1.3225	3.1214
585	இந	1	1.3225	3.1214
585	உத	1	1.3225	3.1214
585	சீ	1	1.3225	3.1214
585	செ	1	1.3225	3.1214
585	டு	1	1.3225	3.1214
585	த$	1	1.3225	3.1214
585	தா	1	1.3225	3.1214
585	து	1	1.3225	3.1214
585	த்	1	1.3225	3.1214
585	ந்	1	1.3225	3.1214
585	னப	1	1.3225	3.1214
585	னா	1	1.3225	3.1214
585	பட	1	1.3225	3.1214
585	ப்	1	1.3225	3.1214
585	ய்	1	1.3225	3.1214
585	ரை	1	1.3225	3.1214
585	ல்	1	1.3225	3.1214
585	வி	1	1.3225	3.1214
585	வு	1	1.3225	3.1214
585	வே	1	1.3225	3.1214
585	ாச	1	1.3225	3.1214
585	ாம	1	1.3225	3.1214
585	ால	1	1.3225	3.1214
585	ிர	1	1.3225	3.1214
585	ீன	1	1.3225	3.1214
585	ு$	1	1.3225	3.1214
585	ுத	1	1.3225	3.1214
585	ும	1	1.3225	3.1214
585	ெய	1	1.3225	3.1214
585	ோ	1	1.3225	3.1214
585	ைவ	1	1.3225	3.1214
585	்ப	1	1.3225	3.1214
585	்வ	1	1.3225	3.1214
585	ంa	1	1.3225	3.1214
585	ంb	1	1.3225	3.1214
585	ంi	1	1.3225	3.1214
585	ంl	1	1.3225	3.1214
585	ంs	1	1.3225	3.1214
585	ంw	1	1.3225	3.1214
585	ంఊ	1	1.3225	3.1214
585	ంఐ	1	1.3225	3.1214
585	ంఓ	1	1.3225	3.1214
585	ఃక	1	1.3225	3.1214
585	అ$	1	1.3225	3.1214
585	అఫ	1	1.3225	3.1214
585	అశ	1	1.3225	3.1214
585	అష	1	1.3225	3.1214
585	ఆ-	1	1.3225	3.1214
585	ఆఉ	1	1.3225	3.1214
585	ఆఒ	1	1.3225	3.1214
585	ఆభ	1	1.3225	3.1214
585	ఈఈ	1	1.3225	3.1214
585	ఈఎ	1	1.3225	3.1214
585	ఈఖ	1	1.3225	3.1214
585	ఈబ	1	1.3225	3.1214
585	ఈభ	1	1.3225	3.1214
585	ఈశ	1	1.3225	3.1214
585	ఈహ	1	1.3225	3.1214
585	ఉగ	1	1.3225	3.1214
585	ఊచ	1	1.3225	3.1214
585	ఊత	1	1.3225	3.1214
585	ఊమ	1	1.3225	3.1214
585	ఊఱ	1	1.3225	3.1214
585	ఋణ	1	1.3225	3.1214
585	ఎజ	1	1.3225	3.1214
585	ఎబ	1	1.3225	3.1214
585	ఎళ	1	1.3225	3.1214
585	ఏj	1	1.3225	3.1214
585	ఏచ	1	1.3225	3.1214
585	ఏట	1	1.3225	3.1214
585	ఏత	1	1.3225	3.1214
585	ఐక	1	1.3225	3.1214
585	ఐల	1	1.3225	3.1214
585	ఒబ	1	1.3225	3.1214
585	ఒహ	1	1.3225	3.1214
585	ఔత	1	1.3225	3.1214
585	ఔన	1	1.3225	3.1214
585	కs	1	1.3225	3.1214
585	కu	1	1.3225	3.1214
585	కఔ	1	1.3225	3.1214
585	కఫ	1	1.3225	3.1214
585	కయ	1	1.3225	3.1214
585	ఖక	1	1.3225	3.1214
585	ఖి	1	1.3225	3.1214
585	ఖే	1	1.3225	3.1214
585	ఖో	1	1.3225	3.1214
585	గd	1	1.3225	3.1214
585	ఘం	1	1.3225	3.1214
585	ఘఅ	1	1.3225	3.1214
585	ఘక	1	1.3225	3.1214
585	ఘమ	1	1.3225	3.1214
585	ఘు	1	1.3225	3.1214
585	చj	1	1.3225	3.1214
585	చఎ	1	1.3225	3.1214
585	చస	1	1.3225	3.1214
585	ఛీ	1	1.3225	3.1214
585	ఛె	1	1.3225	3.1214
585	జఉ	1	1.3225	3.1214
585	జఫ	1	1.3225	3.1214
585	జభ	1	1.3225	3.1214
585	జృ	1	1.3225	3.1214
585	ఞప	1	1.3225	3.1214
585	ట'	1	1.3225	3.1214
585	టఅ	1	1.3225	3.1214
585	టఆ	1	1.3225	3.1214
585	టఉ	1	1.3225	3.1214
585	టఒ	1	1.3225	3.1214
585	టభ	1	1.3225	3.1214
585	టశ	1	1.3225	3.1214
585	టహ	1	1.3225	3.1214
585	ఠం	1	1.3225	3.1214
585	ఠమ	1	1.3225	3.1214
585	ఠో	1	1.3225	3.1214
585	డw	1	1.3225	3.1214
585	డఆ	1	1.3225	3.1214
585	డఎ	1	1.3225	3.1214
585	డఒ	1	1.3225	3.1214
585	డఫ	1	1.3225	3.1214
585	డభ	1	1.3225	3.1214
585	డై	1	1.3225	3.1214
585	ఢీ	1	1.3225	3.1214
585	ణd	1	1.3225	3.1214
585	ణఅ	1	1.3225	3.1214
585	ణఉ	1	1.3225	3.1214
585	ణఏ	1	1.3225	3.1214
585	ణఒ	1	1.3225	3.1214
585	ణట	1	1.3225	3.1214
585	ణభ	1	1.3225	3.1214
585	త-	1	1.3225	3.1214
585	తn	1	1.3225	3.1214
585	తః	1	1.3225	3.1214
585	తఏ	1	1.3225	3.1214
585	తథ	1	1.3225	3.1214
585	థగ	1	1.3225	3.1214
585	థద	1	1.3225	3.1214
585	ద-	1	1.3225	3.1214
585	దఇ	1	1.3225	3.1214
585	దఈ	1	1.3225	3.1214
585	దఎ	1	1.3225	3.1214
585	దఒ	1	1.3225	3.1214
585	దభ	1	1.3225	3.1214
585	దౌ	1	1.3225	3.1214
585	ధg	1	1.3225	3.1214
585	ధk	1	1.3225	3.1214
585	ధగ	1	1.3225	3.1214
585	ధశ	1	1.3225	3.1214
585	ధస	1	1.3225	3.1214
585	న'	1	1.3225	3.1214
585	న-	1	1.3225	3.1214
585	నa	1	1.3225	3.1214
585	నk	1	1.3225	3.1214
585	నm	1	1.3225	3.1214
585	నr	1	1.3225	3.1214
585	నధ	1	1.3225	3.1214
585	నఫ	1	1.3225	3.1214
585	నై	1	1.3225	3.1214
585	పఅ	1	1.3225	3.1214
585	పఇ	1	1.3225	3.1214
585	ఫస	1	1.3225	3.1214
585	బవ	1	1.3225	3.1214
585	భగ	1	1.3225	3.1214
585	భణ	1	1.3225	3.1214
585	భత	1	1.3225	3.1214
585	మm	1	1.3225	3.1214
585	మఇ	1	1.3225	3.1214
585	మభ	1	1.3225	3.1214
585	మష	1	1.3225	3.1214
585	మై	1	1.3225	3.1214
585	య'	1	1.3225	3.1214
585	యc	1	1.3225	3.1214
585	యఅ	1	1.3225	3.1214
585	యఆ	1	1.3225	3.1214
585	యఇ	1	1.3225	3.1214
585	యఈ	1	1.3225	3.1214
585	యథ	1	1.3225	3.1214
585	యఫ	1	1.3225	3.1214
585	రn	1	1.3225	3.1214
585	రళ	1	1.3225	3.1214
585	ఱు	1	1.3225	3.1214
585	ల-	1	1.3225	3.1214
585	లy	1	1.3225	3.1214
585	లz	1	1.3225	3.1214
585	లఎ	1	1.3225	3.1214
585	లఘ	1	1.3225	3.1214
585	లజ	1	1.3225	3.1214
585	లఫ	1	1.3225	3.1214
585	లష	1	1.3225	3.1214
585	లొ	1	1.3225	3.1214
585	ళమ	1	1.3225	3.1214
585	వm	1	1.3225	3.1214
585	వూ	1	1.3225	3.1214
585	వై	1	1.3225	3.1214
585	శప	1	1.3225	3.1214
585	శస	1	1.3225	3.1214
585	షడ	1	1.3225	3.1214
585	షఫ	1	1.3225	3.1214
585	షశ	1	1.3225	3.1214
585	సఉ	1	1.3225	3.1214
585	సఖ	1	1.3225	3.1214
585	సచ	1	1.3225	3.1214
585	సద	1	1.3225	3.1214
585	సై	1	1.3225	3.1214
585	హఫ	1	1.3225	3.1214
585	హభ	1	1.3225	3.1214
585	హహ	1	1.3225	3.1214
585	హై	1	1.3225	3.1214
585	హొ	1	1.3225	3.1214
585	ాe	1	1.3225	3.1214
585	ాf	1	1.3225	3.1214
585	ాl	1	1.3225	3.1214
585	ాp	1	1.3225	3.1214
585	ాs	1	1.3225	3.1214
585	ాt	1	1.3225	3.1214
585	ాy	1	1.3225	3.1214
585	ాz	1	1.3225	3.1214
585	ాఘ	1	1.3225	3.1214
585	ాఛ	1	1.3225	3.1214
585	ిb	1	1.3225	3.1214
585	ిe	1	1.3225	3.1214
585	ిj	1	1.3225	3.1214
585	ిl	1	1.3225	3.1214
585	ిo	1	1.3225	3.1214
585	ిr	1	1.3225	3.1214
585	ిt	1	1.3225	3.1214
585	ిv	1	1.3225	3.1214
585	ిw	1	1.3225	3.1214
585	ిy	1	1.3225	3.1214
585	ిz	1	1.3225	3.1214
585	ిఔ	1	1.3225	3.1214
585	ీa	1	1.3225	3.1214
585	ీg	1	1.3225	3.1214
585	ీi	1	1.3225	3.1214
585	ీt	1	1.3225	3.1214
585	ీఎ	1	1.3225	3.1214
585	ుc	1	1.3225	3.1214
585	ుe	1	1.3225	3.1214
585	ుf	1	1.3225	3.1214
585	ుo	1	1.3225	3.1214
585	ుy	1	1.3225	3.1214
585	ుz	1	1.3225	3.1214
585	ుఊ	1	1.3225	3.1214
585	ుఛ	1	1.3225	3.1214
585	ూ'	1	1.3225	3.1214
585	ూh	1	1.3225	3.1214
585	ూm	1	1.3225	3.1214
585	ూv	1	1.3225	3.1214
585	ూఒ	1	1.3225	3.1214
585	ృక	1	1.3225	3.1214
585	ృగ	1	1.3225	3.1214
585	ృఢ	1	1.3225	3.1214
585	ెm	1	1.3225	3.1214
585	ెఆ	1	1.3225	3.1214
585	ెఇ	1	1.3225	3.1214
585	ెఈ	1	1.3225	3.1214
585	ెఐ	1	1.3225	3.1214
585	ెహ	1	1.3225	3.1214
585	ెే	1	1.3225	3.1214
585	ేf	1	1.3225	3.1214
585	ేh	1	1.3225	3.1214
585	ేm	1	1.3225	3.1214
585	ేw	1	1.3225	3.1214
585	ేz	1	1.3225	3.1214
585	ేఈ	1	1.3225	3.1214
585	ేఏ	1	1.3225	3.1214
585	ేభ	1	1.3225	3.1214
585	ే్	1	1.3225	3.1214
585	ైమ	1	1.3225	3.1214
585	ొ$	1	1.3225	3.1214
585	ొఆ	1	1.3225	3.1214
585	ోa	1	1.3225	3.1214
585	ోb	1	1.3225	3.1214
585	ోl	1	1.3225	3.1214
585	ోm	1	1.3225	3.1214
585	ోs	1	1.3225	3.1214
585	ోt	1	1.3225	3.1214
585	ౌజ	1	1.3225	3.1214
585	ౌద	1	1.3225	3.1214
585	ౌమ	1	1.3225	3.1214
585	్g	1	1.3225	3.1214
585	్k	1	1.3225	3.1214
585	్o	1	1.3225	3.1214
585	్u	1	1.3225	3.1214
585	్v	1	1.3225	3.1214
585	్y	1	1.3225	3.1214
585	్ఔ	1	1.3225	3.1214
585	ౖఖ	1	1.3225	3.1214
585	ౖచ	1	1.3225	3.1214
