Rank	Bigram	Frequency	Frequency per million	Zipf value
1	ë$	4537357	47164.8382	7.6736
2	e$	3167096	32921.2734	7.5175
3	^t	2271706	23613.8893	7.3732
4	të	2141510	22260.5302	7.3475
5	sh	1879698	19539.0515	7.2909
6	i$	1791719	18624.5289	7.2701
7	^n	1715022	17827.2803	7.2511
8	a$	1650284	17154.3429	7.2344
9	^m	1588616	16513.3175	7.2178
10	^p	1512033	15717.2539	7.1964
11	^d	1508962	15685.3315	7.1955
12	^k	1480870	15393.3213	7.1873
13	^s	1276683	13270.8418	7.1229
14	o$	1130616	11752.5072	7.0701
15	r$	1053031	10946.028	7.0393
16	t$	949277	9867.5278	6.9942
17	^e	928353	9650.0273	6.9845
18	n$	901414	9370.0023	6.9717
19	je	896563	9319.5772	6.9694
20	në	887802	9228.5085	6.9651
21	he	872161	9065.9237	6.9574
22	ar	819079	8514.1479	6.9301
23	nd	793566	8248.9458	6.9164
24	ër	783379	8143.0542	6.9108
25	et	756401	7862.6237	6.8956
26	^a	745193	7746.119	6.8891
27	ht	725711	7543.6079	6.8776
28	te	692250	7195.788	6.8571
29	^j	690870	7181.4432	6.8562
30	ës	670359	6968.2359	6.8431
31	do	639480	6647.2554	6.8226
32	rë	617060	6414.2044	6.8071
33	m$	608219	6322.3041	6.8009
34	ri	606078	6300.0489	6.7993
35	me	602053	6258.2099	6.7965
36	en	601963	6257.2743	6.7964
37	më	583961	6070.1475	6.7832
38	er	571635	5942.0214	6.7739
39	re	556153	5781.0894	6.762
40	in	533436	5544.9511	6.7439
41	^i	531596	5525.8247	6.7424
42	it	520891	5414.5485	6.7336
43	^v	518145	5386.0045	6.7313
44	mi	517899	5383.4474	6.7311
45	^b	513426	5336.9515	6.7273
46	jë	507465	5274.9882	6.7222
47	on	506740	5267.452	6.7216
48	dh	503247	5231.143	6.7186
49	ta	502358	5221.902	6.7178
50	ka	502080	5219.0123	6.7176
51	es	494743	5142.7458	6.7112
52	nj	487097	5063.2673	6.7044
53	ur	481972	5009.994	6.6998
54	at	477973	4968.4253	6.6962
55	ti	474908	4936.5653	6.6934
56	po	474337	4930.6298	6.6929
57	ja	473468	4921.5968	6.6921
58	u$	472194	4908.3538	6.6909
59	un	467180	4856.2344	6.6863
60	ni	466810	4852.3883	6.686
61	ua	457085	4751.2991	6.6768
62	ku	447613	4652.8397	6.6677
63	k$	446047	4636.5615	6.6662
64	se	444928	4624.9297	6.6651
65	gj	439478	4568.2781	6.6598
66	pë	432433	4495.0469	6.6527
67	an	432087	4491.4503	6.6524
68	^q	426366	4431.9817	6.6466
69	ra	425346	4421.3791	6.6456
70	j$	423562	4402.8348	6.6437
71	uk	414459	4308.2111	6.6343
72	h$	406676	4227.3085	6.6261
73	^g	403336	4192.5899	6.6225
74	oj	400810	4166.3327	6.6198
75	^f	399845	4156.3017	6.6187
76	ën	397949	4136.5932	6.6166
77	as	390561	4059.7966	6.6085
78	di	387046	4023.2589	6.6046
79	si	382836	3979.4969	6.5998
80	is	382536	3976.3784	6.5995
81	kë	382188	3972.7611	6.5991
82	jo	379601	3945.8698	6.5961
83	im	365501	3799.3033	6.5797
84	th	364947	3793.5446	6.579
85	em	354920	3689.3161	6.5669
86	ke	350884	3647.3628	6.562
87	nu	346667	3603.528	6.5567
88	ko	345641	3592.8629	6.5554
89	rr	341283	3547.5625	6.5499
90	s$	341179	3546.4814	6.5498
91	pa	331273	3443.5107	6.537
92	^l	326845	3397.4826	6.5312
93	or	321897	3346.0492	6.5245
94	tu	317973	3305.2601	6.5192
95	ll	310438	3226.9354	6.5088
96	^ë	309638	3218.6196	6.5077
97	al	307327	3194.5973	6.5044
98	që	306753	3188.6307	6.5036
99	ët	300051	3118.9648	6.494
100	aj	299105	3109.1314	6.4926
101	ve	298170	3099.4122	6.4913
102	^u	296540	3082.4687	6.4889
103	du	290103	3015.5575	6.4794
104	de	289751	3011.8986	6.4788
105	ma	284159	2953.7709	6.4704
106	hu	283891	2950.9851	6.47
107	am	278499	2894.9365	6.4616
108	to	273963	2847.7857	6.4545
109	^r	259982	2702.4563	6.4318
110	fa	259711	2699.6393	6.4313
111	ir	257443	2676.0639	6.4275
112	li	252858	2628.4039	6.4197
113	ne	249666	2595.2237	6.4142
114	ro	246899	2566.4614	6.4093
115	le	244906	2545.7446	6.4058
116	hi	244826	2544.913	6.4057
117	mu	244388	2540.3601	6.4049
118	ik	241401	2509.3108	6.3996
119	ha	238351	2477.6068	6.394
120	ej	234914	2441.8799	6.3877
121	^h	233485	2427.0257	6.3851
122	hë	232384	2415.5811	6.383
123	os	226625	2355.7175	6.3721
124	^ç	223923	2327.6308	6.3669
125	ng	210838	2191.6151	6.3408
126	pr	205084	2131.8035	6.3287
127	bë	202564	2105.6087	6.3234
128	la	201265	2092.1059	6.3206
129	oh	197892	2057.0443	6.3132
130	d$	197841	2056.5141	6.3131
131	ak	192674	2002.8043	6.3016
132	mb	187379	1947.7639	6.2895
133	ga	186453	1938.1383	6.2874
134	^z	185281	1925.9557	6.2846
135	ot	176240	1831.9764	6.2629
136	ba	176199	1831.5502	6.2628
137	rt	174986	1818.9414	6.2598
138	ji	173588	1804.4095	6.2563
139	mo	167228	1738.2987	6.2401
140	ju	165873	1724.2137	6.2366
141	sa	162877	1693.071	6.2287
142	tr	161855	1682.4475	6.2259
143	hk	159295	1655.8368	6.219
144	na	156205	1623.717	6.2105
145	um	155291	1614.2161	6.208
146	l$	154820	1609.3202	6.2066
147	qe	154772	1608.8212	6.2065
148	ek	151840	1578.3437	6.1982
149	st	150396	1563.3337	6.1941
150	lo	149235	1551.2653	6.1907
151	da	148903	1547.8143	6.1897
152	pe	148634	1545.0181	6.1889
153	ëm	147662	1534.9143	6.1861
154	nt	143546	1492.1294	6.1738
155	lu	140096	1456.2674	6.1632
156	ho	137484	1429.1162	6.1551
157	y$	136370	1417.5365	6.1515
158	il	136114	1414.8754	6.1507
159	dë	136069	1414.4076	6.1506
160	us	135816	1411.7778	6.1498
161	gu	134330	1396.3311	6.145
162	uh	134058	1393.5037	6.1441
163	ul	133817	1390.9986	6.1433
164	ap	133038	1382.901	6.1408
165	dr	131603	1367.9845	6.1361
166	pi	130168	1353.068	6.1313
167	lë	127051	1320.6675	6.1208
168	ij	125274	1302.196	6.1147
169	el	124795	1297.2169	6.113
170	so	122809	1276.5728	6.106
171	ai	121196	1259.806	6.1003
172	tj	118709	1233.9542	6.0913
173	ru	117477	1221.1478	6.0868
174	së	116994	1216.1272	6.085
175	çf	115432	1199.8905	6.0791
176	ki	113375	1178.5084	6.0713
177	jt	112076	1165.0056	6.0663
178	eg	111670	1160.7853	6.0648
179	^o	109207	1135.183	6.0551
180	va	107753	1120.069	6.0492
181	jm	104956	1090.9948	6.0378
182	ut	104242	1083.5729	6.0349
183	vi	103777	1078.7393	6.0329
184	kj	103586	1076.7539	6.0321
185	kt	102611	1066.619	6.028
186	zo	102237	1062.7314	6.0264
187	ol	102073	1061.0266	6.0257
188	bi	98853	1027.5554	6.0118
189	be	97822	1016.8384	6.0073
190	hm	97185	1010.2169	6.0044
191	ty	96675	1004.9156	6.0021
192	bu	95608	993.8243	5.9973
193	ed	91873	954.9998	5.98
194	go	91844	954.6984	5.9799
195	^c	89545	930.8008	5.9689
196	ia	86971	904.0446	5.9562
197	fi	86744	901.685	5.9551
198	eq	85248	886.1344	5.9475
199	ep	85010	883.6604	5.9463
200	dj	84595	879.3466	5.9442
201	rd	83829	871.3842	5.9402
202	rs	83304	865.9269	5.9375
203	pu	81995	852.3202	5.9306
204	om	79327	824.5869	5.9162
205	vë	78834	819.4623	5.9135
206	q$	78823	819.3479	5.9135
207	rg	78251	813.4021	5.9103
208	br	76414	794.3069	5.9
209	zi	76178	791.8537	5.8986
210	ok	74698	776.4694	5.8901
211	ëj	72975	758.5592	5.88
212	ci	72756	756.2828	5.8787
213	hp	71649	744.7758	5.872
214	io	71580	744.0585	5.8716
215	su	70875	736.7302	5.8673
216	id	69748	725.0153	5.8603
217	ad	69680	724.3084	5.8599
218	ps	69152	718.82	5.8566
219	kr	68944	716.6579	5.8553
220	fu	68345	710.4314	5.8515
221	ël	67363	700.2237	5.8452
222	s'	67359	700.1821	5.8452
223	yr	67180	698.3215	5.8441
224	ig	66990	696.3465	5.8428
225	od	66463	690.8684	5.8394
226	vo	65888	684.8914	5.8356
227	ov	65693	682.8644	5.8343
228	rk	65686	682.7917	5.8343
229	jn	64947	675.1099	5.8294
230	eh	61494	639.2167	5.8056
231	ev	61064	634.747	5.8026
232	fo	60476	628.6349	5.7984
233	rm	59841	622.0342	5.7938
234	ab	59759	621.1818	5.7932
235	no	59308	616.4937	5.7899
236	af	58350	606.5355	5.7829
237	xh	58069	603.6146	5.7808
238	gr	58038	603.2924	5.7805
239	çk	57550	598.2197	5.7769
240	ye	55344	575.2888	5.7599
241	ih	55250	574.3117	5.7591
242	t'	54137	562.7423	5.7503
243	ëh	54042	561.7548	5.7495
244	hj	53811	559.3536	5.7477
245	gë	53057	551.516	5.7416
246	iz	52901	549.8944	5.7403
247	qi	52098	541.5474	5.7336
248	ft	51371	533.9904	5.7275
249	up	51013	530.269	5.7245
250	av	50811	528.1693	5.7228
251	ks	49877	518.4606	5.7147
252	ëz	48088	499.8643	5.6989
253	vj	47993	498.8768	5.698
254	aq	47890	497.8061	5.6971
255	dy	47689	495.7168	5.6952
256	uj	47232	490.9664	5.6911
257	ie	47052	489.0953	5.6894
258	bo	46404	482.3595	5.6834
259	vr	46395	482.2659	5.6833
260	ez	45613	474.1372	5.6759
261	yt	45134	469.1581	5.6713
262	az	44963	467.3806	5.6697
263	fe	44743	465.0937	5.6675
264	fl	44149	458.9192	5.6617
265	sk	44126	458.6802	5.6615
266	pl	43648	453.7115	5.6568
267	ag	42105	437.6723	5.6411
268	ue	41714	433.6079	5.6371
269	fr	41557	431.976	5.6355
270	ze	40467	420.6457	5.6239
271	p$	39776	413.4629	5.6164
272	^x	39704	412.7144	5.6156
273	iç	39458	410.1573	5.613
274	zh	39441	409.9806	5.6128
275	vd	38760	402.9018	5.6052
276	ob	38695	402.2261	5.6045
277	bl	38538	400.5941	5.6027
278	og	38519	400.3966	5.6025
279	oi	38355	398.6919	5.6006
280	z$	38352	398.6607	5.6006
281	ic	38295	398.0682	5.6
282	ry	37200	386.6859	5.5874
283	pt	36542	379.8461	5.5796
284	ëv	36401	378.3805	5.5779
285	ys	36300	377.3306	5.5767
286	zë	35799	372.1228	5.5707
287	za	34999	363.807	5.5609
288	'i	34643	360.1064	5.5564
289	mj	34427	357.8612	5.5537
290	ëp	33625	349.5246	5.5435
291	ëg	33404	347.2273	5.5406
292	jd	33325	346.4061	5.5396
293	g$	33190	345.0028	5.5378
294	ky	33129	344.3687	5.537
295	ud	33103	344.0985	5.5367
296	iq	32667	339.5664	5.5309
297	sn	32132	334.0051	5.5238
298	ns	31275	325.0968	5.512
299	ef	31159	323.891	5.5104
300	op	30524	317.2903	5.5015
301	ip	30431	316.3236	5.5001
302	iv	30300	314.9619	5.4983
303	sp	29680	308.5171	5.4893
304	mr	29365	305.2428	5.4846
305	ca	28944	300.8666	5.4784
306	of	28377	294.9727	5.4698
307	^y	27982	290.8668	5.4637
308	rp	27855	289.5467	5.4617
309	sj	27813	289.1101	5.4611
310	fë	26322	273.6115	5.4371
311	ce	26249	272.8526	5.4359
312	nk	25241	262.3747	5.4189
313	ac	25203	261.9797	5.4183
314	hy	25135	261.2729	5.4171
315	'k	25113	261.0442	5.4167
316	ah	24930	259.1419	5.4135
317	nc	24817	257.9673	5.4116
318	ç'	24797	257.7594	5.4112
319	ge	24653	256.2626	5.4087
320	pj	24436	254.0069	5.4048
321	mt	24431	253.9549	5.4048
322	fs	24058	250.0777	5.3981
323	rj	23446	243.7161	5.3869
324	ug	23396	243.1963	5.386
325	oz	22874	237.7703	5.3762
326	au	22633	235.2651	5.3716
327	lq	22620	235.13	5.3713
328	iu	22550	234.4023	5.37
329	uf	22462	233.4876	5.3683
330	rn	22341	232.2298	5.3659
331	zg	21939	228.0511	5.358
332	sg	21928	227.9368	5.3578
333	qu	21650	225.047	5.3523
334	mp	21504	223.5294	5.3493
335	lj	20844	216.6688	5.3358
336	sy	20705	215.224	5.3329
337	if	20301	211.0245	5.3243
338	cë	20150	209.4549	5.3211
339	rv	20146	209.4133	5.321
340	rb	20094	208.8728	5.3199
341	hd	19967	207.5526	5.3171
342	ec	19894	206.7938	5.3155
343	kl	19723	205.0163	5.3118
344	by	19600	203.7377	5.3091
345	zu	19554	203.2596	5.3081
346	nx	19544	203.1556	5.3078
347	jz	19139	198.9457	5.2987
348	çd	18321	190.4428	5.2798
349	hq	18315	190.3804	5.2796
350	rc	18194	189.1227	5.2767
351	qy	17902	186.0874	5.2697
352	rf	17645	183.4159	5.2634
353	ei	17345	180.2975	5.256
354	qa	17307	179.9025	5.255
355	ck	17294	179.7674	5.2547
356	'd	17187	178.6551	5.252
357	py	17082	177.5637	5.2494
358	ça	16877	175.4327	5.2441
359	tm	16849	175.1417	5.2434
360	'j	16647	173.0419	5.2382
361	jy	16495	171.4619	5.2342
362	ts	16461	171.1085	5.2333
363	ea	16434	170.8279	5.2326
364	lm	16400	170.4744	5.2317
365	'm	15995	166.2645	5.2208
366	yl	15778	164.0089	5.2149
367	uz	15766	163.8841	5.2145
368	gi	15370	159.7678	5.2035
369	ç$	15215	158.1566	5.1991
370	fj	15181	157.8032	5.1981
371	ny	14981	155.7242	5.1924
372	hn	14337	149.03	5.1733
373	cf	14204	147.6475	5.1692
374	ln	14189	147.4916	5.1688
375	js	13976	145.2775	5.1622
376	co	13706	142.4709	5.1537
377	ou	13488	140.2048	5.1468
378	lt	13324	138.5001	5.1415
379	ii	12944	134.5501	5.1289
380	hç	12819	133.2507	5.1247
381	oq	12768	132.7206	5.1229
382	rl	12528	130.2258	5.1147
383	ch	12500	129.9348	5.1137
384	c$	12286	127.7103	5.1062
385	f$	12082	125.5898	5.099
386	eç	11895	123.6459	5.0922
387	ui	11856	123.2405	5.0908
388	ls	11606	120.6418	5.0815
389	zb	11499	119.5296	5.0775
390	çm	11460	119.1242	5.076
391	^w	11445	118.9683	5.0754
392	b$	11414	118.646	5.0743
393	sm	11111	115.4964	5.0626
394	eu	10684	111.0579	5.0455
395	ëd	10648	110.6836	5.0441
396	çe	10524	109.3947	5.039
397	uq	10281	106.8688	5.0289
398	ib	10253	106.5777	5.0277
399	nf	9869	102.5861	5.0111
400	qo	9688	100.7047	5.003
401	rh	9578	99.5612	4.9981
402	xi	9574	99.5196	4.9979
403	yn	9445	98.1787	4.992
404	zj	9334	97.0249	4.9869
405	'ë	9189	95.5177	4.9801
406	ub	9181	95.4345	4.9797
407	oo	9122	94.8212	4.9769
408	bj	9112	94.7173	4.9764
409	ço	9005	93.605	4.9713
410	oc	8864	92.1394	4.9644
411	gl	8832	91.8067	4.9629
412	v$	8823	91.7132	4.9624
413	zn	8716	90.6009	4.9571
414	lk	8492	88.2725	4.9458
415	çi	8486	88.2101	4.9455
416	çu	8277	86.0376	4.9347
417	vu	8199	85.2268	4.9306
418	rz	8164	84.863	4.9287
419	vl	8145	84.6655	4.9277
420	nn	7822	81.308	4.9101
421	eb	7477	77.7218	4.8905
422	ex	7447	77.4099	4.8888
423	ld	7367	76.5784	4.8841
424	eo	7281	75.6844	4.879
425	yj	7218	75.0295	4.8752
426	ss	7154	74.3643	4.8714
427	fy	7031	73.0857	4.8638
428	'e	6924	71.9735	4.8572
429	'u	6917	71.9007	4.8567
430	ëk	6704	69.6866	4.8431
431	uc	6549	68.0754	4.833
432	ym	6506	67.6285	4.8301
433	xo	6458	67.1295	4.8269
434	lb	6377	66.2875	4.8214
435	ds	6340	65.9029	4.8189
436	ms	6334	65.8406	4.8185
437	jk	6172	64.1566	4.8072
438	ey	6103	63.4394	4.8024
439	ee	6035	62.7325	4.7975
440	ëq	5828	60.5808	4.7823
441	't	5823	60.5288	4.782
442	ly	5771	59.9883	4.7781
443	zy	5659	58.8241	4.7696
444	qj	5516	57.3376	4.7584
445	ay	5468	56.8387	4.7546
446	hs	5458	56.7347	4.7538
447	ae	5420	56.3397	4.7508
448	-i	5385	55.9759	4.748
448	hf	5385	55.9759	4.748
449	rx	5196	54.0113	4.7325
450	mm	5124	53.2629	4.7264
451	tn	5113	53.1485	4.7255
452	kn	5075	52.7535	4.7223
453	ax	5065	52.6496	4.7214
454	yq	5053	52.5248	4.7204
455	w$	5035	52.3377	4.7188
456	kz	4895	50.8825	4.7066
457	i-	4889	50.8201	4.706
458	'p	4837	50.2796	4.7014
459	tt	4827	50.1756	4.7005
460	yo	4798	49.8742	4.6979
461	wa	4782	49.7078	4.6964
462	ux	4717	49.0322	4.6905
463	pn	4709	48.949	4.6897
464	yp	4630	48.1278	4.6824
465	zv	4604	47.8576	4.68
466	tl	4582	47.6289	4.6779
467	xj	4535	47.1403	4.6734
468	aç	4530	47.0884	4.6729
469	çë	4525	47.0364	4.6724
470	uv	4504	46.8181	4.6704
471	cu	4426	46.0073	4.6628
472	-s	4375	45.4772	4.6578
473	zm	4249	44.1674	4.6451
474	sf	4174	43.3878	4.6374
475	hr	4153	43.1695	4.6352
476	jv	4099	42.6082	4.6295
477	aa	4005	41.6311	4.6194
478	yk	4002	41.5999	4.6191
479	oe	3969	41.2569	4.6155
480	sl	3966	41.2257	4.6152
481	oa	3956	41.1218	4.6141
482	bs	3898	40.5189	4.6077
483	mn	3893	40.4669	4.6071
483	ow	3893	40.4669	4.6071
484	rq	3861	40.1343	4.6035
485	nz	3792	39.417	4.5957
486	a-	3701	38.4711	4.5851
487	-t	3643	37.8682	4.5783
488	nq	3592	37.3381	4.5722
489	qk	3547	36.8703	4.5667
490	'f	3475	36.1219	4.5578
491	qt	3461	35.9763	4.556
492	uo	3399	35.3319	4.5482
493	wi	3332	34.6354	4.5395
494	km	3273	34.0221	4.5318
495	lf	3213	33.3984	4.5237
496	nç	3211	33.3776	4.5235
497	ox	3190	33.1594	4.5206
498	jl	3185	33.1074	4.5199
499	xe	3182	33.0762	4.5195
500	'a	3138	32.6188	4.5135
501	nv	3114	32.3694	4.5101
502	jf	3044	31.6417	4.5003
503	jr	3028	31.4754	4.498
504	-n	2999	31.174	4.4938
504	hg	2999	31.174	4.4938
505	hv	2995	31.1324	4.4932
506	c'	2970	30.8725	4.4896
506	ië	2970	30.8725	4.4896
507	dn	2918	30.332	4.4819
508	x$	2875	29.885	4.4755
509	ao	2844	29.5628	4.4707
510	cd	2817	29.2821	4.4666
511	ix	2791	29.0118	4.4626
512	we	2778	28.8767	4.4605
513	ëf	2765	28.7416	4.4585
514	gt	2734	28.4193	4.4536
515	cm	2685	27.91	4.4458
516	lv	2675	27.806	4.4441
517	^'	2646	27.5046	4.4394
518	nr	2628	27.3175	4.4364
519	gs	2626	27.2967	4.4361
519	n-	2626	27.2967	4.4361
520	my	2616	27.1928	4.4345
521	sc	2584	26.8601	4.4291
522	e-	2563	26.6418	4.4256
523	tk	2549	26.4963	4.4232
524	tv	2540	26.4027	4.4216
525	's	2538	26.382	4.4213
526	dm	2510	26.0909	4.4165
527	sd	2478	25.7583	4.4109
528	m'	2464	25.6127	4.4085
529	ya	2462	25.592	4.4081
530	gh	2455	25.5192	4.4069
531	cl	2339	24.3134	4.3858
532	ew	2218	23.0556	4.3628
533	sq	2193	22.7958	4.3579
534	ëi	2137	22.2136	4.3466
535	'n	2106	21.8914	4.3403
536	hh	2086	21.6835	4.3361
537	o-	2085	21.6731	4.3359
538	'b	2061	21.4236	4.3309
539	tz	2038	21.1846	4.326
540	qf	2036	21.1638	4.3256
541	ff	2033	21.1326	4.325
542	ph	2014	20.9351	4.3209
543	ëb	1968	20.4569	4.3108
544	dd	1964	20.4154	4.31
545	cj	1935	20.1139	4.3035
546	qn	1920	19.958	4.3001
547	wo	1916	19.9164	4.2992
548	oç	1910	19.854	4.2978
549	r-	1846	19.1888	4.283
550	wh	1816	18.8769	4.2759
551	sv	1790	18.6067	4.2697
552	lp	1761	18.3052	4.2626
553	uç	1739	18.0765	4.2571
554	t-	1701	17.6815	4.2475
555	fb	1699	17.6607	4.247
556	xu	1668	17.3385	4.239
557	gn	1652	17.1722	4.2348
558	bb	1625	16.8915	4.2277
559	yv	1583	16.4549	4.2163
560	-j	1570	16.3198	4.2127
561	ë-	1564	16.2574	4.2111
562	qs	1548	16.0911	4.2066
563	hc	1541	16.0184	4.2046
564	'$	1538	15.9872	4.2038
565	cr	1529	15.8936	4.2012
566	nl	1506	15.6545	4.1946
567	hb	1501	15.6026	4.1932
568	sb	1499	15.5818	4.1926
569	i'	1497	15.561	4.192
570	-m	1485	15.4363	4.1885
571	h-	1458	15.1556	4.1806
572	l-	1411	14.667	4.1663
573	-u	1404	14.5943	4.1642
574	s-	1399	14.5423	4.1626
575	hl	1381	14.3552	4.157
576	ct	1380	14.3448	4.1567
577	lg	1375	14.2928	4.1551
577	tb	1375	14.2928	4.1551
578	oy	1349	14.0226	4.1468
579	-h	1331	13.8355	4.141
580	aw	1302	13.534	4.1314
580	k-	1302	13.534	4.1314
581	-a	1296	13.4716	4.1294
582	lc	1292	13.4301	4.1281
583	uu	1270	13.2014	4.1206
584	zd	1267	13.1702	4.1196
585	dl	1259	13.087	4.1168
586	-k	1216	12.6401	4.1018
587	gd	1182	12.2866	4.0894
588	m-	1178	12.2451	4.088
589	yz	1172	12.1827	4.0857
590	pp	1155	12.006	4.0794
591	nh	1134	11.7877	4.0714
592	cy	1130	11.7461	4.0699
593	yi	1124	11.6837	4.0676
594	-d	1107	11.507	4.061
595	gg	1101	11.4447	4.0586
596	y-	1099	11.4239	4.0578
597	yf	1066	11.0808	4.0446
598	zt	1062	11.0393	4.0429
599	o'	1058	10.9977	4.0413
600	nb	1056	10.9769	4.0405
601	yh	1055	10.9665	4.0401
602	jp	1050	10.9145	4.038
603	dt	1047	10.8833	4.0368
603	ëe	1047	10.8833	4.0368
604	n'	1045	10.8625	4.0359
605	yç	1043	10.8418	4.0351
606	rç	1041	10.821	4.0343
607	-p	1033	10.7378	4.0309
608	mc	1014	10.5403	4.0229
609	tc	1007	10.4675	4.0198
610	tp	1003	10.426	4.0181
611	'l	969	10.0725	4.0031
612	ëa	967	10.0518	4.0022
613	-b	957	9.9478	3.9977
614	cn	947	9.8439	3.9932
615	yu	946	9.8335	3.9927
616	yd	945	9.8231	3.9922
617	kh	940	9.7711	3.9899
618	d-	929	9.6568	3.9848
619	dg	922	9.584	3.9815
620	kp	911	9.4696	3.9763
621	g-	896	9.3137	3.9691
621	gz	896	9.3137	3.9691
622	td	893	9.2825	3.9677
623	dv	866	9.0019	3.9543
624	qm	838	8.7108	3.9401
625	jj	826	8.5861	3.9338
626	çl	820	8.5237	3.9306
627	mz	814	8.4614	3.9274
628	-l	813	8.451	3.9269
629	sr	807	8.3886	3.9237
630	çs	803	8.347	3.9215
631	u-	802	8.3366	3.921
632	mv	798	8.295	3.9188
633	-v	788	8.1911	3.9133
633	ëë	788	8.1911	3.9133
634	cc	782	8.1287	3.91
634	tw	782	8.1287	3.91
635	fk	777	8.0767	3.9072
636	lr	776	8.0664	3.9067
637	tf	772	8.0248	3.9044
638	wn	767	7.9728	3.9016
639	mf	763	7.9312	3.8993
640	lh	753	7.8273	3.8936
641	tą	715	7.4323	3.8711
642	-e	712	7.4011	3.8693
643	ąą	710	7.3803	3.8681
644	gm	700	7.2763	3.8619
645	jq	698	7.2556	3.8607
646	zr	696	7.2348	3.8594
647	e'	693	7.2036	3.8575
648	-g	688	7.1516	3.8544
649	xë	681	7.0788	3.85
650	'r	680	7.0685	3.8493
651	kg	678	7.0477	3.848
652	ml	666	6.9229	3.8403
653	fq	665	6.9125	3.8396
654	kk	658	6.8398	3.835
655	jb	628	6.5279	3.8148
656	ws	614	6.3824	3.805
657	kd	609	6.3304	3.8014
658	lz	602	6.2577	3.7964
659	oë	597	6.2057	3.7928
660	-r	596	6.1953	3.7921
661	-f	593	6.1641	3.7899
662	p-	588	6.1121	3.7862
663	gy	582	6.0498	3.7817
664	sw	560	5.8211	3.765
665	'v	557	5.7899	3.7627
666	a'	551	5.7275	3.758
666	xa	551	5.7275	3.758
666	zl	551	5.7275	3.758
667	gb	550	5.7171	3.7572
668	zz	544	5.6548	3.7524
669	-o	533	5.5404	3.7435
670	md	503	5.2286	3.7184
671	ëu	500	5.1974	3.7158
672	np	490	5.0934	3.707
673	gf	487	5.0623	3.7043
674	pm	485	5.0415	3.7026
675	kq	484	5.0311	3.7017
676	mh	479	4.9791	3.6972
677	vs	476	4.9479	3.6944
678	eë	475	4.9375	3.6935
679	u'	457	4.7504	3.6767
680	qv	456	4.74	3.6758
680	wr	456	4.74	3.6758
681	nm	451	4.688	3.671
682	bn	445	4.6257	3.6652
683	vy	439	4.5633	3.6593
684	qd	438	4.5529	3.6583
685	d'	436	4.5321	3.6563
686	lx	435	4.5217	3.6553
687	fg	429	4.4594	3.6493
688	gp	428	4.449	3.6483
689	v-	421	4.3762	3.6411
690	b-	419	4.3554	3.639
691	db	415	4.3138	3.6349
692	yb	413	4.293	3.6328
693	-c	410	4.2619	3.6296
693	bt	410	4.2619	3.6296
694	dw	409	4.2515	3.6285
695	jg	401	4.1683	3.62
696	-ë	397	4.1267	3.6156
697	ąi	395	4.1059	3.6134
698	aë	394	4.0955	3.6123
698	lç	394	4.0955	3.6123
699	é$	391	4.0644	3.609
700	kv	374	3.8876	3.5897
701	^ą	373	3.8773	3.5885
702	dc	372	3.8669	3.5874
702	kf	372	3.8669	3.5874
703	çp	362	3.7629	3.5755
704	gk	361	3.7525	3.5743
705	ą$	358	3.7213	3.5707
706	fm	356	3.7005	3.5683
707	yc	355	3.6901	3.567
708	zs	354	3.6798	3.5658
709	jç	351	3.6486	3.5621
710	yg	349	3.6278	3.5596
711	iy	344	3.5758	3.5534
712	tç	343	3.5654	3.5521
713	df	340	3.5342	3.5483
714	'g	337	3.503	3.5444
715	kb	336	3.4926	3.5431
716	mk	334	3.4719	3.5406
716	tg	334	3.4719	3.5406
717	nw	331	3.4407	3.5366
718	cs	330	3.4303	3.5353
719	kc	323	3.3575	3.526
720	pk	320	3.3263	3.522
721	bd	319	3.3159	3.5206
722	uy	307	3.1912	3.504
723	tq	306	3.1808	3.5025
724	j-	305	3.1704	3.5011
725	ëç	304	3.16	3.4997
726	bm	298	3.0976	3.491
727	xt	292	3.0353	3.4822
728	pd	291	3.0249	3.4807
729	-z	290	3.0145	3.4792
729	yw	290	3.0145	3.4792
730	çą	289	3.0041	3.4777
731	dk	287	2.9833	3.4747
732	çr	286	2.9729	3.4732
733	çt	283	2.9417	3.4686
734	gw	279	2.9001	3.4624
735	c-	273	2.8378	3.453
736	cp	264	2.7442	3.4384
736	xx	264	2.7442	3.4384
737	uë	262	2.7234	3.4351
738	bk	257	2.6715	3.4268
739	š$	255	2.6507	3.4234
740	ëo	253	2.6299	3.4199
741	wy	249	2.5883	3.413
742	mç	248	2.5779	3.4113
743	'h	237	2.4636	3.3916
743	wl	237	2.4636	3.3916
744	kw	236	2.4532	3.3897
744	l'	236	2.4532	3.3897
745	jc	234	2.4324	3.386
746	zk	233	2.422	3.3842
747	jh	224	2.3284	3.3671
748	xl	221	2.2972	3.3612
749	wt	218	2.2661	3.3553
750	pc	215	2.2349	3.3493
750	rw	215	2.2349	3.3493
750	x-	215	2.2349	3.3493
751	pb	210	2.1829	3.339
752	z-	205	2.1309	3.3286
753	r'	203	2.1101	3.3243
754	'q	201	2.0894	3.32
755	hz	199	2.0686	3.3157
756	y'	196	2.0374	3.3091
757	xp	194	2.0166	3.3046
758	hw	189	1.9646	3.2933
759	f-	188	1.9542	3.291
760	^ă	187	1.9438	3.2887
761	'c	182	1.8919	3.2769
761	zp	182	1.8919	3.2769
762	çj	179	1.8607	3.2697
763	pf	176	1.8295	3.2623
764	ąj	175	1.8191	3.2599
765	mw	173	1.7983	3.2549
766	çn	171	1.7775	3.2498
767	jx	168	1.7463	3.2421
768	-ç	167	1.7359	3.2395
768	k'	167	1.7359	3.2395
768	št	167	1.7359	3.2395
769	cb	163	1.6943	3.229
770	-q	162	1.684	3.2263
771	fn	160	1.6632	3.2209
772	qr	158	1.6424	3.2155
773	bc	157	1.632	3.2127
774	bh	155	1.6112	3.2071
775	^š	154	1.6008	3.2043
776	xy	153	1.5904	3.2015
777	lw	152	1.58	3.1987
778	są	151	1.5696	3.1958
779	'o	150	1.5592	3.1929
780	aš	149	1.5488	3.19
781	fč	148	1.5384	3.1871
781	és	148	1.5384	3.1871
782	wc	147	1.528	3.1841
783	^č	146	1.5176	3.1812
784	mg	144	1.4968	3.1752
785	-x	143	1.4865	3.1722
786	ň$	141	1.4657	3.166
787	té	139	1.4449	3.1598
788	-y	138	1.4345	3.1567
788	gv	138	1.4345	3.1567
789	wu	137	1.4241	3.1535
790	kç	136	1.4137	3.1504
791	ąk	134	1.3929	3.1439
792	^é	130	1.3513	3.1308
792	h'	130	1.3513	3.1308
793	w-	129	1.3409	3.1274
794	tň	128	1.3305	3.124
795	č$	127	1.3201	3.1206
796	ě$	125	1.2993	3.1137
797	yë	123	1.2786	3.1067
798	j'	121	1.2578	3.0996
798	ww	121	1.2578	3.0996
798	zf	121	1.2578	3.0996
799	dp	120	1.2474	3.096
800	ë'	119	1.237	3.0924
801	ëc	118	1.2266	3.0887
802	fc	117	1.2162	3.085
803	çb	116	1.2058	3.0813
803	že	116	1.2058	3.0813
804	če	113	1.1746	3.0699
805	eš	112	1.1642	3.066
806	üh	111	1.1538	3.0621
807	fü	109	1.133	3.0542
808	cg	108	1.1226	3.0502
809	bw	105	1.0915	3.038
810	vn	103	1.0707	3.0297
811	qb	102	1.0603	3.0254
811	sz	102	1.0603	3.0254
812	iš	101	1.0499	3.0211
812	qp	101	1.0499	3.0211
813	'ç	100	1.0395	3.0168
814	pz	99	1.0291	3.0125
815	wm	98	1.0187	3.008
815	í$	98	1.0187	3.008
816	pw	96	0.9979	2.9991
817	će	95	0.9875	2.9945
818	q-	94	0.9771	2.9899
819	ąm	91	0.9459	2.9758
820	mx	89	0.9251	2.9662
820	ré	89	0.9251	2.9662
821	cq	87	0.9043	2.9563
822	ąa	84	0.8732	2.9411
823	sç	83	0.8628	2.9359
823	ón	83	0.8628	2.9359
823	ąë	83	0.8628	2.9359
824	pç	81	0.842	2.9253
825	ql	80	0.8316	2.9199
825	ëy	80	0.8316	2.9199
825	ąp	80	0.8316	2.9199
826	jw	79	0.8212	2.9144
827	-w	78	0.8108	2.9089
827	ož	78	0.8108	2.9089
828	né	77	0.8004	2.9033
828	wk	77	0.8004	2.9033
828	zç	77	0.8004	2.9033
829	vp	76	0.79	2.8976
830	ąu	75	0.7796	2.8919
831	q'	74	0.7692	2.886
832	dz	73	0.7588	2.8801
833	ăf	72	0.7484	2.8741
834	^â	71	0.738	2.8681
835	ş$	69	0.7172	2.8556
836	mq	68	0.7068	2.8493
837	cv	67	0.6965	2.8429
837	vv	67	0.6965	2.8429
838	fh	66	0.6861	2.8364
838	qw	66	0.6861	2.8364
839	^ć	64	0.6653	2.823
840	bg	63	0.6549	2.8162
841	g'	62	0.6445	2.8092
841	iw	62	0.6445	2.8092
841	pg	62	0.6445	2.8092
841	zx	62	0.6445	2.8092
842	eć	61	0.6341	2.8022
842	vt	61	0.6341	2.8022
843	mé	60	0.6237	2.795
843	ér	60	0.6237	2.795
844	bp	59	0.6133	2.7877
844	bz	59	0.6133	2.7877
844	vk	59	0.6133	2.7877
844	ąd	59	0.6133	2.7877
845	tx	57	0.5925	2.7727
845	vg	57	0.5925	2.7727
845	ąt	57	0.5925	2.7727
846	fd	56	0.5821	2.765
846	wp	56	0.5821	2.765
846	ću	56	0.5821	2.765
846	ţi	56	0.5821	2.765
847	^ž	54	0.5613	2.7492
847	dx	54	0.5613	2.7492
847	vc	54	0.5613	2.7492
848	^η	53	0.5509	2.7411
848	ič	53	0.5509	2.7411
848	wb	53	0.5509	2.7411
848	xm	53	0.5509	2.7411
849	dq	52	0.5405	2.7328
849	ëx	52	0.5405	2.7328
850	bf	51	0.5301	2.7244
850	eą	51	0.5301	2.7244
851	çg	50	0.5197	2.7158
851	çv	50	0.5197	2.7158
851	še	50	0.5197	2.7158
852	^ě	49	0.5093	2.707
852	^ˇ	49	0.5093	2.707
852	dě	49	0.5093	2.707
852	hé	49	0.5093	2.707
852	oć	49	0.5093	2.707
852	uš	49	0.5093	2.707
853	ąl	48	0.4989	2.698
854	xc	47	0.4886	2.689
854	ăa	47	0.4886	2.689
855	^î	46	0.4782	2.6796
855	ča	46	0.4782	2.6796
855	či	46	0.4782	2.6796
855	ži	46	0.4782	2.6796
856	^β	45	0.4678	2.6701
856	^ҫ	45	0.4678	2.6701
856	bv	45	0.4678	2.6701
856	fp	45	0.4678	2.6701
856	qh	45	0.4678	2.6701
856	zq	45	0.4678	2.6701
856	á$	45	0.4678	2.6701
856	ći	45	0.4678	2.6701
857	'z	44	0.4574	2.6603
857	wd	44	0.4574	2.6603
858	ođ	43	0.447	2.6503
858	čn	43	0.447	2.6503
859	zc	42	0.4366	2.6401
860	b'	41	0.4262	2.6296
860	áb	41	0.4262	2.6296
860	ąn	41	0.4262	2.6296
860	ša	41	0.4262	2.6296
861	vh	40	0.4158	2.6189
861	âş	40	0.4158	2.6189
861	íl	40	0.4158	2.6189
862	rí	39	0.4054	2.6079
862	sé	39	0.4054	2.6079
862	ď$	39	0.4054	2.6079
862	α$	39	0.4054	2.6079
863	ús	37	0.3846	2.585
863	ąs	37	0.3846	2.585
864	^ô	36	0.3742	2.5731
864	mó	36	0.3742	2.5731
864	p'	36	0.3742	2.5731
864	wf	36	0.3742	2.5731
865	rą	35	0.3638	2.5609
865	xb	35	0.3638	2.5609
866	eč	34	0.3534	2.5483
866	ně	34	0.3534	2.5483
866	ă'	34	0.3534	2.5483
866	čj	34	0.3534	2.5483
867	gq	33	0.343	2.5353
867	uč	33	0.343	2.5353
868	až	32	0.3326	2.5219
868	ić	32	0.3326	2.5219
868	pv	32	0.3326	2.5219
868	ún	32	0.3326	2.5219
868	ι$	32	0.3326	2.5219
869	ač	31	0.3222	2.5081
869	dú	31	0.3222	2.5081
869	ią	31	0.3222	2.5081
869	oš	31	0.3222	2.5081
869	yy	31	0.3222	2.5081
869	éa	31	0.3222	2.5081
870	^í	30	0.3118	2.4939
870	^α	30	0.3118	2.4939
870	ëą	30	0.3118	2.4939
870	ía	30	0.3118	2.4939
870	ču	30	0.3118	2.4939
871	mą	29	0.3014	2.4791
872	lí	28	0.2911	2.464
872	pé	28	0.2911	2.464
872	vw	28	0.2911	2.464
872	ít	28	0.2911	2.464
872	ă$	28	0.2911	2.464
872	ěn	28	0.2911	2.464
872	βi	28	0.2911	2.464
873	fá	27	0.2807	2.4482
873	gc	27	0.2807	2.4482
873	mě	27	0.2807	2.4482
873	ną	27	0.2807	2.4482
873	ín	27	0.2807	2.4482
874	^ę	26	0.2703	2.4318
874	^ε	26	0.2703	2.4318
874	^τ	26	0.2703	2.4318
874	eó	26	0.2703	2.4318
874	gç	26	0.2703	2.4318
874	oč	26	0.2703	2.4318
874	tí	26	0.2703	2.4318
874	uw	26	0.2703	2.4318
874	ć$	26	0.2703	2.4318
874	βά	26	0.2703	2.4318
875	aą	25	0.2599	2.4148
875	dé	25	0.2599	2.4148
875	vz	25	0.2599	2.4148
875	ća	25	0.2599	2.4148
875	čo	25	0.2599	2.4148
875	đa	25	0.2599	2.4148
875	šo	25	0.2599	2.4148
876	kx	24	0.2495	2.3971
876	ní	24	0.2495	2.3971
876	qq	24	0.2495	2.3971
876	xv	24	0.2495	2.3971
876	ąb	24	0.2495	2.3971
876	ďő	24	0.2495	2.3971
876	ε$	24	0.2495	2.3971
876	ηf	24	0.2495	2.3971
877	^ó	23	0.2391	2.3786
877	^ł	23	0.2391	2.3786
877	gü	23	0.2391	2.3786
877	ió	23	0.2391	2.3786
877	kí	23	0.2391	2.3786
877	rě	23	0.2391	2.3786
877	wz	23	0.2391	2.3786
877	ái	23	0.2391	2.3786
877	én	23	0.2391	2.3786
877	đi	23	0.2391	2.3786
877	ł$	23	0.2391	2.3786
877	ńo	23	0.2391	2.3786
877	ς$	23	0.2391	2.3786
878	^ĺ	22	0.2287	2.3593
878	^μ	22	0.2287	2.3593
878	ać	22	0.2287	2.3593
878	cw	22	0.2287	2.3593
878	îî	22	0.2287	2.3593
878	čk	22	0.2287	2.3593
878	ši	22	0.2287	2.3593
879	px	21	0.2183	2.3391
879	sú	21	0.2183	2.3391
879	sě	21	0.2183	2.3391
879	vx	21	0.2183	2.3391
879	zw	21	0.2183	2.3391
879	ét	21	0.2183	2.3391
880	eţ	20	0.2079	2.3179
880	ôď	20	0.2079	2.3179
880	ăk	20	0.2079	2.3179
880	čs	20	0.2079	2.3179
880	ĺ$	20	0.2079	2.3179
880	ο$	20	0.2079	2.3179
880	ё$	20	0.2079	2.3179
881	^κ	19	0.1975	2.2956
881	hă	19	0.1975	2.2956
881	jé	19	0.1975	2.2956
881	uć	19	0.1975	2.2956
881	v'	19	0.1975	2.2956
881	w'	19	0.1975	2.2956
881	ç-	19	0.1975	2.2956
881	ís	19	0.1975	2.2956
881	íá	19	0.1975	2.2956
881	ąg	19	0.1975	2.2956
882	nş	18	0.1871	2.2721
882	vf	18	0.1871	2.2721
882	vm	18	0.1871	2.2721
882	éo	18	0.1871	2.2721
882	óô	18	0.1871	2.2721
882	đe	18	0.1871	2.2721
882	ŕ$	18	0.1871	2.2721
883	ké	17	0.1767	2.2472
883	pq	17	0.1767	2.2472
883	qz	17	0.1767	2.2472
883	yx	17	0.1767	2.2472
883	ío	17	0.1767	2.2472
883	ün	17	0.1767	2.2472
883	ău	17	0.1767	2.2472
883	ńa	17	0.1767	2.2472
883	ά$	17	0.1767	2.2472
883	ου	17	0.1767	2.2472
884	^á	16	0.1663	2.2209
884	aţ	16	0.1663	2.2209
884	dá	16	0.1663	2.2209
884	ež	16	0.1663	2.2209
884	hx	16	0.1663	2.2209
884	iń	16	0.1663	2.2209
884	tě	16	0.1663	2.2209
884	wg	16	0.1663	2.2209
884	ąe	16	0.1663	2.2209
884	šk	16	0.1663	2.2209
884	šn	16	0.1663	2.2209
884	ҫu	16	0.1663	2.2209
885	^ď	15	0.1559	2.1928
885	cz	15	0.1559	2.1928
885	dí	15	0.1559	2.1928
885	iă	15	0.1559	2.1928
885	lă	15	0.1559	2.1928
885	tú	15	0.1559	2.1928
885	uí	15	0.1559	2.1928
885	wj	15	0.1559	2.1928
885	ăi	15	0.1559	2.1928
885	το	15	0.1559	2.1928
886	ađ	14	0.1455	2.1629
886	eń	14	0.1455	2.1629
886	fí	14	0.1455	2.1629
886	hí	14	0.1455	2.1629
886	lé	14	0.1455	2.1629
886	rč	14	0.1455	2.1629
886	sx	14	0.1455	2.1629
886	vé	14	0.1455	2.1629
886	án	14	0.1455	2.1629
886	ás	14	0.1455	2.1629
886	áí	14	0.1455	2.1629
886	ôi	14	0.1455	2.1629
886	ěm	14	0.1455	2.1629
886	αι	14	0.1455	2.1629
886	τα	14	0.1455	2.1629
887	^ş	13	0.1351	2.1307
887	^π	13	0.1351	2.1307
887	lě	13	0.1351	2.1307
887	qç	13	0.1351	2.1307
887	wv	13	0.1351	2.1307
887	xf	13	0.1351	2.1307
887	z'	13	0.1351	2.1307
887	áé	13	0.1351	2.1307
887	è$	13	0.1351	2.1307
887	ño	13	0.1351	2.1307
887	ór	13	0.1351	2.1307
887	ôé	13	0.1351	2.1307
887	ăo	13	0.1351	2.1307
887	ąz	13	0.1351	2.1307
887	ět	13	0.1351	2.1307
887	εί	13	0.1351	2.1307
887	ια	13	0.1351	2.1307
887	να	13	0.1351	2.1307
887	ҫk	13	0.1351	2.1307
888	^đ	12	0.1247	2.0959
888	^ż	12	0.1247	2.0959
888	^δ	12	0.1247	2.0959
888	aí	12	0.1247	2.0959
888	bx	12	0.1247	2.0959
888	cx	12	0.1247	2.0959
888	gx	12	0.1247	2.0959
888	lą	12	0.1247	2.0959
888	vb	12	0.1247	2.0959
888	vç	12	0.1247	2.0959
888	çh	12	0.1247	2.0959
888	ép	12	0.1247	2.0959
888	î$	12	0.1247	2.0959
888	îľ	12	0.1247	2.0959
888	ža	12	0.1247	2.0959
888	ει	12	0.1247	2.0959
888	κ$	12	0.1247	2.0959
888	με	12	0.1247	2.0959
888	ν$	12	0.1247	2.0959
889	^σ	11	0.1143	2.058
889	dç	11	0.1143	2.058
889	hč	11	0.1143	2.058
889	iţ	11	0.1143	2.058
889	oą	11	0.1143	2.058
889	tá	11	0.1143	2.058
889	tă	11	0.1143	2.058
889	už	11	0.1143	2.058
889	ëá	11	0.1143	2.058
889	în	11	0.1143	2.058
889	ăm	11	0.1143	2.058
889	ąc	11	0.1143	2.058
889	ąf	11	0.1143	2.058
889	ďé	11	0.1143	2.058
889	ďî	11	0.1143	2.058
889	đď	11	0.1143	2.058
889	ěi	11	0.1143	2.058
889	ő$	11	0.1143	2.058
889	šl	11	0.1143	2.058
889	ηk	11	0.1143	2.058
890	'č	10	0.1039	2.0166
890	aú	10	0.1039	2.0166
890	că	10	0.1039	2.0166
890	dž	10	0.1039	2.0166
890	fé	10	0.1039	2.0166
890	iη	10	0.1039	2.0166
890	ją	10	0.1039	2.0166
890	mí	10	0.1039	2.0166
890	rá	10	0.1039	2.0166
890	rš	10	0.1039	2.0166
890	ué	10	0.1039	2.0166
890	yą	10	0.1039	2.0166
890	zé	10	0.1039	2.0166
890	ém	10	0.1039	2.0166
890	ír	10	0.1039	2.0166
890	îż	10	0.1039	2.0166
890	úl	10	0.1039	2.0166
890	ăl	10	0.1039	2.0166
890	ąr	10	0.1039	2.0166
890	ěĺ	10	0.1039	2.0166
890	žn	10	0.1039	2.0166
890	ίν	10	0.1039	2.0166
890	ηd	10	0.1039	2.0166
890	στ	10	0.1039	2.0166
891	^ý	9	0.0936	1.9713
891	^ń	9	0.0936	1.9713
891	^ŕ	9	0.0936	1.9713
891	^γ	9	0.0936	1.9713
891	bq	9	0.0936	1.9713
891	bá	9	0.0936	1.9713
891	cá	9	0.0936	1.9713
891	iβ	9	0.0936	1.9713
891	rž	9	0.0936	1.9713
891	sí	9	0.0936	1.9713
891	x'	9	0.0936	1.9713
891	áô	9	0.0936	1.9713
891	â$	9	0.0936	1.9713
891	îš	9	0.0936	1.9713
891	ôá	9	0.0936	1.9713
891	ôç	9	0.0936	1.9713
891	üđ	9	0.0936	1.9713
891	ąv	9	0.0936	1.9713
891	ěa	9	0.0936	1.9713
891	ěs	9	0.0936	1.9713
891	žd	9	0.0936	1.9713
891	ηu	9	0.0936	1.9713
892	^ň	8	0.0832	1.9201
892	^ν	8	0.0832	1.9201
892	cé	8	0.0832	1.9201
892	eñ	8	0.0832	1.9201
892	f'	8	0.0832	1.9201
892	iđ	8	0.0832	1.9201
892	jí	8	0.0832	1.9201
892	lä	8	0.0832	1.9201
892	nё	8	0.0832	1.9201
892	qg	8	0.0832	1.9201
892	rö	8	0.0832	1.9201
892	tё	8	0.0832	1.9201
892	ví	8	0.0832	1.9201
892	xk	8	0.0832	1.9201
892	áó	8	0.0832	1.9201
892	éc	8	0.0832	1.9201
892	éh	8	0.0832	1.9201
892	év	8	0.0832	1.9201
892	ík	8	0.0832	1.9201
892	íü	8	0.0832	1.9201
892	îą	8	0.0832	1.9201
892	öm	8	0.0832	1.9201
892	ör	8	0.0832	1.9201
892	ür	8	0.0832	1.9201
892	ăá	8	0.0832	1.9201
892	ęá	8	0.0832	1.9201
892	ľî	8	0.0832	1.9201
892	š'	8	0.0832	1.9201
892	ţ$	8	0.0832	1.9201
892	žu	8	0.0832	1.9201
892	ˇp	8	0.0832	1.9201
892	δε	8	0.0832	1.9201
892	εν	8	0.0832	1.9201
892	τε	8	0.0832	1.9201
892	ҫo	8	0.0832	1.9201
893	^µ	7	0.0728	1.8621
893	^ţ	7	0.0728	1.8621
893	^λ	7	0.0728	1.8621
893	bé	7	0.0728	1.8621
893	dü	7	0.0728	1.8621
893	dą	7	0.0728	1.8621
893	gą	7	0.0728	1.8621
893	kě	7	0.0728	1.8621
893	nč	7	0.0728	1.8621
893	ró	7	0.0728	1.8621
893	uą	7	0.0728	1.8621
893	áń	7	0.0728	1.8621
893	çy	7	0.0728	1.8621
893	ée	7	0.0728	1.8621
893	él	7	0.0728	1.8621
893	íj	7	0.0728	1.8621
893	ím	7	0.0728	1.8621
893	ív	7	0.0728	1.8621
893	íë	7	0.0728	1.8621
893	óď	7	0.0728	1.8621
893	óő	7	0.0728	1.8621
893	ďí	7	0.0728	1.8621
893	ďď	7	0.0728	1.8621
893	ęü	7	0.0728	1.8621
893	ěk	7	0.0728	1.8621
893	ěl	7	0.0728	1.8621
893	ěr	7	0.0728	1.8621
893	ńá	7	0.0728	1.8621
893	ατ	7	0.0728	1.8621
893	κα	7	0.0728	1.8621
893	μ$	7	0.0728	1.8621
893	υτ	7	0.0728	1.8621
893	ёn	7	0.0728	1.8621
894	'w	6	0.0624	1.7952
894	^ä	6	0.0624	1.7952
894	^ř	6	0.0624	1.7952
894	^ť	6	0.0624	1.7952
894	^θ	6	0.0624	1.7952
894	bí	6	0.0624	1.7952
894	cě	6	0.0624	1.7952
894	eă	6	0.0624	1.7952
894	hè	6	0.0624	1.7952
894	iô	6	0.0624	1.7952
894	iҫ	6	0.0624	1.7952
894	jö	6	0.0624	1.7952
894	oě	6	0.0624	1.7952
894	vq	6	0.0624	1.7952
894	µ$	6	0.0624	1.7952
894	ßá	6	0.0624	1.7952
894	âá	6	0.0624	1.7952
894	än	6	0.0624	1.7952
894	äĺ	6	0.0624	1.7952
894	çz	6	0.0624	1.7952
894	éó	6	0.0624	1.7952
894	íi	6	0.0624	1.7952
894	îď	6	0.0624	1.7952
894	óç	6	0.0624	1.7952
894	ăe	6	0.0624	1.7952
894	ăr	6	0.0624	1.7952
894	ăt	6	0.0624	1.7952
894	ąç	6	0.0624	1.7952
894	čr	6	0.0624	1.7952
894	ę$	6	0.0624	1.7952
894	ěá	6	0.0624	1.7952
894	ěč	6	0.0624	1.7952
894	ĺä	6	0.0624	1.7952
894	ĺí	6	0.0624	1.7952
894	őô	6	0.0624	1.7952
894	ř$	6	0.0624	1.7952
894	šu	6	0.0624	1.7952
894	ůí	6	0.0624	1.7952
894	żď	6	0.0624	1.7952
894	ˇn	6	0.0624	1.7952
894	ˇt	6	0.0624	1.7952
894	άp	6	0.0624	1.7952
894	αd	6	0.0624	1.7952
894	αυ	6	0.0624	1.7952
894	γι	6	0.0624	1.7952
894	ιλ	6	0.0624	1.7952
894	κο	6	0.0624	1.7952
894	λο	6	0.0624	1.7952
894	πο	6	0.0624	1.7952
894	ρι	6	0.0624	1.7952
894	τό	6	0.0624	1.7952
894	ёr	6	0.0624	1.7952
895	^ü	5	0.052	1.716
895	^ά	5	0.052	1.716
895	ań	5	0.052	1.716
895	cí	5	0.052	1.716
895	dó	5	0.052	1.716
895	fw	5	0.052	1.716
895	fz	5	0.052	1.716
895	gű	5	0.052	1.716
895	jü	5	0.052	1.716
895	oι	5	0.052	1.716
895	pá	5	0.052	1.716
895	râ	5	0.052	1.716
895	ră	5	0.052	1.716
895	să	5	0.052	1.716
895	wë	5	0.052	1.716
895	xr	5	0.052	1.716
895	xs	5	0.052	1.716
895	ßí	5	0.052	1.716
895	áć	5	0.052	1.716
895	áň	5	0.052	1.716
895	âî	5	0.052	1.716
895	âă	5	0.052	1.716
895	âď	5	0.052	1.716
895	âť	5	0.052	1.716
895	ä$	5	0.052	1.716
895	çc	5	0.052	1.716
895	çě	5	0.052	1.716
895	éď	5	0.052	1.716
895	ëw	5	0.052	1.716
895	ós	5	0.052	1.716
895	ôń	5	0.052	1.716
895	üç	5	0.052	1.716
895	ýâ	5	0.052	1.716
895	ćá	5	0.052	1.716
895	čl	5	0.052	1.716
895	čm	5	0.052	1.716
895	čđ	5	0.052	1.716
895	ěo	5	0.052	1.716
895	ěu	5	0.052	1.716
895	ĺô	5	0.052	1.716
895	ńţ	5	0.052	1.716
895	ňč	5	0.052	1.716
895	ŕs	5	0.052	1.716
895	ţe	5	0.052	1.716
895	ťi	5	0.052	1.716
895	ˇh	5	0.052	1.716
895	ίσ	5	0.052	1.716
895	η$	5	0.052	1.716
895	λί	5	0.052	1.716
895	νa	5	0.052	1.716
895	ος	5	0.052	1.716
895	τι	5	0.052	1.716
895	ω$	5	0.052	1.716
895	ό$	5	0.052	1.716
895	ҫf	5	0.052	1.716
896	'ě	4	0.0416	1.6191
896	^ο	4	0.0416	1.6191
896	^ό	4	0.0416	1.6191
896	aă	4	0.0416	1.6191
896	aě	4	0.0416	1.6191
896	cą	4	0.0416	1.6191
896	dν	4	0.0416	1.6191
896	eí	4	0.0416	1.6191
896	eҫ	4	0.0416	1.6191
896	gă	4	0.0416	1.6191
896	hą	4	0.0416	1.6191
896	iž	4	0.0416	1.6191
896	jč	4	0.0416	1.6191
896	kё	4	0.0416	1.6191
896	ló	4	0.0416	1.6191
896	má	4	0.0416	1.6191
896	oé	4	0.0416	1.6191
896	oţ	4	0.0416	1.6191
896	pă	4	0.0416	1.6191
896	pą	4	0.0416	1.6191
896	pš	4	0.0416	1.6191
896	pё	4	0.0416	1.6191
896	qé	4	0.0416	1.6191
896	qё	4	0.0416	1.6191
896	rţ	4	0.0416	1.6191
896	tė	4	0.0416	1.6191
896	uñ	4	0.0416	1.6191
896	áv	4	0.0416	1.6191
896	áö	4	0.0416	1.6191
896	áő	4	0.0416	1.6191
896	â'	4	0.0416	1.6191
896	âk	4	0.0416	1.6191
896	âĺ	4	0.0416	1.6191
896	âŕ	4	0.0416	1.6191
896	âţ	4	0.0416	1.6191
896	çâ	4	0.0416	1.6191
896	é-	4	0.0416	1.6191
896	éb	4	0.0416	1.6191
896	éf	4	0.0416	1.6191
896	éq	4	0.0416	1.6191
896	éá	4	0.0416	1.6191
896	éë	4	0.0416	1.6191
896	éę	4	0.0416	1.6191
896	éň	4	0.0416	1.6191
896	ëę	4	0.0416	1.6191
896	íô	4	0.0416	1.6191
896	íď	4	0.0416	1.6191
896	îa	4	0.0416	1.6191
896	îň	4	0.0416	1.6191
896	îź	4	0.0416	1.6191
896	óm	4	0.0416	1.6191
896	ôe	4	0.0416	1.6191
896	ôü	4	0.0416	1.6191
896	öń	4	0.0416	1.6191
896	ú$	4	0.0416	1.6191
896	üe	4	0.0416	1.6191
896	ül	4	0.0416	1.6191
896	üë	4	0.0416	1.6191
896	ýë	4	0.0416	1.6191
896	ýí	4	0.0416	1.6191
896	ăî	4	0.0416	1.6191
896	ąh	4	0.0416	1.6191
896	ąq	4	0.0416	1.6191
896	čç	4	0.0416	1.6191
896	čý	4	0.0416	1.6191
896	đ$	4	0.0416	1.6191
896	đĺ	4	0.0416	1.6191
896	ęŕ	4	0.0416	1.6191
896	ěc	4	0.0416	1.6191
896	ěü	4	0.0416	1.6191
896	ěď	4	0.0416	1.6191
896	ĺß	4	0.0416	1.6191
896	ĺó	4	0.0416	1.6191
896	ĺť	4	0.0416	1.6191
896	ňk	4	0.0416	1.6191
896	ňâ	4	0.0416	1.6191
896	őë	4	0.0416	1.6191
896	őó	4	0.0416	1.6191
896	őă	4	0.0416	1.6191
896	ŕë	4	0.0416	1.6191
896	ţu	4	0.0416	1.6191
896	ţí	4	0.0416	1.6191
896	ťĺ	4	0.0416	1.6191
896	ů$	4	0.0416	1.6191
896	źî	4	0.0416	1.6191
896	żî	4	0.0416	1.6191
896	άν	4	0.0416	1.6191
896	ήσ	4	0.0416	1.6191
896	ίγ	4	0.0416	1.6191
896	αλ	4	0.0416	1.6191
896	δι	4	0.0416	1.6191
896	εμ	4	0.0416	1.6191
896	ετ	4	0.0416	1.6191
896	ηa	4	0.0416	1.6191
896	θα	4	0.0416	1.6191
896	ικ	4	0.0416	1.6191
896	ιο	4	0.0416	1.6191
896	λα	4	0.0416	1.6191
896	νο	4	0.0416	1.6191
896	ντ	4	0.0416	1.6191
896	ξε	4	0.0416	1.6191
896	πά	4	0.0416	1.6191
896	σα	4	0.0416	1.6191
896	σο	4	0.0416	1.6191
896	υ$	4	0.0416	1.6191
896	υμ	4	0.0416	1.6191
897	'x	3	0.0312	1.4942
897	^ő	3	0.0312	1.4942
897	^ξ	3	0.0312	1.4942
897	^φ	3	0.0312	1.4942
897	bü	3	0.0312	1.4942
897	bě	3	0.0312	1.4942
897	cş	3	0.0312	1.4942
897	dî	3	0.0312	1.4942
897	gé	3	0.0312	1.4942
897	gö	3	0.0312	1.4942
897	iá	3	0.0312	1.4942
897	jě	3	0.0312	1.4942
897	kč	3	0.0312	1.4942
897	lú	3	0.0312	1.4942
897	lŕ	3	0.0312	1.4942
897	mă	3	0.0312	1.4942
897	mč	3	0.0312	1.4942
897	mď	3	0.0312	1.4942
897	mё	3	0.0312	1.4942
897	nă	3	0.0312	1.4942
897	nę	3	0.0312	1.4942
897	oí	3	0.0312	1.4942
897	pč	3	0.0312	1.4942
897	qą	3	0.0312	1.4942
897	qě	3	0.0312	1.4942
897	rè	3	0.0312	1.4942
897	rё	3	0.0312	1.4942
897	sä	3	0.0312	1.4942
897	tó	3	0.0312	1.4942
897	tę	3	0.0312	1.4942
897	uá	3	0.0312	1.4942
897	uţ	3	0.0312	1.4942
897	wx	3	0.0312	1.4942
897	xw	3	0.0312	1.4942
897	zí	3	0.0312	1.4942
897	ză	3	0.0312	1.4942
897	áe	3	0.0312	1.4942
897	äk	3	0.0312	1.4942
897	är	3	0.0312	1.4942
897	äé	3	0.0312	1.4942
897	äď	3	0.0312	1.4942
897	äţ	3	0.0312	1.4942
897	çq	3	0.0312	1.4942
897	çá	3	0.0312	1.4942
897	çę	3	0.0312	1.4942
897	éj	3	0.0312	1.4942
897	ê$	3	0.0312	1.4942
897	ëß	3	0.0312	1.4942
897	ëě	3	0.0312	1.4942
897	ëĺ	3	0.0312	1.4942
897	íý	3	0.0312	1.4942
897	îś	3	0.0312	1.4942
897	ó$	3	0.0312	1.4942
897	óß	3	0.0312	1.4942
897	ô$	3	0.0312	1.4942
897	ôl	3	0.0312	1.4942
897	ôý	3	0.0312	1.4942
897	ôţ	3	0.0312	1.4942
897	úa	3	0.0312	1.4942
897	ü$	3	0.0312	1.4942
897	üs	3	0.0312	1.4942
897	üí	3	0.0312	1.4942
897	üô	3	0.0312	1.4942
897	üň	3	0.0312	1.4942
897	ý$	3	0.0312	1.4942
897	ýń	3	0.0312	1.4942
897	ýň	3	0.0312	1.4942
897	ýő	3	0.0312	1.4942
897	ýů	3	0.0312	1.4942
897	ăc	3	0.0312	1.4942
897	ăd	3	0.0312	1.4942
897	ăë	3	0.0312	1.4942
897	ăţ	3	0.0312	1.4942
897	ăů	3	0.0312	1.4942
897	ćn	3	0.0312	1.4942
897	čá	3	0.0312	1.4942
897	čë	3	0.0312	1.4942
897	ďd	3	0.0312	1.4942
897	đu	3	0.0312	1.4942
897	đč	3	0.0312	1.4942
897	ęs	3	0.0312	1.4942
897	ęý	3	0.0312	1.4942
897	ęĺ	3	0.0312	1.4942
897	ěd	3	0.0312	1.4942
897	ěe	3	0.0312	1.4942
897	ěf	3	0.0312	1.4942
897	ěg	3	0.0312	1.4942
897	ěz	3	0.0312	1.4942
897	ĺe	3	0.0312	1.4942
897	ĺs	3	0.0312	1.4942
897	ĺé	3	0.0312	1.4942
897	ĺń	3	0.0312	1.4942
897	ń$	3	0.0312	1.4942
897	ńé	3	0.0312	1.4942
897	ńô	3	0.0312	1.4942
897	ńý	3	0.0312	1.4942
897	ńă	3	0.0312	1.4942
897	ńď	3	0.0312	1.4942
897	ńĺ	3	0.0312	1.4942
897	ňs	3	0.0312	1.4942
897	őe	3	0.0312	1.4942
897	őä	3	0.0312	1.4942
897	őí	3	0.0312	1.4942
897	őě	3	0.0312	1.4942
897	ţó	3	0.0312	1.4942
897	űi	3	0.0312	1.4942
897	ż$	3	0.0312	1.4942
897	ž'	3	0.0312	1.4942
897	žv	3	0.0312	1.4942
897	ˇb	3	0.0312	1.4942
897	ˇs	3	0.0312	1.4942
897	άt	3	0.0312	1.4942
897	άλ	3	0.0312	1.4942
897	άμ	3	0.0312	1.4942
897	άρ	3	0.0312	1.4942
897	έ$	3	0.0312	1.4942
897	αβ	3	0.0312	1.4942
897	ακ	3	0.0312	1.4942
897	απ	3	0.0312	1.4942
897	ας	3	0.0312	1.4942
897	βα	3	0.0312	1.4942
897	γο	3	0.0312	1.4942
897	ητ	3	0.0312	1.4942
897	λά	3	0.0312	1.4942
897	μb	3	0.0312	1.4942
897	μά	3	0.0312	1.4942
897	μα	3	0.0312	1.4942
897	μι	3	0.0312	1.4942
897	νν	3	0.0312	1.4942
897	οι	3	0.0312	1.4942
897	ού	3	0.0312	1.4942
897	πρ	3	0.0312	1.4942
897	ρχ	3	0.0312	1.4942
897	συ	3	0.0312	1.4942
897	σω	3	0.0312	1.4942
897	τή	3	0.0312	1.4942
897	τη	3	0.0312	1.4942
897	υρ	3	0.0312	1.4942
897	υς	3	0.0312	1.4942
897	ός	3	0.0312	1.4942
897	ύ$	3	0.0312	1.4942
897	ώ$	3	0.0312	1.4942
897	ҫa	3	0.0312	1.4942
897	ҫd	3	0.0312	1.4942
897	ҫe	3	0.0312	1.4942
897	ҫi	3	0.0312	1.4942
898	'y	2	0.0208	1.3181
898	'â	2	0.0208	1.3181
898	^ß	2	0.0208	1.3181
898	^ʀ	2	0.0208	1.3181
898	^έ	2	0.0208	1.3181
898	^υ	2	0.0208	1.3181
898	^ψ	2	0.0208	1.3181
898	aη	2	0.0208	1.3181
898	bç	2	0.0208	1.3181
898	bó	2	0.0208	1.3181
898	bă	2	0.0208	1.3181
898	bę	2	0.0208	1.3181
898	dο	2	0.0208	1.3181
898	eä	2	0.0208	1.3181
898	eđ	2	0.0208	1.3181
898	eη	2	0.0208	1.3181
898	fv	2	0.0208	1.3181
898	fx	2	0.0208	1.3181
898	fç	2	0.0208	1.3181
898	fă	2	0.0208	1.3181
898	gâ	2	0.0208	1.3181
898	gč	2	0.0208	1.3181
898	gě	2	0.0208	1.3181
898	hü	2	0.0208	1.3181
898	hě	2	0.0208	1.3181
898	hё	2	0.0208	1.3181
898	hҫ	2	0.0208	1.3181
898	iú	2	0.0208	1.3181
898	iě	2	0.0208	1.3181
898	kî	2	0.0208	1.3181
898	lè	2	0.0208	1.3181
898	lё	2	0.0208	1.3181
898	mâ	2	0.0208	1.3181
898	mú	2	0.0208	1.3181
898	mŕ	2	0.0208	1.3181
898	ná	2	0.0208	1.3181
898	nó	2	0.0208	1.3181
898	nú	2	0.0208	1.3181
898	nι	2	0.0208	1.3181
898	oń	2	0.0208	1.3181
898	oň	2	0.0208	1.3181
898	pè	2	0.0208	1.3181
898	pí	2	0.0208	1.3181
898	pě	2	0.0208	1.3181
898	pĺ	2	0.0208	1.3181
898	rä	2	0.0208	1.3181
898	rň	2	0.0208	1.3181
898	sá	2	0.0208	1.3181
898	tâ	2	0.0208	1.3181
898	tè	2	0.0208	1.3181
898	tč	2	0.0208	1.3181
898	uß	2	0.0208	1.3181
898	uă	2	0.0208	1.3181
898	uń	2	0.0208	1.3181
898	vč	2	0.0208	1.3181
898	vě	2	0.0208	1.3181
898	wq	2	0.0208	1.3181
898	wä	2	0.0208	1.3181
898	xd	2	0.0208	1.3181
898	xg	2	0.0208	1.3181
898	zú	2	0.0208	1.3181
898	zě	2	0.0208	1.3181
898	µe	2	0.0208	1.3181
898	ß$	2	0.0208	1.3181
898	ßë	2	0.0208	1.3181
898	à$	2	0.0208	1.3181
898	ár	2	0.0208	1.3181
898	ân	2	0.0208	1.3181
898	ât	2	0.0208	1.3181
898	äu	2	0.0208	1.3181
898	çx	2	0.0208	1.3181
898	çç	2	0.0208	1.3181
898	çé	2	0.0208	1.3181
898	èg	2	0.0208	1.3181
898	éd	2	0.0208	1.3181
898	ég	2	0.0208	1.3181
898	éx	2	0.0208	1.3181
898	éí	2	0.0208	1.3181
898	ëî	2	0.0208	1.3181
898	ëü	2	0.0208	1.3181
898	ëŕ	2	0.0208	1.3181
898	ëš	2	0.0208	1.3181
898	ëţ	2	0.0208	1.3181
898	íd	2	0.0208	1.3181
898	íz	2	0.0208	1.3181
898	îo	2	0.0208	1.3181
898	îş	2	0.0208	1.3181
898	îť	2	0.0208	1.3181
898	óv	2	0.0208	1.3181
898	óé	2	0.0208	1.3181
898	óĺ	2	0.0208	1.3181
898	ôj	2	0.0208	1.3181
898	ön	2	0.0208	1.3181
898	úm	2	0.0208	1.3181
898	úz	2	0.0208	1.3181
898	üi	2	0.0208	1.3181
898	üě	2	0.0208	1.3181
898	ăz	2	0.0208	1.3181
898	ąo	2	0.0208	1.3181
898	čy	2	0.0208	1.3181
898	ďr	2	0.0208	1.3181
898	ďý	2	0.0208	1.3181
898	ďń	2	0.0208	1.3181
898	đß	2	0.0208	1.3181
898	đá	2	0.0208	1.3181
898	đë	2	0.0208	1.3181
898	đü	2	0.0208	1.3181
898	ė$	2	0.0208	1.3181
898	ėz	2	0.0208	1.3181
898	ęe	2	0.0208	1.3181
898	ęr	2	0.0208	1.3181
898	ęľ	2	0.0208	1.3181
898	ěj	2	0.0208	1.3181
898	ěp	2	0.0208	1.3181
898	ľ$	2	0.0208	1.3181
898	ľt	2	0.0208	1.3181
898	ľď	2	0.0208	1.3181
898	ł-	2	0.0208	1.3181
898	ńi	2	0.0208	1.3181
898	ňp	2	0.0208	1.3181
898	ś$	2	0.0208	1.3181
898	şb	2	0.0208	1.3181
898	şc	2	0.0208	1.3181
898	şe	2	0.0208	1.3181
898	şi	2	0.0208	1.3181
898	šč	2	0.0208	1.3181
898	šď	2	0.0208	1.3181
898	ţa	2	0.0208	1.3181
898	ţă	2	0.0208	1.3181
898	ţń	2	0.0208	1.3181
898	ť$	2	0.0208	1.3181
898	ťt	2	0.0208	1.3181
898	ťë	2	0.0208	1.3181
898	űl	2	0.0208	1.3181
898	żd	2	0.0208	1.3181
898	żk	2	0.0208	1.3181
898	žo	2	0.0208	1.3181
898	žr	2	0.0208	1.3181
898	ɓє	2	0.0208	1.3181
898	ʀє	2	0.0208	1.3181
898	ˇ$	2	0.0208	1.3181
898	ˇa	2	0.0208	1.3181
898	ˇc	2	0.0208	1.3181
898	ˇd	2	0.0208	1.3181
898	ˇk	2	0.0208	1.3181
898	ˇl	2	0.0208	1.3181
898	ˇo	2	0.0208	1.3181
898	ˇu	2	0.0208	1.3181
898	ˇz	2	0.0208	1.3181
898	άκ	2	0.0208	1.3181
898	άξ	2	0.0208	1.3181
898	άσ	2	0.0208	1.3181
898	έν	2	0.0208	1.3181
898	έξ	2	0.0208	1.3181
898	ές	2	0.0208	1.3181
898	ή$	2	0.0208	1.3181
898	ί$	2	0.0208	1.3181
898	ία	2	0.0208	1.3181
898	ίδ	2	0.0208	1.3181
898	ίπ	2	0.0208	1.3181
898	ίτ	2	0.0208	1.3181
898	αi	2	0.0208	1.3181
898	αί	2	0.0208	1.3181
898	αθ	2	0.0208	1.3181
898	αμ	2	0.0208	1.3181
898	ασ	2	0.0208	1.3181
898	γρ	2	0.0208	1.3181
898	δο	2	0.0208	1.3181
898	ερ	2	0.0208	1.3181
898	εύ	2	0.0208	1.3181
898	ζη	2	0.0208	1.3181
898	ηe	2	0.0208	1.3181
898	ης	2	0.0208	1.3181
898	θε	2	0.0208	1.3181
898	ιε	2	0.0208	1.3181
898	ισ	2	0.0208	1.3181
898	κd	2	0.0208	1.3181
898	κε	2	0.0208	1.3181
898	λή	2	0.0208	1.3181
898	λε	2	0.0208	1.3181
898	λύ	2	0.0208	1.3181
898	μμ	2	0.0208	1.3181
898	μο	2	0.0208	1.3181
898	μπ	2	0.0208	1.3181
898	μυ	2	0.0208	1.3181
898	νω	2	0.0208	1.3181
898	ξο	2	0.0208	1.3181
898	οε	2	0.0208	1.3181
898	οκ	2	0.0208	1.3181
898	ολ	2	0.0208	1.3181
898	ομ	2	0.0208	1.3181
898	ον	2	0.0208	1.3181
898	ορ	2	0.0208	1.3181
898	οώ	2	0.0208	1.3181
898	π'	2	0.0208	1.3181
898	πέ	2	0.0208	1.3181
898	πα	2	0.0208	1.3181
898	πε	2	0.0208	1.3181
898	πσ	2	0.0208	1.3181
898	ρά	2	0.0208	1.3181
898	ρέ	2	0.0208	1.3181
898	ρί	2	0.0208	1.3181
898	ρε	2	0.0208	1.3181
898	ρο	2	0.0208	1.3181
898	σέ	2	0.0208	1.3181
898	σί	2	0.0208	1.3181
898	σε	2	0.0208	1.3181
898	τë	2	0.0208	1.3181
898	τά	2	0.0208	1.3181
898	τρ	2	0.0208	1.3181
898	υζ	2	0.0208	1.3181
898	υν	2	0.0208	1.3181
898	υπ	2	0.0208	1.3181
898	υσ	2	0.0208	1.3181
898	φι	2	0.0208	1.3181
898	χε	2	0.0208	1.3181
898	ψι	2	0.0208	1.3181
898	ως	2	0.0208	1.3181
898	όλ	2	0.0208	1.3181
898	ёs	2	0.0208	1.3181
898	ёt	2	0.0208	1.3181
898	ёv	2	0.0208	1.3181
898	єł	2	0.0208	1.3181
898	єɓ	2	0.0208	1.3181
898	ҫ$	2	0.0208	1.3181
898	ҫm	2	0.0208	1.3181
899	'ј	1	0.0104	1.017
899	-ą	1	0.0104	1.017
899	-ď	1	0.0104	1.017
899	-š	1	0.0104	1.017
899	^è	1	0.0104	1.017
899	^ö	1	0.0104	1.017
899	^ú	1	0.0104	1.017
899	^ľ	1	0.0104	1.017
899	^ŏ	1	0.0104	1.017
899	^ǹ	1	0.0104	1.017
899	^ί	1	0.0104	1.017
899	^ι	1	0.0104	1.017
899	^χ	1	0.0104	1.017
899	aµ	1	0.0104	1.017
899	aâ	1	0.0104	1.017
899	aé	1	0.0104	1.017
899	aî	1	0.0104	1.017
899	añ	1	0.0104	1.017
899	aŕ	1	0.0104	1.017
899	aя	1	0.0104	1.017
899	aҫ	1	0.0104	1.017
899	bą	1	0.0104	1.017
899	bď	1	0.0104	1.017
899	bο	1	0.0104	1.017
899	bё	1	0.0104	1.017
899	cç	1	0.0104	1.017
899	có	1	0.0104	1.017
899	cţ	1	0.0104	1.017
899	ců	1	0.0104	1.017
899	dű	1	0.0104	1.017
899	eæ	1	0.0104	1.017
899	eě	1	0.0104	1.017
899	eş	1	0.0104	1.017
899	fą	1	0.0104	1.017
899	fę	1	0.0104	1.017
899	gä	1	0.0104	1.017
899	gó	1	0.0104	1.017
899	gė	1	0.0104	1.017
899	gο	1	0.0104	1.017
899	gё	1	0.0104	1.017
899	há	1	0.0104	1.017
899	hâ	1	0.0104	1.017
899	hó	1	0.0104	1.017
899	hö	1	0.0104	1.017
899	hú	1	0.0104	1.017
899	hť	1	0.0104	1.017
899	ií	1	0.0104	1.017
899	iş	1	0.0104	1.017
899	jà	1	0.0104	1.017
899	jä	1	0.0104	1.017
899	jă	1	0.0104	1.017
899	jŕ	1	0.0104	1.017
899	jř	1	0.0104	1.017
899	jš	1	0.0104	1.017
899	jё	1	0.0104	1.017
899	kř	1	0.0104	1.017
899	kš	1	0.0104	1.017
899	kż	1	0.0104	1.017
899	kι	1	0.0104	1.017
899	lá	1	0.0104	1.017
899	lö	1	0.0104	1.017
899	lė	1	0.0104	1.017
899	lţ	1	0.0104	1.017
899	lβ	1	0.0104	1.017
899	mê	1	0.0104	1.017
899	mì	1	0.0104	1.017
899	mô	1	0.0104	1.017
899	mβ	1	0.0104	1.017
899	nđ	1	0.0104	1.017
899	nţ	1	0.0104	1.017
899	nű	1	0.0104	1.017
899	nˇ	1	0.0104	1.017
899	nҫ	1	0.0104	1.017
899	oæ	1	0.0104	1.017
899	oů	1	0.0104	1.017
899	pä	1	0.0104	1.017
899	pî	1	0.0104	1.017
899	pô	1	0.0104	1.017
899	pý	1	0.0104	1.017
899	pţ	1	0.0104	1.017
899	pů	1	0.0104	1.017
899	qc	1	0.0104	1.017
899	qx	1	0.0104	1.017
899	qí	1	0.0104	1.017
899	qč	1	0.0104	1.017
899	rã	1	0.0104	1.017
899	rê	1	0.0104	1.017
899	rì	1	0.0104	1.017
899	rò	1	0.0104	1.017
899	rü	1	0.0104	1.017
899	rć	1	0.0104	1.017
899	rď	1	0.0104	1.017
899	sà	1	0.0104	1.017
899	sė	1	0.0104	1.017
899	sŕ	1	0.0104	1.017
899	sα	1	0.0104	1.017
899	sο	1	0.0104	1.017
899	tê	1	0.0104	1.017
899	tö	1	0.0104	1.017
899	tć	1	0.0104	1.017
899	tŕ	1	0.0104	1.017
899	tš	1	0.0104	1.017
899	tˇ	1	0.0104	1.017
899	tα	1	0.0104	1.017
899	uâ	1	0.0104	1.017
899	uđ	1	0.0104	1.017
899	uň	1	0.0104	1.017
899	vá	1	0.0104	1.017
899	vă	1	0.0104	1.017
899	vš	1	0.0104	1.017
899	wç	1	0.0104	1.017
899	wó	1	0.0104	1.017
899	xn	1	0.0104	1.017
899	xq	1	0.0104	1.017
899	xí	1	0.0104	1.017
899	yâ	1	0.0104	1.017
899	zá	1	0.0104	1.017
899	zó	1	0.0104	1.017
899	zü	1	0.0104	1.017
899	zą	1	0.0104	1.017
899	ßó	1	0.0104	1.017
899	ßô	1	0.0104	1.017
899	ßń	1	0.0104	1.017
899	ál	1	0.0104	1.017
899	áx	1	0.0104	1.017
899	áß	1	0.0104	1.017
899	áđ	1	0.0104	1.017
899	áĺ	1	0.0104	1.017
899	âe	1	0.0104	1.017
899	âl	1	0.0104	1.017
899	âm	1	0.0104	1.017
899	âs	1	0.0104	1.017
899	âś	1	0.0104	1.017
899	ãd	1	0.0104	1.017
899	äg	1	0.0104	1.017
899	äs	1	0.0104	1.017
899	äő	1	0.0104	1.017
899	æe	1	0.0104	1.017
899	æi	1	0.0104	1.017
899	çí	1	0.0104	1.017
899	çô	1	0.0104	1.017
899	çď	1	0.0104	1.017
899	èm	1	0.0104	1.017
899	éz	1	0.0104	1.017
899	éä	1	0.0104	1.017
899	éü	1	0.0104	1.017
899	éě	1	0.0104	1.017
899	ëí	1	0.0104	1.017
899	ëď	1	0.0104	1.017
899	ëů	1	0.0104	1.017
899	ì$	1	0.0104	1.017
899	ìn	1	0.0104	1.017
899	íc	1	0.0104	1.017
899	íe	1	0.0104	1.017
899	íp	1	0.0104	1.017
899	íé	1	0.0104	1.017
899	íę	1	0.0104	1.017
899	íĺ	1	0.0104	1.017
899	î'	1	0.0104	1.017
899	îâ	1	0.0104	1.017
899	îä	1	0.0104	1.017
899	îç	1	0.0104	1.017
899	îí	1	0.0104	1.017
899	îł	1	0.0104	1.017
899	ò$	1	0.0104	1.017
899	ób	1	0.0104	1.017
899	ók	1	0.0104	1.017
899	ów	1	0.0104	1.017
899	óá	1	0.0104	1.017
899	óë	1	0.0104	1.017
899	óö	1	0.0104	1.017
899	óđ	1	0.0104	1.017
899	óę	1	0.0104	1.017
899	óů	1	0.0104	1.017
899	ôa	1	0.0104	1.017
899	ôr	1	0.0104	1.017
899	ôs	1	0.0104	1.017
899	ôĺ	1	0.0104	1.017
899	öd	1	0.0104	1.017
899	ök	1	0.0104	1.017
899	öl	1	0.0104	1.017
899	öá	1	0.0104	1.017
899	üd	1	0.0104	1.017
899	üg	1	0.0104	1.017
899	üó	1	0.0104	1.017
899	ăß	1	0.0104	1.017
899	ăď	1	0.0104	1.017
899	ăł	1	0.0104	1.017
899	ąď	1	0.0104	1.017
899	čf	1	0.0104	1.017
899	čp	1	0.0104	1.017
899	čt	1	0.0104	1.017
899	čí	1	0.0104	1.017
899	čî	1	0.0104	1.017
899	čň	1	0.0104	1.017
899	ď-	1	0.0104	1.017
899	ďa	1	0.0104	1.017
899	ďă	1	0.0104	1.017
899	ďđ	1	0.0104	1.017
899	ďě	1	0.0104	1.017
899	đs	1	0.0104	1.017
899	đń	1	0.0104	1.017
899	ėd	1	0.0104	1.017
899	ėl	1	0.0104	1.017
899	ėt	1	0.0104	1.017
899	ęb	1	0.0104	1.017
899	ęl	1	0.0104	1.017
899	ęt	1	0.0104	1.017
899	ęé	1	0.0104	1.017
899	ęë	1	0.0104	1.017
899	ęî	1	0.0104	1.017
899	ęď	1	0.0104	1.017
899	ęń	1	0.0104	1.017
899	ěb	1	0.0104	1.017
899	ěé	1	0.0104	1.017
899	ěţ	1	0.0104	1.017
899	ĺh	1	0.0104	1.017
899	ĺâ	1	0.0104	1.017
899	ĺë	1	0.0104	1.017
899	ĺđ	1	0.0104	1.017
899	ĺň	1	0.0104	1.017
899	ľô	1	0.0104	1.017
899	łm	1	0.0104	1.017
899	łî	1	0.0104	1.017
899	ńe	1	0.0104	1.017
899	ńó	1	0.0104	1.017
899	ňe	1	0.0104	1.017
899	ňj	1	0.0104	1.017
899	ňu	1	0.0104	1.017
899	ňđ	1	0.0104	1.017
899	ŏe	1	0.0104	1.017
899	ős	1	0.0104	1.017
899	ŕđ	1	0.0104	1.017
899	řr	1	0.0104	1.017
899	řy	1	0.0104	1.017
899	śv	1	0.0104	1.017
899	śď	1	0.0104	1.017
899	şk	1	0.0104	1.017
899	şş	1	0.0104	1.017
899	šm	1	0.0104	1.017
899	šp	1	0.0104	1.017
899	šv	1	0.0104	1.017
899	šî	1	0.0104	1.017
899	šć	1	0.0104	1.017
899	ţo	1	0.0104	1.017
899	ţâ	1	0.0104	1.017
899	ţô	1	0.0104	1.017
899	ţň	1	0.0104	1.017
899	ťk	1	0.0104	1.017
899	ťu	1	0.0104	1.017
899	ťď	1	0.0104	1.017
899	ůt	1	0.0104	1.017
899	űm	1	0.0104	1.017
899	űr	1	0.0104	1.017
899	że	1	0.0104	1.017
899	żg	1	0.0104	1.017
899	żh	1	0.0104	1.017
899	żi	1	0.0104	1.017
899	żl	1	0.0104	1.017
899	żp	1	0.0104	1.017
899	ž$	1	0.0104	1.017
899	žb	1	0.0104	1.017
899	žj	1	0.0104	1.017
899	ǹk	1	0.0104	1.017
899	ˇe	1	0.0104	1.017
899	ˇm	1	0.0104	1.017
899	άe	1	0.0104	1.017
899	άj	1	0.0104	1.017
899	άs	1	0.0104	1.017
899	άθ	1	0.0104	1.017
899	έδ	1	0.0104	1.017
899	έτ	1	0.0104	1.017
899	έφ	1	0.0104	1.017
899	έχ	1	0.0104	1.017
899	έω	1	0.0104	1.017
899	ήρ	1	0.0104	1.017
899	ίκ	1	0.0104	1.017
899	ίξ	1	0.0104	1.017
899	ίς	1	0.0104	1.017
899	αh	1	0.0104	1.017
899	αs	1	0.0104	1.017
899	αδ	1	0.0104	1.017
899	αν	1	0.0104	1.017
899	αξ	1	0.0104	1.017
899	αρ	1	0.0104	1.017
899	αφ	1	0.0104	1.017
899	βy	1	0.0104	1.017
899	βί	1	0.0104	1.017
899	γά	1	0.0104	1.017
899	γί	1	0.0104	1.017
899	γε	1	0.0104	1.017
899	γη	1	0.0104	1.017
899	δd	1	0.0104	1.017
899	δί	1	0.0104	1.017
899	δρ	1	0.0104	1.017
899	εr	1	0.0104	1.017
899	εu	1	0.0104	1.017
899	εέ	1	0.0104	1.017
899	εα	1	0.0104	1.017
899	εγ	1	0.0104	1.017
899	εκ	1	0.0104	1.017
899	εο	1	0.0104	1.017
899	επ	1	0.0104	1.017
899	ες	1	0.0104	1.017
899	ευ	1	0.0104	1.017
899	ηi	1	0.0104	1.017
899	ηo	1	0.0104	1.017
899	ηα	1	0.0104	1.017
899	ην	1	0.0104	1.017
899	θά	1	0.0104	1.017
899	θι	1	0.0104	1.017
899	θρ	1	0.0104	1.017
899	θυ	1	0.0104	1.017
899	θώ	1	0.0104	1.017
899	ιά	1	0.0104	1.017
899	ιθ	1	0.0104	1.017
899	ιμ	1	0.0104	1.017
899	ιν	1	0.0104	1.017
899	ιπ	1	0.0104	1.017
899	ιρ	1	0.0104	1.017
899	ιτ	1	0.0104	1.017
899	κo	1	0.0104	1.017
899	κέ	1	0.0104	1.017
899	κρ	1	0.0104	1.017
899	κυ	1	0.0104	1.017
899	κύ	1	0.0104	1.017
899	λέ	1	0.0104	1.017
899	λλ	1	0.0104	1.017
899	λμ	1	0.0104	1.017
899	μc	1	0.0104	1.017
899	μe	1	0.0104	1.017
899	μë	1	0.0104	1.017
899	μέ	1	0.0104	1.017
899	νe	1	0.0104	1.017
899	νέ	1	0.0104	1.017
899	νε	1	0.0104	1.017
899	νθ	1	0.0104	1.017
899	ξë	1	0.0104	1.017
899	ξή	1	0.0104	1.017
899	ξί	1	0.0104	1.017
899	οn	1	0.0104	1.017
899	οs	1	0.0104	1.017
899	οδ	1	0.0104	1.017
899	οπ	1	0.0104	1.017
899	οσ	1	0.0104	1.017
899	οχ	1	0.0104	1.017
899	πs	1	0.0104	1.017
899	πί	1	0.0104	1.017
899	πι	1	0.0104	1.017
899	πω	1	0.0104	1.017
899	πό	1	0.0104	1.017
899	ρα	1	0.0104	1.017
899	ρη	1	0.0104	1.017
899	ρμ	1	0.0104	1.017
899	ρφ	1	0.0104	1.017
899	ρω	1	0.0104	1.017
899	ρό	1	0.0104	1.017
899	σι	1	0.0104	1.017
899	σκ	1	0.0104	1.017
899	σπ	1	0.0104	1.017
899	τ$	1	0.0104	1.017
899	τo	1	0.0104	1.017
899	τέ	1	0.0104	1.017
899	τί	1	0.0104	1.017
899	τς	1	0.0104	1.017
899	τσ	1	0.0104	1.017
899	υα	1	0.0104	1.017
899	υκ	1	0.0104	1.017
899	υλ	1	0.0104	1.017
899	υφ	1	0.0104	1.017
899	φά	1	0.0104	1.017
899	φο	1	0.0104	1.017
899	φτ	1	0.0104	1.017
899	φό	1	0.0104	1.017
899	φύ	1	0.0104	1.017
899	χή	1	0.0104	1.017
899	χί	1	0.0104	1.017
899	χι	1	0.0104	1.017
899	χο	1	0.0104	1.017
899	χρ	1	0.0104	1.017
899	ωπ	1	0.0104	1.017
899	όν	1	0.0104	1.017
899	όπ	1	0.0104	1.017
899	όχ	1	0.0104	1.017
899	ύγ	1	0.0104	1.017
899	ύε	1	0.0104	1.017
899	ύλ	1	0.0104	1.017
899	ύμ	1	0.0104	1.017
899	ύρ	1	0.0104	1.017
899	ύσ	1	0.0104	1.017
899	яd	1	0.0104	1.017
899	ёh	1	0.0104	1.017
899	ёm	1	0.0104	1.017
899	јa	1	0.0104	1.017
899	ҫ'	1	0.0104	1.017
