Rank	Character	Frequency	Frequency per million	Zipf value
1	ا	199793194	129063.9101	8.1108
2	ل	155479127	100437.5758	8.0019
3	ي	113689634	73442.0848	7.8659
4	ن	107395566	69376.1954	7.8412
5	م	84771438	54761.2911	7.7385
6	ت	72942866	47120.1812	7.6732
7	ر	61612878	39801.1503	7.5999
8	و	58797788	37982.6373	7.5796
9	ك	55129327	35612.8573	7.5516
10	أ	54183161	35001.6458	7.5441
11	ه	52737892	34068.0201	7.5323
12	ب	50626225	32703.9096	7.5146
13	ع	49271935	31829.0551	7.5028
14	د	45629029	29475.7833	7.4695
15	س	39235764	25345.8139	7.4039
16	ف	34317746	22168.8357	7.3457
17	ق	34098256	22027.0479	7.343
18	ح	30003501	19381.8872	7.2874
19	ة	27200644	17571.2766	7.2448
20	ذ	23270156	15032.2304	7.177
21	ج	22810812	14735.4999	7.1684
22	ى	14101241	9109.2257	6.9595
23	ش	13543414	8748.8764	6.942
24	خ	13119716	8475.1728	6.9281
25	ط	12796904	8266.6403	6.9173
26	إ	11927049	7704.7248	6.8868
27	ص	11483555	7418.2332	6.8703
28	ً	10061375	6499.5227	6.8129
29	ض	8138114	5257.1201	6.7207
30	ث	7530269	4864.4598	6.687
31	ّ	7334588	4738.0523	6.6756
32	ز	6984176	4511.6905	6.6543
33	ـ	5834909	3769.2784	6.5763
34	غ	5570445	3598.438	6.5561
35	ئ	5330699	3443.565	6.537
36	ء	5328190	3441.9442	6.5368
37	ُ	4466842	2885.5242	6.4602
38	ظ	4235020	2735.7701	6.4371
39	َ	4069469	2628.8262	6.4198
40	ِ	3673708	2373.1695	6.3753
41	آ	3382009	2184.7356	6.3394
42	f	1310603	846.6332	5.9277
43	ؤ	1277749	825.4099	5.9167
44	a	1146239	740.4561	5.8695
45	ْ	1062948	686.6511	5.8367
46	e	1003084	647.9797	5.8116
47	o	837288	540.8776	5.7331
48	s	788575	509.4096	5.7071
49	t	760326	491.1611	5.6912
50	c	754376	487.3175	5.6878
51	h	752253	485.9461	5.6866
52	n	686831	443.6843	5.6471
53	i	679695	439.0745	5.6425
54	r	630480	407.2822	5.6099
55	l	461308	297.9992	5.4742
56	ٌ	459649	296.9275	5.4727
57	b	449151	290.1459	5.4626
58	d	434002	280.3599	5.4477
59	ٍ	389809	251.8117	5.4011
60	u	340443	219.9219	5.3423
61	p	330070	213.2211	5.3288
62	y	304061	196.4196	5.2932
63	m	300738	194.273	5.2884
64	g	227892	147.2154	5.168
65	w	160308	103.557	5.0152
66	k	139680	90.2315	4.9554
67	v	76852	49.6454	4.6959
68	x	53313	34.4395	4.5371
69	ھ	43987	28.4151	4.4535
70	ٹ	39633	25.6024	4.4083
71	z	38578	24.9209	4.3966
72	j	33599	21.7045	4.3365
73	â	22167	14.3196	4.1559
74	ˆ	19111	12.3455	4.0915
75	ƒ	18893	12.2046	4.0865
76	q	11785	7.613	3.8816
77	پ	11595	7.4902	3.8745
78	ں	5929	3.8301	3.5832
79	µ	4181	2.7009	3.4315
80	ê	3568	2.3049	3.3627
81	œ	3413	2.2048	3.3434
82	چ	2940	1.8992	3.2786
83	é	2838	1.8333	3.2632
84	è	2378	1.5362	3.1864
85	ﻷ	2161	1.396	3.1449
86	ㅤ	1838	1.1873	3.0746
87	ç	1822	1.177	3.0708
88	ڈ	1683	1.0872	3.0363
89	ژ	1252	0.8088	2.9078
90	گ	1223	0.79	2.8976
91	ڑ	773	0.4993	2.6984
92	ã	721	0.4658	2.6682
93	ٔ	707	0.4567	2.6596
94	ﻠ	639	0.4128	2.6157
95	ی	516	0.3333	2.5228
96	ڤ	496	0.3204	2.5057
97	ª	487	0.3146	2.4978
98	ﻻ	480	0.3101	2.4915
99	ﻹ	446	0.2881	2.4595
100	à	363	0.2345	2.3701
101	ک	355	0.2293	2.3604
102	á	351	0.2267	2.3555
103	þ	334	0.2158	2.3341
104	ט	327	0.2112	2.3247
105	í	312	0.2015	2.3043
106	ﻵ	298	0.1925	2.2844
107	ü	220	0.1421	2.1526
108	î	219	0.1415	2.1508
109	º	217	0.1402	2.1467
110	æ	212	0.1369	2.1364
110	ღ	212	0.1369	2.1364
111	ä	185	0.1195	2.0774
112	ó	175	0.113	2.0531
113	ל	168	0.1085	2.0354
114	ﺀ	167	0.1079	2.033
115	ٓ	162	0.1046	2.0195
116	ٱ	158	0.1021	2.009
117	ﺒ	145	0.0937	1.9717
118	η	138	0.0891	1.9499
119	τ	131	0.0846	1.9274
119	י	131	0.0846	1.9274
120	α	130	0.084	1.9243
121	ٕ	129	0.0833	1.9206
122	א	128	0.0827	1.9175
123	ï	126	0.0814	1.9106
124	å	118	0.0762	1.882
125	た	115	0.0743	1.871
126	ô	113	0.073	1.8633
127	な	106	0.0685	1.8357
128	ค	102	0.0659	1.8189
129	ñ	98	0.0633	1.8014
130	い	92	0.0594	1.7738
131	ă	87	0.0562	1.7497
132	の	86	0.0556	1.7451
133	μ	85	0.0549	1.7396
134	ú	84	0.0543	1.7348
135	ε	80	0.0517	1.7135
136	š	79	0.051	1.7076
137	ο	78	0.0504	1.7024
138	̲	75	0.0484	1.6848
139	ς	74	0.0478	1.6794
139	ہ	74	0.0478	1.6794
139	て	74	0.0478	1.6794
140	ก	68	0.0439	1.6425
141	̷	66	0.0426	1.6294
141	ע	66	0.0426	1.6294
142	ν	63	0.0407	1.6096
142	σ	63	0.0407	1.6096
143	ש	62	0.0401	1.6031
144	ù	57	0.0368	1.5658
145	ë	55	0.0355	1.5502
145	ý	55	0.0355	1.5502
145	ﺇ	55	0.0355	1.5502
146	う	54	0.0349	1.5428
147	ś	53	0.0342	1.534
148	û	52	0.0336	1.5263
148	ڭ	52	0.0336	1.5263
148	ﺄ	52	0.0336	1.5263
149	を	51	0.0329	1.5172
150	ö	50	0.0323	1.5092
150	ι	50	0.0323	1.5092
150	ρ	50	0.0323	1.5092
151	も	48	0.031	1.4914
152	υ	47	0.0304	1.4829
153	し	46	0.0297	1.4728
154	か	45	0.0291	1.4639
154	る	45	0.0291	1.4639
155	ڨ	44	0.0284	1.4533
155	に	44	0.0284	1.4533
156	ī	42	0.0271	1.433
156	̅	42	0.0271	1.433
157	đ	40	0.0258	1.4116
158	あ	38	0.0245	1.3892
159	ら	36	0.0233	1.3674
159	れ	36	0.0233	1.3674
160	ø	35	0.0226	1.3541
160	έ	35	0.0226	1.3541
161	π	34	0.022	1.3424
161	ง	34	0.022	1.3424
161	ฬ	34	0.022	1.3424
162	き	33	0.0213	1.3284
163	ž	32	0.0207	1.316
164	ί	31	0.02	1.301
164	が	31	0.02	1.301
165	で	30	0.0194	1.2878
166	ڪ	29	0.0187	1.2718
166	っ	29	0.0187	1.2718
166	と	29	0.0187	1.2718
167	ά	28	0.0181	1.2577
167	κ	28	0.0181	1.2577
167	ό	28	0.0181	1.2577
167	り	28	0.0181	1.2577
168	く	26	0.0168	1.2253
169	ή	25	0.0161	1.2068
169	ど	25	0.0161	1.2068
169	ま	25	0.0161	1.2068
170	ÿ	24	0.0155	1.1903
170	ְ	24	0.0155	1.1903
170	だ	24	0.0155	1.1903
171	ţ	23	0.0149	1.1732
171	え	23	0.0149	1.1732
171	は	23	0.0149	1.1732
172	γ	21	0.0136	1.1335
173	λ	20	0.0129	1.1106
173	ֵ	20	0.0129	1.1106
174	私	19	0.0123	1.0899
175	よ	18	0.0116	1.0645
175	今	18	0.0116	1.0645
175	見	18	0.0116	1.0645
176	ı	17	0.011	1.0414
176	ō	17	0.011	1.0414
176	ş	17	0.011	1.0414
176	δ	17	0.011	1.0414
177	č	16	0.0103	1.0128
177	ř	16	0.0103	1.0128
177	ż	16	0.0103	1.0128
177	ව	16	0.0103	1.0128
177	わ	16	0.0103	1.0128
177	花	16	0.0103	1.0128
177	ﺎ	16	0.0103	1.0128
177	ﺑ	16	0.0103	1.0128
177	ﺘ	16	0.0103	1.0128
177	ﺮ	16	0.0103	1.0128
178	ζ	15	0.0097	0.9868
178	ג	15	0.0097	0.9868
178	ז	15	0.0097	0.9868
178	ば	15	0.0097	0.9868
178	ん	15	0.0097	0.9868
178	散	15	0.0097	0.9868
179	ξ	14	0.009	0.9542
179	さ	14	0.009	0.9542
179	ﺳ	14	0.009	0.9542
179	ﻛ	14	0.009	0.9542
179	ﻮ	14	0.009	0.9542
180	ו	13	0.0084	0.9243
180	ặ	13	0.0084	0.9243
180	ち	13	0.0084	0.9243
180	無	13	0.0084	0.9243
181	ß	12	0.0078	0.8921
181	θ	12	0.0078	0.8921
181	ω	12	0.0078	0.8921
181	け	12	0.0078	0.8921
181	ぶ	12	0.0078	0.8921
181	ょ	12	0.0078	0.8921
181	伝	12	0.0078	0.8921
181	何	12	0.0078	0.8921
181	光	12	0.0078	0.8921
181	開	12	0.0078	0.8921
182	ð	11	0.0071	0.8513
182	ֶ	11	0.0071	0.8513
183	ּ	10	0.0065	0.8129
183	こ	10	0.0065	0.8129
183	終	10	0.0065	0.8129
184	ě	9	0.0058	0.7634
184	χ	9	0.0058	0.7634
184	ώ	9	0.0058	0.7634
184	ֱ	9	0.0058	0.7634
184	じ	9	0.0058	0.7634
184	ね	9	0.0058	0.7634
184	や	9	0.0058	0.7634
184	日	9	0.0058	0.7634
185	ł	8	0.0052	0.716
185	φ	8	0.0052	0.716
185	ֿ	8	0.0052	0.716
185	ס	8	0.0052	0.716
185	ܓ	8	0.0052	0.716
185	ܢ	8	0.0052	0.716
185	ஜ	8	0.0052	0.716
185	ය	8	0.0052	0.716
185	ා	8	0.0052	0.716
185	ේ	8	0.0052	0.716
185	ソ	8	0.0052	0.716
185	思	8	0.0052	0.716
186	ύ	7	0.0045	0.6532
186	я	7	0.0045	0.6532
186	ם	7	0.0045	0.6532
186	ף	7	0.0045	0.6532
186	そ	7	0.0045	0.6532
186	つ	7	0.0045	0.6532
186	信	7	0.0045	0.6532
186	全	7	0.0045	0.6532
186	声	7	0.0045	0.6532
186	木	7	0.0045	0.6532
186	生	7	0.0045	0.6532
186	立	7	0.0045	0.6532
187	ĥ	6	0.0039	0.5911
187	ɱ	6	0.0039	0.5911
187	б	6	0.0039	0.5911
187	и	6	0.0039	0.5911
187	ѽ	6	0.0039	0.5911
187	ۈ	6	0.0039	0.5911
187	ὀ	6	0.0039	0.5911
187	二	6	0.0039	0.5911
187	会	6	0.0039	0.5911
187	健	6	0.0039	0.5911
187	喜	6	0.0039	0.5911
187	守	6	0.0039	0.5911
187	年	6	0.0039	0.5911
187	度	6	0.0039	0.5911
187	念	6	0.0039	0.5911
187	怖	6	0.0039	0.5911
187	愛	6	0.0039	0.5911
187	早	6	0.0039	0.5911
187	残	6	0.0039	0.5911
187	瀬	6	0.0039	0.5911
187	目	6	0.0039	0.5911
187	結	6	0.0039	0.5911
187	続	6	0.0039	0.5911
187	聞	6	0.0039	0.5911
187	街	6	0.0039	0.5911
187	足	6	0.0039	0.5911
187	逸	6	0.0039	0.5911
187	遣	6	0.0039	0.5911
187	音	6	0.0039	0.5911
187	響	6	0.0039	0.5911
187	ﻟ	6	0.0039	0.5911
188	ů	5	0.0032	0.5051
188	ΐ	5	0.0032	0.5051
188	β	5	0.0032	0.5051
188	о	5	0.0032	0.5051
188	ъ	5	0.0032	0.5051
188	ה	5	0.0032	0.5051
188	ے	5	0.0032	0.5051
188	ế	5	0.0032	0.5051
188	み	5	0.0032	0.5051
188	旅	5	0.0032	0.5051
188	枯	5	0.0032	0.5051
188	産	5	0.0032	0.5051
188	色	5	0.0032	0.5051
188	ﻏ	5	0.0032	0.5051
189	ĝ	4	0.0026	0.415
189	ŕ	4	0.0026	0.415
189	ŭ	4	0.0026	0.415
189	̯	4	0.0026	0.415
189	м	4	0.0026	0.415
189	р	4	0.0026	0.415
189	ь	4	0.0026	0.415
189	צ	4	0.0026	0.415
189	ק	4	0.0026	0.415
189	ת	4	0.0026	0.415
189	ٰ	4	0.0026	0.415
189	ܨ	4	0.0026	0.415
189	ஃ	4	0.0026	0.415
189	ஞ	4	0.0026	0.415
189	ආ	4	0.0026	0.415
189	ජ	4	0.0026	0.415
189	බ	4	0.0026	0.415
189	ෝ	4	0.0026	0.415
189	ị	4	0.0026	0.415
189	ỡ	4	0.0026	0.415
189	お	4	0.0026	0.415
189	ぬ	4	0.0026	0.415
189	へ	4	0.0026	0.415
189	タ	4	0.0026	0.415
189	ツ	4	0.0026	0.415
189	三	4	0.0026	0.415
189	人	4	0.0026	0.415
189	僕	4	0.0026	0.415
189	南	4	0.0026	0.415
189	四	4	0.0026	0.415
189	小	4	0.0026	0.415
189	山	4	0.0026	0.415
189	泰	4	0.0026	0.415
189	直	4	0.0026	0.415
189	翔	4	0.0026	0.415
190	ğ	3	0.0019	0.2788
190	г	3	0.0019	0.2788
190	з	3	0.0019	0.2788
190	н	3	0.0019	0.2788
190	ִ	3	0.0019	0.2788
190	ַ	3	0.0019	0.2788
190	מ	3	0.0019	0.2788
190	נ	3	0.0019	0.2788
190	ٜ	3	0.0019	0.2788
190	ڷ	3	0.0019	0.2788
190	ۂ	3	0.0019	0.2788
190	ぼ	3	0.0019	0.2788
190	ろ	3	0.0019	0.2788
190	ン	3	0.0019	0.2788
190	一	3	0.0019	0.2788
190	世	3	0.0019	0.2788
190	君	3	0.0019	0.2788
190	希	3	0.0019	0.2788
190	描	3	0.0019	0.2788
190	望	3	0.0019	0.2788
190	染	3	0.0019	0.2788
190	灰	3	0.0019	0.2788
190	界	3	0.0019	0.2788
190	白	3	0.0019	0.2788
190	空	3	0.0019	0.2788
190	美	3	0.0019	0.2788
190	ﺭ	3	0.0019	0.2788
190	ﻫ	3	0.0019	0.2788
191	ì	2	0.0013	0.1139
191	ť	2	0.0013	0.1139
191	ǻ	2	0.0013	0.1139
191	̃	2	0.0013	0.1139
191	ϊ	2	0.0013	0.1139
191	а	2	0.0013	0.1139
191	є	2	0.0013	0.1139
191	ѧ	2	0.0013	0.1139
191	ғ	2	0.0013	0.1139
191	ֳ	2	0.0013	0.1139
191	ָ	2	0.0013	0.1139
191	ڢ	2	0.0013	0.1139
191	ܛ	2	0.0013	0.1139
191	ः	2	0.0013	0.1139
191	ౡ	2	0.0013	0.1139
191	ි	2	0.0013	0.1139
191	ු	2	0.0013	0.1139
191	ཊ	2	0.0013	0.1139
191	ọ	2	0.0013	0.1139
191	ố	2	0.0013	0.1139
191	ℓ	2	0.0013	0.1139
191	ほ	2	0.0013	0.1139
191	め	2	0.0013	0.1139
191	以	2	0.0013	0.1139
191	凍	2	0.0013	0.1139
191	出	2	0.0013	0.1139
191	劇	2	0.0013	0.1139
191	原	2	0.0013	0.1139
191	去	2	0.0013	0.1139
191	叶	2	0.0013	0.1139
191	后	2	0.0013	0.1139
191	咲	2	0.0013	0.1139
191	哀	2	0.0013	0.1139
191	哉	2	0.0013	0.1139
191	夜	2	0.0013	0.1139
191	夢	2	0.0013	0.1139
191	子	2	0.0013	0.1139
191	学	2	0.0013	0.1139
191	彼	2	0.0013	0.1139
191	惨	2	0.0013	0.1139
191	想	2	0.0013	0.1139
191	晓	2	0.0013	0.1139
191	来	2	0.0013	0.1139
191	果	2	0.0013	0.1139
191	猪	2	0.0013	0.1139
191	由	2	0.0013	0.1139
191	疵	2	0.0013	0.1139
191	破	2	0.0013	0.1139
191	紀	2	0.0013	0.1139
191	翼	2	0.0013	0.1139
191	自	2	0.0013	0.1139
191	華	2	0.0013	0.1139
191	葉	2	0.0013	0.1139
191	蝶	2	0.0013	0.1139
191	逢	2	0.0013	0.1139
191	雀	2	0.0013	0.1139
191	雨	2	0.0013	0.1139
191	鹿	2	0.0013	0.1139
191	ﭙ	2	0.0013	0.1139
191	ﯾ	2	0.0013	0.1139
191	️	2	0.0013	0.1139
191	ﺔ	2	0.0013	0.1139
191	ﺬ	2	0.0013	0.1139
191	ﻓ	2	0.0013	0.1139
191	ﻰ	2	0.0013	0.1139
191	ﻴ	2	0.0013	0.1139
192	ā	1	0.0006	-0.2218
192	ą	1	0.0006	-0.2218
192	ď	1	0.0006	-0.2218
192	ĳ	1	0.0006	-0.2218
192	ŀ	1	0.0006	-0.2218
192	ň	1	0.0006	-0.2218
192	ŧ	1	0.0006	-0.2218
192	ū	1	0.0006	-0.2218
192	ǎ	1	0.0006	-0.2218
192	ș	1	0.0006	-0.2218
192	ʼ	1	0.0006	-0.2218
192	ψ	1	0.0006	-0.2218
192	в	1	0.0006	-0.2218
192	д	1	0.0006	-0.2218
192	е	1	0.0006	-0.2218
192	ж	1	0.0006	-0.2218
192	к	1	0.0006	-0.2218
192	п	1	0.0006	-0.2218
192	т	1	0.0006	-0.2218
192	у	1	0.0006	-0.2218
192	х	1	0.0006	-0.2218
192	ч	1	0.0006	-0.2218
192	ђ	1	0.0006	-0.2218
192	ѓ	1	0.0006	-0.2218
192	ӕ	1	0.0006	-0.2218
192	כ	1	0.0006	-0.2218
192	ڳ	1	0.0006	-0.2218
192	ڵ	1	0.0006	-0.2218
192	ۅ	1	0.0006	-0.2218
192	ۖ	1	0.0006	-0.2218
192	ۚ	1	0.0006	-0.2218
192	ँ	1	0.0006	-0.2218
192	ṕ	1	0.0006	-0.2218
192	ắ	1	0.0006	-0.2218
192	ẻ	1	0.0006	-0.2218
192	ể	1	0.0006	-0.2218
192	ỉ	1	0.0006	-0.2218
192	ỏ	1	0.0006	-0.2218
192	ở	1	0.0006	-0.2218
192	ụ	1	0.0006	-0.2218
192	ủ	1	0.0006	-0.2218
192	ぎ	1	0.0006	-0.2218
192	ぐ	1	0.0006	-0.2218
192	げ	1	0.0006	-0.2218
192	す	1	0.0006	-0.2218
192	ず	1	0.0006	-0.2218
192	せ	1	0.0006	-0.2218
192	び	1	0.0006	-0.2218
192	ふ	1	0.0006	-0.2218
192	カ	1	0.0006	-0.2218
192	ス	1	0.0006	-0.2218
192	ネ	1	0.0006	-0.2218
192	ミ	1	0.0006	-0.2218
192	上	1	0.0006	-0.2218
192	与	1	0.0006	-0.2218
192	五	1	0.0006	-0.2218
192	例	1	0.0006	-0.2218
192	侘	1	0.0006	-0.2218
192	傷	1	0.0006	-0.2218
192	共	1	0.0006	-0.2218
192	冥	1	0.0006	-0.2218
192	凱	1	0.0006	-0.2218
192	刀	1	0.0006	-0.2218
192	刃	1	0.0006	-0.2218
192	刹	1	0.0006	-0.2218
192	加	1	0.0006	-0.2218
192	名	1	0.0006	-0.2218
192	告	1	0.0006	-0.2218
192	命	1	0.0006	-0.2218
192	回	1	0.0006	-0.2218
192	国	1	0.0006	-0.2218
192	堕	1	0.0006	-0.2218
192	塊	1	0.0006	-0.2218
192	壊	1	0.0006	-0.2218
192	大	1	0.0006	-0.2218
192	天	1	0.0006	-0.2218
192	失	1	0.0006	-0.2218
192	孔	1	0.0006	-0.2218
192	尾	1	0.0006	-0.2218
192	崎	1	0.0006	-0.2218
192	崩	1	0.0006	-0.2218
192	己	1	0.0006	-0.2218
192	幻	1	0.0006	-0.2218
192	廊	1	0.0006	-0.2218
192	彡	1	0.0006	-0.2218
192	彩	1	0.0006	-0.2218
192	影	1	0.0006	-0.2218
192	待	1	0.0006	-0.2218
192	恋	1	0.0006	-0.2218
192	恐	1	0.0006	-0.2218
192	惑	1	0.0006	-0.2218
192	愚	1	0.0006	-0.2218
192	憧	1	0.0006	-0.2218
192	懼	1	0.0006	-0.2218
192	戸	1	0.0006	-0.2218
192	手	1	0.0006	-0.2218
192	抬	1	0.0006	-0.2218
192	搏	1	0.0006	-0.2218
192	摘	1	0.0006	-0.2218
192	故	1	0.0006	-0.2218
192	斬	1	0.0006	-0.2218
192	新	1	0.0006	-0.2218
192	方	1	0.0006	-0.2218
192	旋	1	0.0006	-0.2218
192	昔	1	0.0006	-0.2218
192	時	1	0.0006	-0.2218
192	晒	1	0.0006	-0.2218
192	景	1	0.0006	-0.2218
192	暦	1	0.0006	-0.2218
192	更	1	0.0006	-0.2218
192	最	1	0.0006	-0.2218
192	期	1	0.0006	-0.2218
192	未	1	0.0006	-0.2218
192	朱	1	0.0006	-0.2218
192	枝	1	0.0006	-0.2218
192	某	1	0.0006	-0.2218
192	樹	1	0.0006	-0.2218
192	檻	1	0.0006	-0.2218
192	歌	1	0.0006	-0.2218
192	殺	1	0.0006	-0.2218
192	汽	1	0.0006	-0.2218
192	澄	1	0.0006	-0.2218
192	焼	1	0.0006	-0.2218
192	燃	1	0.0006	-0.2218
192	理	1	0.0006	-0.2218
192	瓦	1	0.0006	-0.2218
192	疣	1	0.0006	-0.2218
192	癤	1	0.0006	-0.2218
192	真	1	0.0006	-0.2218
192	眠	1	0.0006	-0.2218
192	矢	1	0.0006	-0.2218
192	砂	1	0.0006	-0.2218
192	研	1	0.0006	-0.2218
192	確	1	0.0006	-0.2218
192	礫	1	0.0006	-0.2218
192	神	1	0.0006	-0.2218
192	禁	1	0.0006	-0.2218
192	穂	1	0.0006	-0.2218
192	第	1	0.0006	-0.2218
192	答	1	0.0006	-0.2218
192	紅	1	0.0006	-0.2218
192	絆	1	0.0006	-0.2218
192	綺	1	0.0006	-0.2218
192	繋	1	0.0006	-0.2218
192	羅	1	0.0006	-0.2218
192	羽	1	0.0006	-0.2218
192	翳	1	0.0006	-0.2218
192	胸	1	0.0006	-0.2218
192	舞	1	0.0006	-0.2218
192	荒	1	0.0006	-0.2218
192	蓮	1	0.0006	-0.2218
192	藍	1	0.0006	-0.2218
192	虚	1	0.0006	-0.2218
192	螺	1	0.0006	-0.2218
192	行	1	0.0006	-0.2218
192	褪	1	0.0006	-0.2218
192	話	1	0.0006	-0.2218
192	賑	1	0.0006	-0.2218
192	赤	1	0.0006	-0.2218
192	車	1	0.0006	-0.2218
192	这	1	0.0006	-0.2218
192	迷	1	0.0006	-0.2218
192	速	1	0.0006	-0.2218
192	過	1	0.0006	-0.2218
192	違	1	0.0006	-0.2218
192	遠	1	0.0006	-0.2218
192	那	1	0.0006	-0.2218
192	酎	1	0.0006	-0.2218
192	里	1	0.0006	-0.2218
192	鈍	1	0.0006	-0.2218
192	鋭	1	0.0006	-0.2218
192	鋼	1	0.0006	-0.2218
192	鐡	1	0.0006	-0.2218
192	閃	1	0.0006	-0.2218
192	間	1	0.0006	-0.2218
192	限	1	0.0006	-0.2218
192	隊	1	0.0006	-0.2218
192	離	1	0.0006	-0.2218
192	霊	1	0.0006	-0.2218
192	青	1	0.0006	-0.2218
192	静	1	0.0006	-0.2218
192	駘	1	0.0006	-0.2218
192	鮮	1	0.0006	-0.2218
192	黒	1	0.0006	-0.2218
192	黙	1	0.0006	-0.2218
192	긔	1	0.0006	-0.2218
192	기	1	0.0006	-0.2218
192	서	1	0.0006	-0.2218
192	송	1	0.0006	-0.2218
192	용	1	0.0006	-0.2218
192	중	1	0.0006	-0.2218
192	ﬁ	1	0.0006	-0.2218
192	ﮤ	1	0.0006	-0.2218
192	ﯖ	1	0.0006	-0.2218
192	ﷺ	1	0.0006	-0.2218
192	ﺆ	1	0.0006	-0.2218
192	ﺗ	1	0.0006	-0.2218
192	ﺪ	1	0.0006	-0.2218
192	ﺻ	1	0.0006	-0.2218
192	ﺼ	1	0.0006	-0.2218
192	ﻊ	1	0.0006	-0.2218
192	ﻋ	1	0.0006	-0.2218
192	ﻔ	1	0.0006	-0.2218
192	ﻜ	1	0.0006	-0.2218
192	ﻞ	1	0.0006	-0.2218
192	ﻬ	1	0.0006	-0.2218
192	ﻳ	1	0.0006	-0.2218
