Rank	Character	Frequency	Frequency per million	Zipf value
1	a	278784267	116939.7677	8.068
2	o	233964807	98139.6493	7.9918
3	i	232780140	97642.725	7.9896
4	e	220655690	92556.9632	7.9664
5	n	131673691	55232.2805	7.7422
6	t	127779921	53598.9869	7.7292
7	s	114260970	47928.2832	7.6806
8	j	113183958	47476.5162	7.6765
9	m	108329609	45440.2949	7.6574
10	r	102560023	43020.1654	7.6337
11	d	92904421	38969.9947	7.5907
12	u	87934481	36885.2873	7.5669
13	l	81442403	34162.0989	7.5335
14	v	76424152	32057.1268	7.5059
15	k	67539797	28330.4659	7.4523
16	p	57372799	24065.7834	7.3814
17	b	41955578	17598.8251	7.2455
18	z	40083327	16813.4845	7.2257
19	g	36642039	15369.9905	7.1867
20	š	36456718	15292.2551	7.1845
21	c	19273277	8084.4323	6.9076
22	č	18227953	7645.9573	6.8834
23	ć	17664760	7409.7185	6.8698
24	h	16616935	6970.1943	6.8432
25	ž	15881375	6661.6539	6.8236
26	f	4122595	1729.2773	6.2379
27	đ	3769128	1581.0109	6.1989
28	y	3300546	1384.4579	6.1413
29	w	1541253	646.4991	5.8106
30	x	394770	165.5915	5.219
31	q	134254	56.3146	4.7506
32	а	39745	16.6716	4.222
33	è	25595	10.7362	4.0309
34	æ	25559	10.7211	4.0302
35	ą	23849	10.0038	4.0002
36	é	22071	9.258	3.9665
37	â	20022	8.3985	3.9242
38	ˇ	15234	6.3901	3.8055
39	ľ	14771	6.1959	3.7921
40	ð	14261	5.982	3.7768
41	о	13220	5.5453	3.7439
42	е	11881	4.9836	3.6975
43	ü	11366	4.7676	3.6783
44	ĺ	9006	3.7777	3.5772
45	ä	8971	3.763	3.5755
46	ş	8166	3.4253	3.5347
47	ö	6921	2.9031	3.4629
48	í	6537	2.742	3.4381
49	á	6267	2.6288	3.4198
50	ó	4999	2.0969	3.3216
51	ј	4201	1.7622	3.2461
52	ť	4148	1.7399	3.2405
53	ç	4136	1.7349	3.2393
54	ń	3648	1.5302	3.1847
55	ŕ	2424	1.0168	3.0072
56	ô	2285	0.9585	2.9816
57	î	2041	0.8561	2.9325
58	т	1926	0.8079	2.9074
59	ă	1886	0.7911	2.8982
60	ř	1692	0.7097	2.8511
61	м	1583	0.664	2.8222
62	ł	1441	0.6044	2.7813
63	к	1410	0.5914	2.7719
64	ň	1242	0.521	2.7168
65	ë	1205	0.5055	2.7037
66	ú	1182	0.4958	2.6953
67	ţ	1024	0.4295	2.633
68	ż	957	0.4014	2.6036
69	ě	940	0.3943	2.5958
70	љ	933	0.3914	2.5926
71	ś	929	0.3897	2.5907
72	ý	906	0.38	2.5798
73	ę	766	0.3213	2.5069
74	и	690	0.2894	2.4615
75	µ	631	0.2647	2.4228
76	р	537	0.2253	2.3528
77	ď	507	0.2127	2.3278
78	ã	472	0.198	2.2967
79	ж	437	0.1833	2.2632
80	ª	420	0.1762	2.246
81	ź	418	0.1753	2.2438
82	ћ	405	0.1699	2.2302
83	ñ	376	0.1577	2.1978
84	ø	365	0.1531	2.185
85	þ	342	0.1435	2.1569
85	ζ	342	0.1435	2.1569
86	ő	335	0.1405	2.1477
87	θ	323	0.1355	2.1319
88	カ	284	0.1191	2.0759
89	ì	257	0.1078	2.0326
90	ß	255	0.107	2.0294
91	º	240	0.1007	2.003
92	ű	218	0.0914	1.9609
93	ů	200	0.0839	1.9238
94	с	195	0.0818	1.9128
95	ğ	187	0.0784	1.8943
96	н	172	0.0721	1.8579
97	д	145	0.0608	1.7839
98	в	120	0.0503	1.7016
99	à	116	0.0487	1.6875
99	ò	116	0.0487	1.6875
100	愀	107	0.0449	1.6522
101	û	98	0.0411	1.6138
102	у	97	0.0407	1.6096
103	г	95	0.0398	1.5999
104	π	92	0.0386	1.5866
105	攀	91	0.0382	1.5821
106	б	90	0.0378	1.5775
107	å	78	0.0327	1.5145
108	п	75	0.0315	1.4983
109	л	74	0.031	1.4914
110	œ	69	0.0289	1.4609
111	椀	66	0.0277	1.4425
112	漀	64	0.0268	1.4281
113	ù	62	0.026	1.415
114	ĉ	56	0.0235	1.3711
115	樀	54	0.0227	1.356
116	х	53	0.0222	1.3464
117	ш	52	0.0218	1.3385
118	ĳ	47	0.0197	1.2945
118	ђ	47	0.0197	1.2945
119	з	46	0.0193	1.2856
119	猀	46	0.0193	1.2856
120	渀	45	0.0189	1.2765
121	琀	41	0.0172	1.2355
122	椁	39	0.0164	1.2148
122	欀	39	0.0164	1.2148
123	甀	37	0.0155	1.1903
124	ï	36	0.0151	1.179
124	氀	36	0.0151	1.179
124	洀	36	0.0151	1.179
125	瘀	32	0.0134	1.1271
126	ê	31	0.013	1.1139
127	攁	29	0.0122	1.0864
128	爀	27	0.0113	1.0531
129	ā	24	0.0101	1.0043
130	ф	21	0.0088	0.9445
131	õ	19	0.008	0.9031
132	ч	18	0.0076	0.8808
132	愁	18	0.0076	0.8808
133	́	17	0.0071	0.8513
133	ё	17	0.0071	0.8513
134	ⰰ	16	0.0067	0.8261
135	ε	15	0.0063	0.7993
136	ÿ	14	0.0059	0.7709
136	ا	14	0.0059	0.7709
136	戀	14	0.0059	0.7709
136	搀	14	0.0059	0.7709
137	й	12	0.005	0.699
137	ц	12	0.005	0.699
137	ќ	12	0.005	0.699
138	ρ	11	0.0046	0.6628
138	φ	11	0.0046	0.6628
138	最	11	0.0046	0.6628
138	瀀	11	0.0046	0.6628
138	稀	11	0.0046	0.6628
139	α	10	0.0042	0.6232
140	κ	9	0.0038	0.5798
140	ي	9	0.0038	0.5798
141	ί	8	0.0034	0.5315
141	ι	8	0.0034	0.5315
141	ν	8	0.0034	0.5315
141	ο	8	0.0034	0.5315
141	ς	8	0.0034	0.5315
141	挀	8	0.0034	0.5315
142	τ	7	0.0029	0.4624
142	э	7	0.0029	0.4624
142	㼀	7	0.0029	0.4624
142	漁	7	0.0029	0.4624
142	甁	7	0.0029	0.4624
143	ƒ	6	0.0025	0.3979
143	γ	6	0.0025	0.3979
143	ѕ	6	0.0025	0.3979
143	ґ	6	0.0025	0.3979
143	渁	6	0.0025	0.3979
144	η	5	0.0021	0.3222
144	њ	5	0.0021	0.3222
144	џ	5	0.0021	0.3222
144	ӕ	5	0.0021	0.3222
144	ت	5	0.0021	0.3222
144	س	5	0.0021	0.3222
144	و	5	0.0021	0.3222
144	䐀	5	0.0021	0.3222
144	縀	5	0.0021	0.3222
145	ы	4	0.0017	0.2304
145	ѓ	4	0.0017	0.2304
145	ѽ	4	0.0017	0.2304
145	ر	4	0.0017	0.2304
145	ن	4	0.0017	0.2304
145	ᄀ	4	0.0017	0.2304
145	匀	4	0.0017	0.2304
145	多	4	0.0017	0.2304
145	痴	4	0.0017	0.2304
145	眉	4	0.0017	0.2304
145	礀	4	0.0017	0.2304
145	茅	4	0.0017	0.2304
146	ō	3	0.0013	0.1139
146	ǽ	3	0.0013	0.1139
146	μ	3	0.0013	0.1139
146	σ	3	0.0013	0.1139
146	υ	3	0.0013	0.1139
146	χ	3	0.0013	0.1139
146	ό	3	0.0013	0.1139
146	ب	3	0.0013	0.1139
146	خ	3	0.0013	0.1139
146	د	3	0.0013	0.1139
146	ق	3	0.0013	0.1139
146	ك	3	0.0013	0.1139
146	ل	3	0.0013	0.1139
146	م	3	0.0013	0.1139
146	ه	3	0.0013	0.1139
146	䴀	3	0.0013	0.1139
146	一	3	0.0013	0.1139
146	斯	3	0.0013	0.1139
146	栀	3	0.0013	0.1139
146	约	3	0.0013	0.1139
147	ț	2	0.0008	-0.0969
147	̇	2	0.0008	-0.0969
147	ά	2	0.0008	-0.0969
147	έ	2	0.0008	-0.0969
147	λ	2	0.0008	-0.0969
147	ω	2	0.0008	-0.0969
147	щ	2	0.0008	-0.0969
147	ь	2	0.0008	-0.0969
147	я	2	0.0008	-0.0969
147	ї	2	0.0008	-0.0969
147	ة	2	0.0008	-0.0969
147	ذ	2	0.0008	-0.0969
147	ص	2	0.0008	-0.0969
147	ف	2	0.0008	-0.0969
147	ⰱ	2	0.0008	-0.0969
147	䬀	2	0.0008	-0.0969
147	么	2	0.0008	-0.0969
147	伊	2	0.0008	-0.0969
147	吀	2	0.0008	-0.0969
147	坊	2	0.0008	-0.0969
147	奇	2	0.0008	-0.0969
147	拉	2	0.0008	-0.0969
147	欁	2	0.0008	-0.0969
147	特	2	0.0008	-0.0969
147	琁	2	0.0008	-0.0969
147	看	2	0.0008	-0.0969
147	翰	2	0.0008	-0.0969
147	诺	2	0.0008	-0.0969
147	里	2	0.0008	-0.0969
147	雷	2	0.0008	-0.0969
147	️	2	0.0008	-0.0969
148	ċ	1	0.0004	-0.3979
148	ė	1	0.0004	-0.3979
148	ī	1	0.0004	-0.3979
148	β	1	0.0004	-0.3979
148	ξ	1	0.0004	-0.3979
148	ѝ	1	0.0004	-0.3979
148	ء	1	0.0004	-0.3979
148	ج	1	0.0004	-0.3979
148	ع	1	0.0004	-0.3979
148	ى	1	0.0004	-0.3979
148	ⴀ	1	0.0004	-0.3979
148	て	1	0.0004	-0.3979
148	め	1	0.0004	-0.3979
148	や	1	0.0004	-0.3979
148	䄀	1	0.0004	-0.3979
148	䈀	1	0.0004	-0.3979
148	䠀	1	0.0004	-0.3979
148	䤀	1	0.0004	-0.3979
148	䰀	1	0.0004	-0.3979
148	亚	1	0.0004	-0.3979
148	伦	1	0.0004	-0.3979
148	佛	1	0.0004	-0.3979
148	你	1	0.0004	-0.3979
148	健	1	0.0004	-0.3979
148	刀	1	0.0004	-0.3979
148	博	1	0.0004	-0.3979
148	叫	1	0.0004	-0.3979
148	吉	1	0.0004	-0.3979
148	咜	1	0.0004	-0.3979
148	唀	1	0.0004	-0.3979
148	塞	1	0.0004	-0.3979
148	客	1	0.0004	-0.3979
148	尔	1	0.0004	-0.3979
148	尼	1	0.0004	-0.3979
148	布	1	0.0004	-0.3979
148	帽	1	0.0004	-0.3979
148	康	1	0.0004	-0.3979
148	拜	1	0.0004	-0.3979
148	昀	1	0.0004	-0.3979
148	明	1	0.0004	-0.3979
148	杰	1	0.0004	-0.3979
148	枚	1	0.0004	-0.3979
148	格	1	0.0004	-0.3979
148	樁	1	0.0004	-0.3979
148	汉	1	0.0004	-0.3979
148	洁	1	0.0004	-0.3979
148	照	1	0.0004	-0.3979
148	片	1	0.0004	-0.3979
148	的	1	0.0004	-0.3979
148	维	1	0.0004	-0.3979
148	美	1	0.0004	-0.3979
148	胫	1	0.0004	-0.3979
148	脿	1	0.0004	-0.3979
148	芒	1	0.0004	-0.3979
148	芬	1	0.0004	-0.3979
148	莽	1	0.0004	-0.3979
148	葛	1	0.0004	-0.3979
148	迪	1	0.0004	-0.3979
148	鈾	1	0.0004	-0.3979
148	铆	1	0.0004	-0.3979
148	阿	1	0.0004	-0.3979
148	静	1	0.0004	-0.3979
148	马	1	0.0004	-0.3979
148	잚	1	0.0004	-0.3979
148	횅	1	0.0004	-0.3979
148	ﬂ	1	0.0004	-0.3979
