Rank	Character	Frequency	Frequency per million	Zipf value
1	e	1121921405	115523.9749	8.0627
2	t	887573490	91393.2269	7.9609
3	o	864359073	89002.8441	7.9494
4	a	741231975	76324.4766	7.8827
5	i	684483327	70481.0821	7.8481
6	n	633145497	65194.8382	7.8142
7	s	565109591	58189.1975	7.7648
8	h	562401387	57910.3344	7.7628
9	r	512178846	52738.9315	7.7221
10	l	405684937	41773.2795	7.6209
11	u	359577218	37025.5789	7.5685
12	d	338755057	34881.526	7.5426
13	y	321854594	33141.2895	7.5204
14	m	267655156	27560.3865	7.4403
15	w	254260781	26181.1709	7.418
16	g	239934447	24705.9918	7.3928
17	c	215773534	22218.1485	7.3467
18	f	161173292	16595.9748	7.22
19	b	147068853	15143.6441	7.1802
20	p	144408825	14869.7417	7.1723
21	k	135434422	13945.6496	7.1444
22	v	94567415	9737.5838	6.9885
23	j	25883411	2665.2086	6.4257
24	x	12248397	1261.2145	6.1008
25	z	7522266	774.5659	5.8891
26	q	5611957	577.8619	5.7618
27	é	330447	34.026	4.5318
28	ö	176812	18.2063	4.2602
29	ο	124183	12.7871	4.1068
30	ÿ	81777	8.4206	3.9253
31	í	78653	8.0989	3.9084
32	â	78105	8.0425	3.9054
33	ü	70071	7.2152	3.8582
34	á	67838	6.9853	3.8442
35	ó	57805	5.9522	3.7747
36	ñ	52899	5.447	3.7362
37	ª	51972	5.3515	3.7285
38	è	41076	4.2296	3.6263
39	ã	33412	3.4404	3.5366
40	ä	31129	3.2053	3.5059
41	à	30083	3.0976	3.491
42	ç	29599	3.0478	3.484
43	ν	22481	2.3149	3.3645
44	æ	18220	1.8761	3.2733
45	υ	17963	1.8496	3.2671
46	ø	15686	1.6152	3.2082
47	î	15513	1.5974	3.2034
48	η	15433	1.5891	3.2012
49	ê	15257	1.571	3.1962
50	ï	14083	1.4501	3.1614
51	å	13639	1.4044	3.1475
52	ú	13388	1.3786	3.1394
53	τ	12828	1.3209	3.1209
54	ô	11827	1.2178	3.0856
55	ý	11494	1.1835	3.0732
56	º	10655	1.0971	3.0402
57	ì	10500	1.0812	3.0339
58	ë	10001	1.0298	3.0128
59	þ	9770	1.006	3.0026
60	ﬂ	9536	0.9819	2.9921
61	ò	9461	0.9742	2.9886
62	ð	7993	0.823	2.9154
63	µ	7470	0.7692	2.886
64	š	7452	0.7673	2.885
65	ù	5909	0.6084	2.7842
66	ß	5859	0.6033	2.7805
67	û	5270	0.5427	2.7346
68	õ	4470	0.4603	2.663
69	œ	4372	0.4502	2.6534
70	ﬁ	4338	0.4467	2.65
71	α	4201	0.4326	2.6361
72	у	4050	0.417	2.6201
73	ι	3975	0.4093	2.612
74	μ	3202	0.3297	2.5181
75	ε	2887	0.2973	2.4732
76	ž	2846	0.2931	2.467
77	а	2843	0.2927	2.4664
78	е	2671	0.275	2.4393
79	о	2564	0.264	2.4216
80	в	2492	0.2566	2.4093
81	ş	2102	0.2164	2.3353
82	β	2049	0.211	2.3243
83	ś	1954	0.2012	2.3036
84	ı	1917	0.1974	2.2953
85	ί	1848	0.1903	2.2794
86	κ	1777	0.183	2.2625
87	т	1699	0.1749	2.2428
88	ā	1658	0.1707	2.2322
89	ō	1637	0.1686	2.2269
90	̇	1310	0.1349	2.13
91	н	1278	0.1316	2.1193
92	р	1236	0.1273	2.1048
93	ρ	1211	0.1247	2.0959
94	ł	1165	0.12	2.0792
95	ي	1064	0.1096	2.0398
96	ђ	1044	0.1075	2.0314
97	с	1024	0.1054	2.0228
98	ل	971	0.1	2.0
99	ğ	966	0.0995	1.9978
100	い	890	0.0916	1.9619
101	ا	799	0.0823	1.9154
102	č	773	0.0796	1.9009
103	の	730	0.0752	1.8762
104	て	724	0.0746	1.8727
105	̶	705	0.0726	1.8609
106	م	696	0.0717	1.8555
107	ă	675	0.0695	1.842
108	є	591	0.0609	1.7846
109	π	571	0.0588	1.7694
110	и	561	0.0578	1.7619
111	м	554	0.057	1.7559
112	な	551	0.0567	1.7536
113	ť	548	0.0564	1.7513
114	σ	546	0.0562	1.7497
115	ū	527	0.0543	1.7348
116	に	518	0.0533	1.7267
117	г	514	0.0529	1.7235
118	た	509	0.0524	1.7193
119	්	493	0.0508	1.7059
120	ن	470	0.0484	1.6848
121	ń	451	0.0464	1.6665
122	י	422	0.0435	1.6385
123	で	413	0.0425	1.6284
124	る	408	0.042	1.6232
125	ć	401	0.0413	1.616
126	ו	397	0.0409	1.6117
127	ī	387	0.0398	1.5999
128	し	385	0.0396	1.5977
128	ら	385	0.0396	1.5977
129	δ	378	0.0389	1.5899
130	も	375	0.0386	1.5866
131	λ	373	0.0384	1.5843
132	う	370	0.0381	1.5809
133	ƒ	365	0.0376	1.5752
134	れ	362	0.0373	1.5717
135	ż	359	0.037	1.5682
136	っ	353	0.0363	1.5599
137	й	352	0.0362	1.5587
138	ς	346	0.0356	1.5514
139	を	339	0.0349	1.5428
140	ά	338	0.0348	1.5416
141	න	337	0.0347	1.5403
142	к	325	0.0335	1.525
142	は	325	0.0335	1.525
143	ت	322	0.0332	1.5211
144	ה	320	0.033	1.5185
145	ό	319	0.0328	1.5159
145	ى	319	0.0328	1.5159
146	ා	311	0.032	1.5051
147	д	310	0.0319	1.5038
148	έ	306	0.0315	1.4983
149	θ	303	0.0312	1.4942
150	ව	290	0.0299	1.4757
151	א	285	0.0293	1.4669
152	л	284	0.0292	1.4654
153	γ	283	0.0291	1.4639
154	か	279	0.0287	1.4579
155	п	274	0.0282	1.4502
156	と	258	0.0266	1.4249
157	ත	257	0.0265	1.4232
157	ｶ	257	0.0265	1.4232
158	ー	256	0.0264	1.4216
159	ω	251	0.0258	1.4116
160	が	248	0.0255	1.4065
161	ל	245	0.0252	1.4014
162	ˆ	240	0.0247	1.3927
163	ˊ	236	0.0243	1.3856
163	ر	236	0.0243	1.3856
164	ת	232	0.0239	1.3784
165	ξ	227	0.0234	1.3692
165	よ	227	0.0234	1.3692
166	け	226	0.0233	1.3674
167	و	225	0.0232	1.3655
168	س	218	0.0224	1.3502
169	з	214	0.022	1.3424
170	ま	213	0.0219	1.3404
171	ř	211	0.0217	1.3365
171	ි	211	0.0217	1.3365
172	く	207	0.0213	1.3284
173	х	206	0.0212	1.3263
173	そ	206	0.0212	1.3263
174	ع	203	0.0209	1.3201
175	ん	200	0.0206	1.3139
176	б	199	0.0205	1.3118
176	ب	199	0.0205	1.3118
177	χ	194	0.02	1.301
177	ර	194	0.02	1.301
177	ස	194	0.02	1.301
178	ṭ	193	0.0199	1.2989
179	ể	192	0.0198	1.2967
180	き	190	0.0196	1.2923
180	だ	190	0.0196	1.2923
181	ר	189	0.0195	1.29
181	د	189	0.0195	1.29
182	ه	188	0.0194	1.2878
183	ك	187	0.0193	1.2856
184	ම	186	0.0192	1.2833
184	え	186	0.0192	1.2833
185	ę	185	0.019	1.2788
186	ය	184	0.0189	1.2765
187	ư	182	0.0187	1.2718
188	أ	179	0.0184	1.2648
188	り	179	0.0184	1.2648
189	ة	178	0.0183	1.2625
190	ב	177	0.0182	1.2601
191	あ	176	0.0181	1.2577
192	מ	173	0.0178	1.2504
193	つ	171	0.0176	1.2455
194	ј	168	0.0173	1.238
195	ѕ	165	0.017	1.2304
196	ු	164	0.0169	1.2279
197	こ	163	0.0168	1.2253
198	ế	162	0.0167	1.2227
199	נ	161	0.0166	1.2201
200	ක	159	0.0164	1.2148
201	я	155	0.016	1.2041
202	ζ	152	0.0157	1.1959
202	鈥	152	0.0157	1.1959
203	đ	151	0.0155	1.1903
204	ą	144	0.0148	1.1703
205	鈾	143	0.0147	1.1673
206	ン	142	0.0146	1.1644
207	ή	141	0.0145	1.1614
208	ļ	140	0.0144	1.1584
208	ග	140	0.0144	1.1584
209	ע	138	0.0142	1.1523
209	さ	138	0.0142	1.1523
210	ق	135	0.0139	1.143
210	ろ	135	0.0139	1.143
211	ש	134	0.0138	1.1399
212	ف	133	0.0137	1.1367
213	і	131	0.0135	1.1303
214	ь	130	0.0134	1.1271
215	ώ	127	0.0131	1.1173
216	ṇ	125	0.0129	1.1106
217	ю	121	0.0125	1.0969
218	ύ	120	0.0124	1.0934
218	せ	120	0.0124	1.0934
219	φ	118	0.0122	1.0864
220	ч	116	0.0119	1.0755
220	ප	116	0.0119	1.0755
221	ﬀ	115	0.0118	1.0719
222	ど	114	0.0117	1.0682
223	ё	112	0.0115	1.0607
223	黨	112	0.0115	1.0607
224	ě	111	0.0114	1.0569
224	ם	111	0.0114	1.0569
224	ද	111	0.0114	1.0569
225	ば	109	0.0112	1.0492
226	ල	107	0.011	1.0414
226	す	107	0.011	1.0414
227	ෙ	106	0.0109	1.0374
227	ḍ	106	0.0109	1.0374
228	日	104	0.0107	1.0294
229	ē	103	0.0106	1.0253
229	ш	103	0.0106	1.0253
230	ج	102	0.0105	1.0212
231	ő	101	0.0104	1.017
232	ц	100	0.0103	1.0128
233	ď	98	0.0101	1.0043
234	ේ	97	0.01	1.0
234	ぶ	97	0.01	1.0
235	ק	96	0.0099	0.9956
236	ح	95	0.0098	0.9912
237	ệ	94	0.0097	0.9868
237	じ	94	0.0097	0.9868
238	ד	93	0.0096	0.9823
238	ට	93	0.0096	0.9823
238	め	93	0.0096	0.9823
238	わ	93	0.0096	0.9823
239	ы	90	0.0093	0.9685
239	ṣ	90	0.0093	0.9685
240	כ	89	0.0092	0.9638
241	ů	88	0.0091	0.959
241	ș	88	0.0091	0.959
242	ţ	86	0.0089	0.9494
243	ґ	83	0.0085	0.9294
243	බ	83	0.0085	0.9294
243	ෝ	83	0.0085	0.9294
244	ź	82	0.0084	0.9243
245	一	81	0.0083	0.9191
245	抯	81	0.0083	0.9191
246	ķ	78	0.008	0.9031
246	ơ	78	0.008	0.9031
247	ח	77	0.0079	0.8976
248	ж	76	0.0078	0.8921
248	茅	76	0.0078	0.8921
249	空	73	0.0075	0.8751
250	ル	72	0.0074	0.8692
251	ľ	71	0.0073	0.8633
251	胶	71	0.0073	0.8633
252	ъ	69	0.0071	0.8513
252	ט	69	0.0071	0.8513
252	ذ	69	0.0071	0.8513
252	ち	69	0.0071	0.8513
253	හ	68	0.007	0.8451
253	イ	68	0.007	0.8451
253	ス	68	0.007	0.8451
254	ז	67	0.0069	0.8388
254	פ	67	0.0069	0.8388
254	်	67	0.0069	0.8388
255	娴	65	0.0067	0.8261
256	檛	64	0.0066	0.8195
256	知	64	0.0066	0.8195
257	ṅ	63	0.0065	0.8129
258	ї	62	0.0064	0.8062
258	ز	62	0.0064	0.8062
258	み	62	0.0064	0.8062
258	人	62	0.0064	0.8062
258	見	62	0.0064	0.8062
259	ṛ	61	0.0063	0.7993
259	へ	61	0.0063	0.7993
259	君	61	0.0063	0.7993
260	分	60	0.0062	0.7924
261	ס	59	0.0061	0.7853
261	ැ	59	0.0061	0.7853
262	ầ	58	0.006	0.7782
262	大	58	0.006	0.7782
263	ỳ	57	0.0059	0.7709
263	ッ	57	0.0059	0.7709
264	ʼ	56	0.0058	0.7634
264	ả	56	0.0058	0.7634
265	خ	55	0.0057	0.7559
265	出	55	0.0057	0.7559
266	ش	54	0.0056	0.7482
266	行	54	0.0056	0.7482
267	ג	53	0.0055	0.7404
268	今	52	0.0054	0.7324
268	ﾖ	52	0.0054	0.7324
269	ˇ	51	0.0053	0.7243
270	إ	50	0.0051	0.7076
270	ạ	50	0.0051	0.7076
270	生	50	0.0051	0.7076
271	ɗ	49	0.005	0.699
271	ク	49	0.005	0.699
271	手	49	0.005	0.699
272	ė	48	0.0049	0.6902
272	ň	48	0.0049	0.6902
272	ў	48	0.0049	0.6902
272	ก	48	0.0049	0.6902
272	府	48	0.0049	0.6902
272	抰	48	0.0049	0.6902
272	風	48	0.0049	0.6902
273	ן	47	0.0048	0.6812
273	中	47	0.0048	0.6812
273	言	47	0.0048	0.6812
274	ร	46	0.0047	0.6721
274	တ	46	0.0047	0.6721
274	ゃ	46	0.0047	0.6721
274	リ	46	0.0047	0.6721
275	צ	45	0.0046	0.6628
275	ص	45	0.0046	0.6628
275	ජ	45	0.0046	0.6628
275	僕	45	0.0046	0.6628
276	ط	44	0.0045	0.6532
276	ゴ	44	0.0045	0.6532
276	ト	44	0.0045	0.6532
276	玉	44	0.0045	0.6532
276	胸	44	0.0045	0.6532
277	ĺ	43	0.0044	0.6435
277	会	43	0.0044	0.6435
277	来	43	0.0044	0.6435
278	や	42	0.0043	0.6335
278	何	42	0.0043	0.6335
278	吹	42	0.0043	0.6335
278	自	42	0.0043	0.6335
279	ボ	41	0.0042	0.6232
279	字	41	0.0042	0.6232
279	明	41	0.0042	0.6232
280	ෆ	40	0.0041	0.6128
280	ひ	40	0.0041	0.6128
280	幕	40	0.0041	0.6128
281	щ	39	0.004	0.6021
281	ာ	39	0.004	0.6021
281	ắ	39	0.004	0.6021
281	ず	39	0.004	0.6021
281	夢	39	0.004	0.6021
281	好	39	0.004	0.6021
281	子	39	0.004	0.6021
281	時	39	0.004	0.6021
282	ො	38	0.0039	0.5911
282	ぬ	38	0.0039	0.5911
282	㨰	38	0.0039	0.5911
282	私	38	0.0039	0.5911
282	翼	38	0.0039	0.5911
283	ợ	37	0.0038	0.5798
283	ぐ	37	0.0038	0.5798
283	カ	37	0.0038	0.5798
283	下	37	0.0038	0.5798
284	ũ	36	0.0037	0.5682
284	آ	36	0.0037	0.5682
284	ِ	36	0.0037	0.5682
284	ූ	36	0.0037	0.5682
284	ေ	36	0.0037	0.5682
284	お	36	0.0037	0.5682
284	げ	36	0.0037	0.5682
284	上	36	0.0037	0.5682
284	ｉ	36	0.0037	0.5682
285	ʻ	35	0.0036	0.5563
285	抱	35	0.0036	0.5563
285	是	35	0.0036	0.5563
285	間	35	0.0036	0.5563
285	青	35	0.0036	0.5563
286	ී	34	0.0035	0.5441
286	ふ	34	0.0035	0.5441
286	ょ	34	0.0035	0.5441
286	信	34	0.0035	0.5441
287	њ	33	0.0034	0.5315
287	း	33	0.0034	0.5315
287	檚	33	0.0034	0.5315
287	無	33	0.0034	0.5315
287	稚	33	0.0034	0.5315
287	足	33	0.0034	0.5315
288	က	32	0.0033	0.5185
288	ジ	32	0.0033	0.5185
288	ャ	32	0.0033	0.5185
288	世	32	0.0033	0.5185
288	ｩ	32	0.0033	0.5185
289	අ	31	0.0032	0.5051
289	ု	31	0.0032	0.5051
289	ự	31	0.0032	0.5051
289	シ	31	0.0032	0.5051
289	値	31	0.0032	0.5051
289	制	31	0.0032	0.5051
289	方	31	0.0032	0.5051
289	痴	31	0.0032	0.5051
290	ǐ	30	0.0031	0.4914
290	ф	30	0.0031	0.4914
290	َ	30	0.0031	0.4914
290	ُ	30	0.0031	0.4914
290	ラ	30	0.0031	0.4914
290	意	30	0.0031	0.4914
290	我	30	0.0031	0.4914
290	的	30	0.0031	0.4914
291	ψ	29	0.003	0.4771
291	む	29	0.003	0.4771
291	エ	29	0.003	0.4771
291	千	29	0.003	0.4771
291	命	29	0.003	0.4771
291	待	29	0.003	0.4771
291	術	29	0.003	0.4771
291	降	29	0.003	0.4771
292	̆	28	0.0029	0.4624
292	ṁ	28	0.0029	0.4624
292	ね	28	0.0029	0.4624
292	天	28	0.0029	0.4624
292	強	28	0.0029	0.4624
292	潦	28	0.0029	0.4624
292	瑮	28	0.0029	0.4624
292	界	28	0.0029	0.4624
292	身	28	0.0029	0.4624
292	転	28	0.0029	0.4624
292	運	28	0.0029	0.4624
292	願	28	0.0029	0.4624
293	ű	27	0.0028	0.4472
293	ǣ	27	0.0028	0.4472
293	ダ	27	0.0028	0.4472
293	地	27	0.0028	0.4472
293	真	27	0.0028	0.4472
294	ŕ	26	0.0027	0.4314
294	ϋ	26	0.0027	0.4314
294	ך	26	0.0027	0.4314
294	ً	26	0.0027	0.4314
294	ပ	26	0.0027	0.4314
294	不	26	0.0027	0.4314
294	小	26	0.0027	0.4314
294	影	26	0.0027	0.4314
294	旅	26	0.0027	0.4314
294	韆	26	0.0027	0.4314
295	ض	25	0.0026	0.415
295	ぼ	25	0.0026	0.415
295	チ	25	0.0026	0.415
295	ド	25	0.0026	0.415
295	ロ	25	0.0026	0.415
295	消	25	0.0026	0.415
295	獄	25	0.0026	0.415
295	由	25	0.0026	0.415
295	雪	25	0.0026	0.415
296	ǎ	24	0.0025	0.3979
296	ث	24	0.0025	0.3979
296	ھ	24	0.0025	0.3979
296	া	24	0.0025	0.3979
296	န	24	0.0025	0.3979
296	ữ	24	0.0025	0.3979
296	ア	24	0.0025	0.3979
296	後	24	0.0025	0.3979
296	所	24	0.0025	0.3979
296	晦	24	0.0025	0.3979
296	最	24	0.0025	0.3979
296	缺	24	0.0025	0.3979
296	聪	24	0.0025	0.3979
297	ආ	23	0.0024	0.3802
297	㤹	23	0.0024	0.3802
297	努	23	0.0024	0.3802
297	泣	23	0.0024	0.3802
297	白	23	0.0024	0.3802
297	眠	23	0.0024	0.3802
297	瞬	23	0.0024	0.3802
297	ｓ	23	0.0024	0.3802
298	һ	22	0.0023	0.3617
298	ظ	22	0.0023	0.3617
298	ඳ	22	0.0023	0.3617
298	ළ	22	0.0023	0.3617
298	လ	22	0.0023	0.3617
298	ိ	22	0.0023	0.3617
298	放	22	0.0023	0.3617
298	犡	22	0.0023	0.3617
298	眉	22	0.0023	0.3617
298	第	22	0.0023	0.3617
298	绢	22	0.0023	0.3617
298	貴	22	0.0023	0.3617
298	飛	22	0.0023	0.3617
299	ء	21	0.0022	0.3424
299	グ	21	0.0022	0.3424
299	压	21	0.0022	0.3424
299	叫	21	0.0022	0.3424
299	夜	21	0.0022	0.3424
299	奥	21	0.0022	0.3424
299	流	21	0.0022	0.3424
299	虹	21	0.0022	0.3424
299	誰	21	0.0022	0.3424
299	遠	21	0.0022	0.3424
300	ỉ	20	0.0021	0.3222
300	々	20	0.0021	0.3222
300	ほ	20	0.0021	0.3222
300	バ	20	0.0021	0.3222
300	マ	20	0.0021	0.3222
300	月	20	0.0021	0.3222
300	未	20	0.0021	0.3222
300	気	20	0.0021	0.3222
300	美	20	0.0021	0.3222
300	顔	20	0.0021	0.3222
301	ٌ	19	0.002	0.301
301	မ	19	0.002	0.301
301	ា	19	0.002	0.301
301	你	19	0.002	0.301
301	場	19	0.002	0.301
301	忘	19	0.002	0.301
301	总	19	0.002	0.301
301	悲	19	0.002	0.301
301	旋	19	0.002	0.301
301	昇	19	0.002	0.301
301	监	19	0.002	0.301
301	睷	19	0.002	0.301
301	笑	19	0.002	0.301
301	道	19	0.002	0.301
301	飘	19	0.002	0.301
302	ḥ	18	0.0019	0.2788
302	オ	18	0.0019	0.2788
302	キ	18	0.0019	0.2788
302	ミ	18	0.0019	0.2788
302	レ	18	0.0019	0.2788
302	側	18	0.0019	0.2788
302	叶	18	0.0019	0.2788
302	屈	18	0.0019	0.2788
302	嵐	18	0.0019	0.2788
302	従	18	0.0019	0.2788
302	熟	18	0.0019	0.2788
302	睨	18	0.0019	0.2788
302	窮	18	0.0019	0.2788
302	背	18	0.0019	0.2788
302	花	18	0.0019	0.2788
302	这	18	0.0019	0.2788
302	静	18	0.0019	0.2788
302	順	18	0.0019	0.2788
302	ｏ	18	0.0019	0.2788
303	้	17	0.0018	0.2553
303	ရ	17	0.0018	0.2553
303	ြ	17	0.0018	0.2553
303	ェ	17	0.0018	0.2553
303	フ	17	0.0018	0.2553
303	令	17	0.0018	0.2553
303	决	17	0.0018	0.2553
303	愛	17	0.0018	0.2553
303	捞	17	0.0018	0.2553
303	本	17	0.0018	0.2553
303	毛	17	0.0018	0.2553
303	目	17	0.0018	0.2553
303	螺	17	0.0018	0.2553
303	路	17	0.0018	0.2553
303	饭	17	0.0018	0.2553
303	ｅ	17	0.0018	0.2553
304	э	16	0.0016	0.2041
304	ћ	16	0.0016	0.2041
304	ං	16	0.0016	0.2041
304	ඩ	16	0.0016	0.2041
304	ခ	16	0.0016	0.2041
304	င	16	0.0016	0.2041
304	ᵒ	16	0.0016	0.2041
304	ấ	16	0.0016	0.2041
304	ậ	16	0.0016	0.2041
304	タ	16	0.0016	0.2041
304	ム	16	0.0016	0.2041
304	农	16	0.0016	0.2041
304	切	16	0.0016	0.2041
304	前	16	0.0016	0.2041
304	度	16	0.0016	0.2041
304	廓	16	0.0016	0.2041
304	心	16	0.0016	0.2041
304	息	16	0.0016	0.2041
304	情	16	0.0016	0.2041
304	感	16	0.0016	0.2041
304	振	16	0.0016	0.2041
304	新	16	0.0016	0.2041
304	涙	16	0.0016	0.2041
304	滚	16	0.0016	0.2041
304	立	16	0.0016	0.2041
304	罪	16	0.0016	0.2041
304	跡	16	0.0016	0.2041
304	返	16	0.0016	0.2041
305	ʰ	15	0.0015	0.1761
305	ئ	15	0.0015	0.1761
305	ඔ	15	0.0015	0.1761
305	့	15	0.0015	0.1761
305	្	15	0.0015	0.1761
305	ọ	15	0.0015	0.1761
305	ụ	15	0.0015	0.1761
305	び	15	0.0015	0.1761
305	ゆ	15	0.0015	0.1761
305	コ	15	0.0015	0.1761
305	什	15	0.0015	0.1761
305	伝	15	0.0015	0.1761
305	力	15	0.0015	0.1761
305	向	15	0.0015	0.1761
305	多	15	0.0015	0.1761
305	探	15	0.0015	0.1761
305	星	15	0.0015	0.1761
305	有	15	0.0015	0.1761
305	醤	15	0.0015	0.1761
305	重	15	0.0015	0.1761
305	閑	15	0.0015	0.1761
305	靛	15	0.0015	0.1761
305	骇	15	0.0015	0.1761
305	ａ	15	0.0015	0.1761
305	ｈ	15	0.0015	0.1761
305	ｎ	15	0.0015	0.1761
306	ǒ	14	0.0014	0.1461
306	ـ	14	0.0014	0.1461
306	ര	14	0.0014	0.1461
306	ඇ	14	0.0014	0.1461
306	ဲ	14	0.0014	0.1461
306	ံ	14	0.0014	0.1461
306	ន	14	0.0014	0.1461
306	ぎ	14	0.0014	0.1461
306	デ	14	0.0014	0.1461
306	㐱	14	0.0014	0.1461
306	㰊	14	0.0014	0.1461
306	㵥	14	0.0014	0.1461
306	丸	14	0.0014	0.1461
306	先	14	0.0014	0.1461
306	器	14	0.0014	0.1461
306	扵	14	0.0014	0.1461
306	拉	14	0.0014	0.1461
306	挠	14	0.0014	0.1461
306	斗	14	0.0014	0.1461
306	斯	14	0.0014	0.1461
306	昣	14	0.0014	0.1461
306	楴	14	0.0014	0.1461
306	殺	14	0.0014	0.1461
306	汯	14	0.0014	0.1461
306	汴	14	0.0014	0.1461
306	渮	14	0.0014	0.1461
306	物	14	0.0014	0.1461
306	牯	14	0.0014	0.1461
306	猠	14	0.0014	0.1461
306	獥	14	0.0014	0.1461
306	獶	14	0.0014	0.1461
306	琮	14	0.0014	0.1461
306	瑥	14	0.0014	0.1461
306	畔	14	0.0014	0.1461
306	眾	14	0.0014	0.1461
306	福	14	0.0014	0.1461
306	穩	14	0.0014	0.1461
306	端	14	0.0014	0.1461
306	続	14	0.0014	0.1461
306	羌	14	0.0014	0.1461
306	聶	14	0.0014	0.1461
306	译	14	0.0014	0.1461
306	迷	14	0.0014	0.1461
306	醲	14	0.0014	0.1461
306	ﾒ	14	0.0014	0.1461
307	̣	13	0.0013	0.1139
307	ഊ	13	0.0013	0.1139
307	ാ	13	0.0013	0.1139
307	ီ	13	0.0013	0.1139
307	ⴠ	13	0.0013	0.1139
307	〬	13	0.0013	0.1139
307	ざ	13	0.0013	0.1139
307	パ	13	0.0013	0.1139
307	㔬	13	0.0013	0.1139
307	㤊	13	0.0013	0.1139
307	㸭	13	0.0013	0.1139
307	二	13	0.0013	0.1139
307	体	13	0.0013	0.1139
307	克	13	0.0013	0.1139
307	失	13	0.0013	0.1139
307	宝	13	0.0013	0.1139
307	寄	13	0.0013	0.1139
307	对	13	0.0013	0.1139
307	広	13	0.0013	0.1139
307	掻	13	0.0013	0.1139
307	时	13	0.0013	0.1139
307	景	13	0.0013	0.1139
307	望	13	0.0013	0.1139
307	永	13	0.0013	0.1139
307	決	13	0.0013	0.1139
307	答	13	0.0013	0.1139
307	翻	13	0.0013	0.1139
307	連	13	0.0013	0.1139
307	ｒ	13	0.0013	0.1139
307	ｙ	13	0.0013	0.1139
308	ĳ	12	0.0012	0.0792
308	ǿ	12	0.0012	0.0792
308	ӳ	12	0.0012	0.0792
308	ম	12	0.0012	0.0792
308	ഹ	12	0.0012	0.0792
308	ණ	12	0.0012	0.0792
308	ෂ	12	0.0012	0.0792
308	ổ	12	0.0012	0.0792
308	ザ	12	0.0012	0.0792
308	ズ	12	0.0012	0.0792
308	ソ	12	0.0012	0.0792
308	ツ	12	0.0012	0.0792
308	ナ	12	0.0012	0.0792
308	付	12	0.0012	0.0792
308	凝	12	0.0012	0.0792
308	史	12	0.0012	0.0792
308	味	12	0.0012	0.0792
308	咲	12	0.0012	0.0792
308	啊	12	0.0012	0.0792
308	始	12	0.0012	0.0792
308	安	12	0.0012	0.0792
308	少	12	0.0012	0.0792
308	左	12	0.0012	0.0792
308	年	12	0.0012	0.0792
308	思	12	0.0012	0.0792
308	抗	12	0.0012	0.0792
308	木	12	0.0012	0.0792
308	檒	12	0.0012	0.0792
308	武	12	0.0012	0.0792
308	湯	12	0.0012	0.0792
308	照	12	0.0012	0.0792
308	碈	12	0.0012	0.0792
308	羘	12	0.0012	0.0792
308	致	12	0.0012	0.0792
308	舞	12	0.0012	0.0792
308	落	12	0.0012	0.0792
308	覚	12	0.0012	0.0792
308	说	12	0.0012	0.0792
308	追	12	0.0012	0.0792
308	闇	12	0.0012	0.0792
308	鰎	12	0.0012	0.0792
308	黑	12	0.0012	0.0792
309	ņ	11	0.0011	0.0414
309	ץ	11	0.0011	0.0414
309	အ	11	0.0011	0.0414
309	ါ	11	0.0011	0.0414
309	ူ	11	0.0011	0.0414
309	ျ	11	0.0011	0.0414
309	ị	11	0.0011	0.0414
309	ứ	11	0.0011	0.0414
309	ィ	11	0.0011	0.0414
309	ガ	11	0.0011	0.0414
309	メ	11	0.0011	0.0414
309	南	11	0.0011	0.0414
309	吉	11	0.0011	0.0414
309	呼	11	0.0011	0.0414
309	宇	11	0.0011	0.0414
309	宙	11	0.0011	0.0414
309	尔	11	0.0011	0.0414
309	戈	11	0.0011	0.0414
309	扼	11	0.0011	0.0414
309	様	11	0.0011	0.0414
309	正	11	0.0011	0.0414
309	添	11	0.0011	0.0414
309	用	11	0.0011	0.0414
309	神	11	0.0011	0.0414
309	種	11	0.0011	0.0414
309	終	11	0.0011	0.0414
309	超	11	0.0011	0.0414
309	遁	11	0.0011	0.0414
309	閞	11	0.0011	0.0414
309	閟	11	0.0011	0.0414
309	间	11	0.0011	0.0414
309	阿	11	0.0011	0.0414
309	髪	11	0.0011	0.0414
309	밒	11	0.0011	0.0414
310	ĩ	10	0.001	0.0
310	ț	10	0.001	0.0
310	љ	10	0.001	0.0
310	স	10	0.001	0.0
310	മ	10	0.001	0.0
310	ඟ	10	0.001	0.0
310	ယ	10	0.001	0.0
310	ᵗ	10	0.001	0.0
310	ằ	10	0.001	0.0
310	ồ	10	0.001	0.0
310	ウ	10	0.001	0.0
310	サ	10	0.001	0.0
310	个	10	0.001	0.0
310	么	10	0.001	0.0
310	了	10	0.001	0.0
310	事	10	0.001	0.0
310	六	10	0.001	0.0
310	受	10	0.001	0.0
310	困	10	0.001	0.0
310	姆	10	0.001	0.0
310	弾	10	0.001	0.0
310	杨	10	0.001	0.0
310	格	10	0.001	0.0
310	横	10	0.001	0.0
310	牢	10	0.001	0.0
310	獣	10	0.001	0.0
310	盲	10	0.001	0.0
310	積	10	0.001	0.0
310	素	10	0.001	0.0
310	能	10	0.001	0.0
310	艦	10	0.001	0.0
310	葉	10	0.001	0.0
310	視	10	0.001	0.0
310	軒	10	0.001	0.0
310	部	10	0.001	0.0
310	金	10	0.001	0.0
310	鑦	10	0.001	0.0
310	震	10	0.001	0.0
310	ｋ	10	0.001	0.0
311	́	9	0.0009	-0.0458
311	غ	9	0.0009	-0.0458
311	ඉ	9	0.0009	-0.0458
311	ề	9	0.0009	-0.0458
311	ỏ	9	0.0009	-0.0458
311	ニ	9	0.0009	-0.0458
311	ハ	9	0.0009	-0.0458
311	ビ	9	0.0009	-0.0458
311	ホ	9	0.0009	-0.0458
311	七	9	0.0009	-0.0458
311	作	9	0.0009	-0.0458
311	動	9	0.0009	-0.0458
311	取	9	0.0009	-0.0458
311	喝	9	0.0009	-0.0458
311	国	9	0.0009	-0.0458
311	坊	9	0.0009	-0.0458
311	妹	9	0.0009	-0.0458
311	家	9	0.0009	-0.0458
311	引	9	0.0009	-0.0458
311	想	9	0.0009	-0.0458
311	拳	9	0.0009	-0.0458
311	持	9	0.0009	-0.0458
311	校	9	0.0009	-0.0458
311	欲	9	0.0009	-0.0458
311	歹	9	0.0009	-0.0458
311	没	9	0.0009	-0.0458
311	海	9	0.0009	-0.0458
311	煤	9	0.0009	-0.0458
311	繁	9	0.0009	-0.0458
311	者	9	0.0009	-0.0458
311	蝶	9	0.0009	-0.0458
311	裂	9	0.0009	-0.0458
311	鎙	9	0.0009	-0.0458
311	集	9	0.0009	-0.0458
311	魔	9	0.0009	-0.0458
311	鳥	9	0.0009	-0.0458
311	나	9	0.0009	-0.0458
311	ｔ	9	0.0009	-0.0458
312	ত	8	0.0008	-0.0969
312	ল	8	0.0008	-0.0969
312	্	8	0.0008	-0.0969
312	ဘ	8	0.0008	-0.0969
312	္	8	0.0008	-0.0969
312	ွ	8	0.0008	-0.0969
312	ម	8	0.0008	-0.0969
312	ⰰ	8	0.0008	-0.0969
312	べ	8	0.0008	-0.0969
312	ネ	8	0.0008	-0.0969
312	ブ	8	0.0008	-0.0969
312	ユ	8	0.0008	-0.0969
312	举	8	0.0008	-0.0969
312	九	8	0.0008	-0.0969
312	交	8	0.0008	-0.0969
312	他	8	0.0008	-0.0969
312	傷	8	0.0008	-0.0969
312	光	8	0.0008	-0.0969
312	半	8	0.0008	-0.0969
312	单	8	0.0008	-0.0969
312	原	8	0.0008	-0.0969
312	叔	8	0.0008	-0.0969
312	叼	8	0.0008	-0.0969
312	合	8	0.0008	-0.0969
312	呈	8	0.0008	-0.0969
312	哥	8	0.0008	-0.0969
312	問	8	0.0008	-0.0969
312	固	8	0.0008	-0.0969
312	在	8	0.0008	-0.0969
312	変	8	0.0008	-0.0969
312	客	8	0.0008	-0.0969
312	尼	8	0.0008	-0.0969
312	希	8	0.0008	-0.0969
312	干	8	0.0008	-0.0969
312	德	8	0.0008	-0.0969
312	快	8	0.0008	-0.0969
312	性	8	0.0008	-0.0969
312	戦	8	0.0008	-0.0969
312	抜	8	0.0008	-0.0969
312	握	8	0.0008	-0.0969
312	既	8	0.0008	-0.0969
312	林	8	0.0008	-0.0969
312	枚	8	0.0008	-0.0969
312	構	8	0.0008	-0.0969
312	水	8	0.0008	-0.0969
312	法	8	0.0008	-0.0969
312	溶	8	0.0008	-0.0969
312	烙	8	0.0008	-0.0969
312	片	8	0.0008	-0.0969
312	牡	8	0.0008	-0.0969
312	王	8	0.0008	-0.0969
312	瘚	8	0.0008	-0.0969
312	眼	8	0.0008	-0.0969
312	瞳	8	0.0008	-0.0969
312	矩	8	0.0008	-0.0969
312	碱	8	0.0008	-0.0969
312	秀	8	0.0008	-0.0969
312	箕	8	0.0008	-0.0969
312	罢	8	0.0008	-0.0969
312	聖	8	0.0008	-0.0969
312	聞	8	0.0008	-0.0969
312	良	8	0.0008	-0.0969
312	菩	8	0.0008	-0.0969
312	裏	8	0.0008	-0.0969
312	赣	8	0.0008	-0.0969
312	走	8	0.0008	-0.0969
312	酱	8	0.0008	-0.0969
312	闘	8	0.0008	-0.0969
312	霸	8	0.0008	-0.0969
312	馥	8	0.0008	-0.0969
312	鬼	8	0.0008	-0.0969
312	밳	8	0.0008	-0.0969
313	ǻ	7	0.0007	-0.1549
313	ෞ	7	0.0007	-0.1549
313	စ	7	0.0007	-0.1549
313	ង	7	0.0007	-0.1549
313	ủ	7	0.0007	-0.1549
313	ừ	7	0.0007	-0.1549
313	ご	7	0.0007	-0.1549
313	ァ	7	0.0007	-0.1549
313	テ	7	0.0007	-0.1549
313	ヘ	7	0.0007	-0.1549
313	ワ	7	0.0007	-0.1549
313	万	7	0.0007	-0.1549
313	东	7	0.0007	-0.1549
313	临	7	0.0007	-0.1549
313	之	7	0.0007	-0.1549
313	佐	7	0.0007	-0.1549
313	供	7	0.0007	-0.1549
313	俺	7	0.0007	-0.1549
313	倍	7	0.0007	-0.1549
313	偽	7	0.0007	-0.1549
313	優	7	0.0007	-0.1549
313	全	7	0.0007	-0.1549
313	別	7	0.0007	-0.1549
313	剣	7	0.0007	-0.1549
313	匙	7	0.0007	-0.1549
313	卡	7	0.0007	-0.1549
313	友	7	0.0007	-0.1549
313	号	7	0.0007	-0.1549
313	名	7	0.0007	-0.1549
313	咙	7	0.0007	-0.1549
313	啦	7	0.0007	-0.1549
313	坷	7	0.0007	-0.1549
313	声	7	0.0007	-0.1549
313	奇	7	0.0007	-0.1549
313	她	7	0.0007	-0.1549
313	嬢	7	0.0007	-0.1549
313	季	7	0.0007	-0.1549
313	宏	7	0.0007	-0.1549
313	官	7	0.0007	-0.1549
313	尹	7	0.0007	-0.1549
313	差	7	0.0007	-0.1549
313	帽	7	0.0007	-0.1549
313	弃	7	0.0007	-0.1549
313	恋	7	0.0007	-0.1549
313	悔	7	0.0007	-0.1549
313	愧	7	0.0007	-0.1549
313	憶	7	0.0007	-0.1549
313	戻	7	0.0007	-0.1549
313	抮	7	0.0007	-0.1549
313	描	7	0.0007	-0.1549
313	早	7	0.0007	-0.1549
313	映	7	0.0007	-0.1549
313	昨	7	0.0007	-0.1549
313	暗	7	0.0007	-0.1549
313	朝	7	0.0007	-0.1549
313	期	7	0.0007	-0.1549
313	杯	7	0.0007	-0.1549
313	桜	7	0.0007	-0.1549
313	止	7	0.0007	-0.1549
313	求	7	0.0007	-0.1549
313	泽	7	0.0007	-0.1549
313	渡	7	0.0007	-0.1549
313	炼	7	0.0007	-0.1549
313	焊	7	0.0007	-0.1549
313	熱	7	0.0007	-0.1549
313	理	7	0.0007	-0.1549
313	画	7	0.0007	-0.1549
313	畳	7	0.0007	-0.1549
313	眩	7	0.0007	-0.1549
313	穆	7	0.0007	-0.1549
313	米	7	0.0007	-0.1549
313	紅	7	0.0007	-0.1549
313	経	7	0.0007	-0.1549
313	絶	7	0.0007	-0.1549
313	繋	7	0.0007	-0.1549
313	缴	7	0.0007	-0.1549
313	罗	7	0.0007	-0.1549
313	苦	7	0.0007	-0.1549
313	蠢	7	0.0007	-0.1549
313	表	7	0.0007	-0.1549
313	記	7	0.0007	-0.1549
313	負	7	0.0007	-0.1549
313	贡	7	0.0007	-0.1549
313	贰	7	0.0007	-0.1549
313	越	7	0.0007	-0.1549
313	輪	7	0.0007	-0.1549
313	近	7	0.0007	-0.1549
313	過	7	0.0007	-0.1549
313	達	7	0.0007	-0.1549
313	邪	7	0.0007	-0.1549
313	里	7	0.0007	-0.1549
313	限	7	0.0007	-0.1549
313	요	7	0.0007	-0.1549
313	쨅	7	0.0007	-0.1549
314	ȃ	6	0.0006	-0.2218
314	ΰ	6	0.0006	-0.2218
314	ќ	6	0.0006	-0.2218
314	ہ	6	0.0006	-0.2218
314	ی	6	0.0006	-0.2218
314	ः	6	0.0006	-0.2218
314	ক	6	0.0006	-0.2218
314	ফ	6	0.0006	-0.2218
314	র	6	0.0006	-0.2218
314	ো	6	0.0006	-0.2218
314	ඕ	6	0.0006	-0.2218
314	ධ	6	0.0006	-0.2218
314	ශ	6	0.0006	-0.2218
314	น	6	0.0006	-0.2218
314	ထ	6	0.0006	-0.2218
314	ဖ	6	0.0006	-0.2218
314	ှ	6	0.0006	-0.2218
314	យ	6	0.0006	-0.2218
314	រ	6	0.0006	-0.2218
314	ᵃ	6	0.0006	-0.2218
314	ẽ	6	0.0006	-0.2218
314	ⰲ	6	0.0006	-0.2218
314	ⴭ	6	0.0006	-0.2218
314	〵	6	0.0006	-0.2218
314	ぁ	6	0.0006	-0.2218
314	ュ	6	0.0006	-0.2218
314	両	6	0.0006	-0.2218
314	主	6	0.0006	-0.2218
314	予	6	0.0006	-0.2218
314	亡	6	0.0006	-0.2218
314	似	6	0.0006	-0.2218
314	北	6	0.0006	-0.2218
314	吧	6	0.0006	-0.2218
314	唄	6	0.0006	-0.2218
314	商	6	0.0006	-0.2218
314	嘘	6	0.0006	-0.2218
314	回	6	0.0006	-0.2218
314	学	6	0.0006	-0.2218
314	守	6	0.0006	-0.2218
314	寝	6	0.0006	-0.2218
314	帝	6	0.0006	-0.2218
314	底	6	0.0006	-0.2218
314	录	6	0.0006	-0.2218
314	成	6	0.0006	-0.2218
314	戚	6	0.0006	-0.2218
314	拢	6	0.0006	-0.2218
314	斬	6	0.0006	-0.2218
314	春	6	0.0006	-0.2218
314	檓	6	0.0006	-0.2218
314	歩	6	0.0006	-0.2218
314	死	6	0.0006	-0.2218
314	残	6	0.0006	-0.2218
314	波	6	0.0006	-0.2218
314	淒	6	0.0006	-0.2218
314	溢	6	0.0006	-0.2218
314	滴	6	0.0006	-0.2218
314	狸	6	0.0006	-0.2218
314	皇	6	0.0006	-0.2218
314	看	6	0.0006	-0.2218
314	祭	6	0.0006	-0.2218
314	秦	6	0.0006	-0.2218
314	穹	6	0.0006	-0.2218
314	腕	6	0.0006	-0.2218
314	色	6	0.0006	-0.2218
314	芳	6	0.0006	-0.2218
314	葬	6	0.0006	-0.2218
314	蒼	6	0.0006	-0.2218
314	語	6	0.0006	-0.2218
314	词	6	0.0006	-0.2218
314	載	6	0.0006	-0.2218
314	輟	6	0.0006	-0.2218
314	轴	6	0.0006	-0.2218
314	込	6	0.0006	-0.2218
314	迪	6	0.0006	-0.2218
314	選	6	0.0006	-0.2218
314	長	6	0.0006	-0.2218
314	隠	6	0.0006	-0.2218
314	面	6	0.0006	-0.2218
314	頬	6	0.0006	-0.2218
314	駆	6	0.0006	-0.2218
314	马	6	0.0006	-0.2218
314	高	6	0.0006	-0.2218
314	鳴	6	0.0006	-0.2218
314	鷓	6	0.0006	-0.2218
314	가	6	0.0006	-0.2218
314	️	6	0.0006	-0.2218
314	ｗ	6	0.0006	-0.2218
315	ŝ	5	0.0005	-0.301
315	ŭ	5	0.0005	-0.301
315	ǔ	5	0.0005	-0.301
315	ʹ	5	0.0005	-0.301
315	̀	5	0.0005	-0.301
315	ْ	5	0.0005	-0.301
315	แ	5	0.0005	-0.301
315	သ	5	0.0005	-0.301
315	ក	5	0.0005	-0.301
315	ប	5	0.0005	-0.301
315	ព	5	0.0005	-0.301
315	ល	5	0.0005	-0.301
315	អ	5	0.0005	-0.301
315	ḷ	5	0.0005	-0.301
315	ẩ	5	0.0005	-0.301
315	ォ	5	0.0005	-0.301
315	ゾ	5	0.0005	-0.301
315	ノ	5	0.0005	-0.301
315	プ	5	0.0005	-0.301
315	ㄽ	5	0.0005	-0.301
315	㱴	5	0.0005	-0.301
315	㵲	5	0.0005	-0.301
315	㸴	5	0.0005	-0.301
315	㹴	5	0.0005	-0.301
315	两	5	0.0005	-0.301
315	仕	5	0.0005	-0.301
315	伊	5	0.0005	-0.301
315	伯	5	0.0005	-0.301
315	做	5	0.0005	-0.301
315	傾	5	0.0005	-0.301
315	入	5	0.0005	-0.301
315	八	5	0.0005	-0.301
315	加	5	0.0005	-0.301
315	厳	5	0.0005	-0.301
315	同	5	0.0005	-0.301
315	品	5	0.0005	-0.301
315	哲	5	0.0005	-0.301
315	夏	5	0.0005	-0.301
315	娘	5	0.0005	-0.301
315	嫕	5	0.0005	-0.301
315	嬉	5	0.0005	-0.301
315	崩	5	0.0005	-0.301
315	帰	5	0.0005	-0.301
315	平	5	0.0005	-0.301
315	幾	5	0.0005	-0.301
315	彼	5	0.0005	-0.301
315	得	5	0.0005	-0.301
315	微	5	0.0005	-0.301
315	恐	5	0.0005	-0.301
315	抳	5	0.0005	-0.301
315	損	5	0.0005	-0.301
315	撃	5	0.0005	-0.301
315	攕	5	0.0005	-0.301
315	教	5	0.0005	-0.301
315	敬	5	0.0005	-0.301
315	敮	5	0.0005	-0.301
315	敺	5	0.0005	-0.301
315	昼	5	0.0005	-0.301
315	果	5	0.0005	-0.301
315	楳	5	0.0005	-0.301
315	模	5	0.0005	-0.301
315	氷	5	0.0005	-0.301
315	池	5	0.0005	-0.301
315	潣	5	0.0005	-0.301
315	潬	5	0.0005	-0.301
315	狐	5	0.0005	-0.301
315	球	5	0.0005	-0.301
315	瑢	5	0.0005	-0.301
315	瑩	5	0.0005	-0.301
315	痛	5	0.0005	-0.301
315	癴	5	0.0005	-0.301
315	着	5	0.0005	-0.301
315	碇	5	0.0005	-0.301
315	紙	5	0.0005	-0.301
315	結	5	0.0005	-0.301
315	締	5	0.0005	-0.301
315	组	5	0.0005	-0.301
315	群	5	0.0005	-0.301
315	腐	5	0.0005	-0.301
315	調	5	0.0005	-0.301
315	请	5	0.0005	-0.301
315	豆	5	0.0005	-0.301
315	車	5	0.0005	-0.301
315	進	5	0.0005	-0.301
315	郊	5	0.0005	-0.301
315	郎	5	0.0005	-0.301
315	醨	5	0.0005	-0.301
315	野	5	0.0005	-0.301
315	鑢	5	0.0005	-0.301
315	開	5	0.0005	-0.301
315	閏	5	0.0005	-0.301
315	離	5	0.0005	-0.301
315	電	5	0.0005	-0.301
315	魚	5	0.0005	-0.301
315	黱	5	0.0005	-0.301
315	鼓	5	0.0005	-0.301
315	밄	5	0.0005	-0.301
315	밠	5	0.0005	-0.301
315	밫	5	0.0005	-0.301
315	ﬃ	5	0.0005	-0.301
315	ｕ	5	0.0005	-0.301
315	ｫ	5	0.0005	-0.301
315	ﾃ	5	0.0005	-0.301
316	ƭ	4	0.0004	-0.3979
316	ǳ	4	0.0004	-0.3979
316	ȋ	4	0.0004	-0.3979
316	ѽ	4	0.0004	-0.3979
316	ף	4	0.0004	-0.3979
316	জ	4	0.0004	-0.3979
316	য	4	0.0004	-0.3979
316	උ	4	0.0004	-0.3979
316	ච	4	0.0004	-0.3979
316	භ	4	0.0004	-0.3979
316	ෑ	4	0.0004	-0.3979
316	ั	4	0.0004	-0.3979
316	ဒ	4	0.0004	-0.3979
316	ច	4	0.0004	-0.3979
316	ណ	4	0.0004	-0.3979
316	ស	4	0.0004	-0.3979
316	ើ	4	0.0004	-0.3979
316	់	4	0.0004	-0.3979
316	ᴼ	4	0.0004	-0.3979
316	ᵏ	4	0.0004	-0.3979
316	ộ	4	0.0004	-0.3979
316	ớ	4	0.0004	-0.3979
316	ờ	4	0.0004	-0.3979
316	ₒ	4	0.0004	-0.3979
316	ぽ	4	0.0004	-0.3979
316	ギ	4	0.0004	-0.3979
316	ケ	4	0.0004	-0.3979
316	ヒ	4	0.0004	-0.3979
316	ピ	4	0.0004	-0.3979
316	モ	4	0.0004	-0.3979
316	ヤ	4	0.0004	-0.3979
316	三	4	0.0004	-0.3979
316	並	4	0.0004	-0.3979
316	久	4	0.0004	-0.3979
316	伦	4	0.0004	-0.3979
316	佛	4	0.0004	-0.3979
316	儚	4	0.0004	-0.3979
316	元	4	0.0004	-0.3979
316	刻	4	0.0004	-0.3979
316	勇	4	0.0004	-0.3979
316	化	4	0.0004	-0.3979
316	十	4	0.0004	-0.3979
316	博	4	0.0004	-0.3979
316	双	4	0.0004	-0.3979
316	口	4	0.0004	-0.3979
316	可	4	0.0004	-0.3979
316	右	4	0.0004	-0.3979
316	后	4	0.0004	-0.3979
316	啥	4	0.0004	-0.3979
316	嘛	4	0.0004	-0.3979
316	园	4	0.0004	-0.3979
316	土	4	0.0004	-0.3979
316	坪	4	0.0004	-0.3979
316	士	4	0.0004	-0.3979
316	富	4	0.0004	-0.3979
316	射	4	0.0004	-0.3979
316	山	4	0.0004	-0.3979
316	嶪	4	0.0004	-0.3979
316	巨	4	0.0004	-0.3979
316	巻	4	0.0004	-0.3979
316	幸	4	0.0004	-0.3979
316	座	4	0.0004	-0.3979
316	庶	4	0.0004	-0.3979
316	当	4	0.0004	-0.3979
316	彩	4	0.0004	-0.3979
316	悪	4	0.0004	-0.3979
316	扉	4	0.0004	-0.3979
316	抣	4	0.0004	-0.3979
316	招	4	0.0004	-0.3979
316	提	4	0.0004	-0.3979
316	揺	4	0.0004	-0.3979
316	救	4	0.0004	-0.3979
316	易	4	0.0004	-0.3979
316	晴	4	0.0004	-0.3979
316	杰	4	0.0004	-0.3979
316	根	4	0.0004	-0.3979
316	梵	4	0.0004	-0.3979
316	標	4	0.0004	-0.3979
316	檇	4	0.0004	-0.3979
316	檙	4	0.0004	-0.3979
316	次	4	0.0004	-0.3979
316	比	4	0.0004	-0.3979
316	民	4	0.0004	-0.3979
316	汉	4	0.0004	-0.3979
316	注	4	0.0004	-0.3979
316	清	4	0.0004	-0.3979
316	火	4	0.0004	-0.3979
316	灯	4	0.0004	-0.3979
316	為	4	0.0004	-0.3979
316	烈	4	0.0004	-0.3979
316	然	4	0.0004	-0.3979
316	熙	4	0.0004	-0.3979
316	爆	4	0.0004	-0.3979
316	版	4	0.0004	-0.3979
316	特	4	0.0004	-0.3979
316	牽	4	0.0004	-0.3979
316	狒	4	0.0004	-0.3979
316	獻	4	0.0004	-0.3979
316	琚	4	0.0004	-0.3979
316	瓣	4	0.0004	-0.3979
316	直	4	0.0004	-0.3979
316	砲	4	0.0004	-0.3979
316	確	4	0.0004	-0.3979
316	禁	4	0.0004	-0.3979
316	秘	4	0.0004	-0.3979
316	移	4	0.0004	-0.3979
316	笙	4	0.0004	-0.3979
316	简	4	0.0004	-0.3979
316	粒	4	0.0004	-0.3979
316	縭	4	0.0004	-0.3979
316	繰	4	0.0004	-0.3979
316	置	4	0.0004	-0.3979
316	肝	4	0.0004	-0.3979
316	肺	4	0.0004	-0.3979
316	脿	4	0.0004	-0.3979
316	航	4	0.0004	-0.3979
316	草	4	0.0004	-0.3979
316	荠	4	0.0004	-0.3979
316	荸	4	0.0004	-0.3979
316	薦	4	0.0004	-0.3979
316	虚	4	0.0004	-0.3979
316	蟲	4	0.0004	-0.3979
316	許	4	0.0004	-0.3979
316	象	4	0.0004	-0.3979
316	賽	4	0.0004	-0.3979
316	起	4	0.0004	-0.3979
316	軍	4	0.0004	-0.3979
316	逃	4	0.0004	-0.3979
316	途	4	0.0004	-0.3979
316	銀	4	0.0004	-0.3979
316	鑝	4	0.0004	-0.3979
316	错	4	0.0004	-0.3979
316	閉	4	0.0004	-0.3979
316	閘	4	0.0004	-0.3979
316	関	4	0.0004	-0.3979
316	阾	4	0.0004	-0.3979
316	雷	4	0.0004	-0.3979
316	駉	4	0.0004	-0.3979
316	験	4	0.0004	-0.3979
316	骨	4	0.0004	-0.3979
316	鰊	4	0.0004	-0.3979
316	麦	4	0.0004	-0.3979
316	龍	4	0.0004	-0.3979
316	밯	4	0.0004	-0.3979
316	하	4	0.0004	-0.3979
316	ﻯ	4	0.0004	-0.3979
316	ｖ	4	0.0004	-0.3979
316	ｰ	4	0.0004	-0.3979
317	į	3	0.0003	-0.5229
317	ŧ	3	0.0003	-0.5229
317	ȧ	3	0.0003	-0.5229
317	ʳ	3	0.0003	-0.5229
317	ϊ	3	0.0003	-0.5229
317	ѓ	3	0.0003	-0.5229
317	ҫ	3	0.0003	-0.5229
317	ؤ	3	0.0003	-0.5229
317	ّ	3	0.0003	-0.5229
317	ဓ	3	0.0003	-0.5229
317	ជ	3	0.0003	-0.5229
317	ញ	3	0.0003	-0.5229
317	ិ	3	0.0003	-0.5229
317	ី	3	0.0003	-0.5229
317	េ	3	0.0003	-0.5229
317	ᴱ	3	0.0003	-0.5229
317	ᵈ	3	0.0003	-0.5229
317	ẻ	3	0.0003	-0.5229
317	ỗ	3	0.0003	-0.5229
317	ở	3	0.0003	-0.5229
317	ⁿ	3	0.0003	-0.5229
317	ペ	3	0.0003	-0.5229
317	ョ	3	0.0003	-0.5229
317	ㄴ	3	0.0003	-0.5229
317	ㅠ	3	0.0003	-0.5229
317	业	3	0.0003	-0.5229
317	为	3	0.0003	-0.5229
317	乐	3	0.0003	-0.5229
317	习	3	0.0003	-0.5229
317	亚	3	0.0003	-0.5229
317	享	3	0.0003	-0.5229
317	仅	3	0.0003	-0.5229
317	仆	3	0.0003	-0.5229
317	伸	3	0.0003	-0.5229
317	俄	3	0.0003	-0.5229
317	俊	3	0.0003	-0.5229
317	兒	3	0.0003	-0.5229
317	冷	3	0.0003	-0.5229
317	利	3	0.0003	-0.5229
317	到	3	0.0003	-0.5229
317	助	3	0.0003	-0.5229
317	勝	3	0.0003	-0.5229
317	包	3	0.0003	-0.5229
317	卢	3	0.0003	-0.5229
317	去	3	0.0003	-0.5229
317	参	3	0.0003	-0.5229
317	反	3	0.0003	-0.5229
317	吗	3	0.0003	-0.5229
317	吴	3	0.0003	-0.5229
317	周	3	0.0003	-0.5229
317	和	3	0.0003	-0.5229
317	哦	3	0.0003	-0.5229
317	喜	3	0.0003	-0.5229
317	嘆	3	0.0003	-0.5229
317	四	3	0.0003	-0.5229
317	坂	3	0.0003	-0.5229
317	壁	3	0.0003	-0.5229
317	夕	3	0.0003	-0.5229
317	奉	3	0.0003	-0.5229
317	奎	3	0.0003	-0.5229
317	奪	3	0.0003	-0.5229
317	女	3	0.0003	-0.5229
317	婚	3	0.0003	-0.5229
317	它	3	0.0003	-0.5229
317	完	3	0.0003	-0.5229
317	密	3	0.0003	-0.5229
317	尾	3	0.0003	-0.5229
317	屋	3	0.0003	-0.5229
317	巡	3	0.0003	-0.5229
317	工	3	0.0003	-0.5229
317	巴	3	0.0003	-0.5229
317	帆	3	0.0003	-0.5229
317	帯	3	0.0003	-0.5229
317	开	3	0.0003	-0.5229
317	彷	3	0.0003	-0.5229
317	徐	3	0.0003	-0.5229
317	御	3	0.0003	-0.5229
317	徨	3	0.0003	-0.5229
317	忍	3	0.0003	-0.5229
317	急	3	0.0003	-0.5229
317	悟	3	0.0003	-0.5229
317	惑	3	0.0003	-0.5229
317	愀	3	0.0003	-0.5229
317	慢	3	0.0003	-0.5229
317	戸	3	0.0003	-0.5229
317	打	3	0.0003	-0.5229
317	指	3	0.0003	-0.5229
317	捧	3	0.0003	-0.5229
317	捨	3	0.0003	-0.5229
317	搭	3	0.0003	-0.5229
317	攀	3	0.0003	-0.5229
317	改	3	0.0003	-0.5229
317	散	3	0.0003	-0.5229
317	数	3	0.0003	-0.5229
317	昔	3	0.0003	-0.5229
317	末	3	0.0003	-0.5229
317	李	3	0.0003	-0.5229
317	束	3	0.0003	-0.5229
317	東	3	0.0003	-0.5229
317	柔	3	0.0003	-0.5229
317	柳	3	0.0003	-0.5229
317	核	3	0.0003	-0.5229
317	棲	3	0.0003	-0.5229
317	機	3	0.0003	-0.5229
317	橫	3	0.0003	-0.5229
317	檝	3	0.0003	-0.5229
317	歌	3	0.0003	-0.5229
317	母	3	0.0003	-0.5229
317	沈	3	0.0003	-0.5229
317	河	3	0.0003	-0.5229
317	浪	3	0.0003	-0.5229
317	淋	3	0.0003	-0.5229
317	深	3	0.0003	-0.5229
317	混	3	0.0003	-0.5229
317	温	3	0.0003	-0.5229
317	満	3	0.0003	-0.5229
317	溯	3	0.0003	-0.5229
317	漀	3	0.0003	-0.5229
317	爀	3	0.0003	-0.5229
317	爾	3	0.0003	-0.5229
317	牙	3	0.0003	-0.5229
317	牛	3	0.0003	-0.5229
317	独	3	0.0003	-0.5229
317	狼	3	0.0003	-0.5229
317	现	3	0.0003	-0.5229
317	琴	3	0.0003	-0.5229
317	甘	3	0.0003	-0.5229
317	男	3	0.0003	-0.5229
317	石	3	0.0003	-0.5229
317	破	3	0.0003	-0.5229
317	約	3	0.0003	-0.5229
317	紡	3	0.0003	-0.5229
317	絡	3	0.0003	-0.5229
317	線	3	0.0003	-0.5229
317	红	3	0.0003	-0.5229
317	约	3	0.0003	-0.5229
317	考	3	0.0003	-0.5229
317	耳	3	0.0003	-0.5229
317	脳	3	0.0003	-0.5229
317	芒	3	0.0003	-0.5229
317	虾	3	0.0003	-0.5229
317	衝	3	0.0003	-0.5229
317	被	3	0.0003	-0.5229
317	西	3	0.0003	-0.5229
317	要	3	0.0003	-0.5229
317	解	3	0.0003	-0.5229
317	証	3	0.0003	-0.5229
317	詩	3	0.0003	-0.5229
317	諦	3	0.0003	-0.5229
317	谢	3	0.0003	-0.5229
317	贝	3	0.0003	-0.5229
317	负	3	0.0003	-0.5229
317	赤	3	0.0003	-0.5229
317	迎	3	0.0003	-0.5229
317	还	3	0.0003	-0.5229
317	送	3	0.0003	-0.5229
317	造	3	0.0003	-0.5229
317	還	3	0.0003	-0.5229
317	那	3	0.0003	-0.5229
317	鈉	3	0.0003	-0.5229
317	門	3	0.0003	-0.5229
317	隙	3	0.0003	-0.5229
317	雨	3	0.0003	-0.5229
317	食	3	0.0003	-0.5229
317	饕	3	0.0003	-0.5229
317	首	3	0.0003	-0.5229
317	駸	3	0.0003	-0.5229
317	駻	3	0.0003	-0.5229
317	鰉	3	0.0003	-0.5229
317	鷆	3	0.0003	-0.5229
317	黒	3	0.0003	-0.5229
317	그	3	0.0003	-0.5229
317	대	3	0.0003	-0.5229
317	땦	3	0.0003	-0.5229
317	려	3	0.0003	-0.5229
317	밊	3	0.0003	-0.5229
317	밚	3	0.0003	-0.5229
317	아	3	0.0003	-0.5229
317	있	3	0.0003	-0.5229
317	︎	3	0.0003	-0.5229
317	ｄ	3	0.0003	-0.5229
317	ｌ	3	0.0003	-0.5229
317	ﾙ	3	0.0003	-0.5229
318	ġ	2	0.0002	-0.699
318	ĭ	2	0.0002	-0.699
318	ǝ	2	0.0002	-0.699
318	ȯ	2	0.0002	-0.699
318	ȱ	2	0.0002	-0.699
318	ȼ	2	0.0002	-0.699
318	ʸ	2	0.0002	-0.699
318	ˡ	2	0.0002	-0.699
318	̈	2	0.0002	-0.699
318	̥	2	0.0002	-0.699
318	ϻ	2	0.0002	-0.699
318	ұ	2	0.0002	-0.699
318	چ	2	0.0002	-0.699
318	ڑ	2	0.0002	-0.699
318	त	2	0.0002	-0.699
318	म	2	0.0002	-0.699
318	य	2	0.0002	-0.699
318	ঘ	2	0.0002	-0.699
318	়	2	0.0002	-0.699
318	ি	2	0.0002	-0.699
318	ে	2	0.0002	-0.699
318	ৎ	2	0.0002	-0.699
318	ల	2	0.0002	-0.699
318	එ	2	0.0002	-0.699
318	ඒ	2	0.0002	-0.699
318	ඝ	2	0.0002	-0.699
318	ඬ	2	0.0002	-0.699
318	ථ	2	0.0002	-0.699
318	ෘ	2	0.0002	-0.699
318	ต	2	0.0002	-0.699
318	ธ	2	0.0002	-0.699
318	พ	2	0.0002	-0.699
318	ว	2	0.0002	-0.699
318	ำ	2	0.0002	-0.699
318	ဍ	2	0.0002	-0.699
318	ဏ	2	0.0002	-0.699
318	ဟ	2	0.0002	-0.699
318	ღ	2	0.0002	-0.699
318	គ	2	0.0002	-0.699
318	ត	2	0.0002	-0.699
318	ថ	2	0.0002	-0.699
318	ទ	2	0.0002	-0.699
318	វ	2	0.0002	-0.699
318	ុ	2	0.0002	-0.699
318	ឿ	2	0.0002	-0.699
318	ែ	2	0.0002	-0.699
318	ំ	2	0.0002	-0.699
318	ᴬ	2	0.0002	-0.699
318	ᴴ	2	0.0002	-0.699
318	ᴸ	2	0.0002	-0.699
318	ᵇ	2	0.0002	-0.699
318	ᵉ	2	0.0002	-0.699
318	ᵘ	2	0.0002	-0.699
318	ḉ	2	0.0002	-0.699
318	ẫ	2	0.0002	-0.699
318	ễ	2	0.0002	-0.699
318	ử	2	0.0002	-0.699
318	ί	2	0.0002	-0.699
318	ῆ	2	0.0002	-0.699
318	ₑ	2	0.0002	-0.699
318	ぞ	2	0.0002	-0.699
318	ゅ	2	0.0002	-0.699
318	ゲ	2	0.0002	-0.699
318	ゼ	2	0.0002	-0.699
318	ヨ	2	0.0002	-0.699
318	ヴ	2	0.0002	-0.699
318	ㄱ	2	0.0002	-0.699
318	丘	2	0.0002	-0.699
318	严	2	0.0002	-0.699
318	丹	2	0.0002	-0.699
318	义	2	0.0002	-0.699
318	乔	2	0.0002	-0.699
318	乱	2	0.0002	-0.699
318	于	2	0.0002	-0.699
318	五	2	0.0002	-0.699
318	亞	2	0.0002	-0.699
318	代	2	0.0002	-0.699
318	们	2	0.0002	-0.699
318	依	2	0.0002	-0.699
318	価	2	0.0002	-0.699
318	保	2	0.0002	-0.699
318	值	2	0.0002	-0.699
318	傀	2	0.0002	-0.699
318	備	2	0.0002	-0.699
318	儡	2	0.0002	-0.699
318	公	2	0.0002	-0.699
318	共	2	0.0002	-0.699
318	兴	2	0.0002	-0.699
318	内	2	0.0002	-0.699
318	冒	2	0.0002	-0.699
318	凍	2	0.0002	-0.699
318	凤	2	0.0002	-0.699
318	初	2	0.0002	-0.699
318	剛	2	0.0002	-0.699
318	剥	2	0.0002	-0.699
318	勢	2	0.0002	-0.699
318	勿	2	0.0002	-0.699
318	匝	2	0.0002	-0.699
318	卑	2	0.0002	-0.699
318	卒	2	0.0002	-0.699
318	卦	2	0.0002	-0.699
318	却	2	0.0002	-0.699
318	厘	2	0.0002	-0.699
318	变	2	0.0002	-0.699
318	古	2	0.0002	-0.699
318	叩	2	0.0002	-0.699
318	听	2	0.0002	-0.699
318	吸	2	0.0002	-0.699
318	呀	2	0.0002	-0.699
318	哈	2	0.0002	-0.699
318	員	2	0.0002	-0.699
318	嚴	2	0.0002	-0.699
318	國	2	0.0002	-0.699
318	场	2	0.0002	-0.699
318	基	2	0.0002	-0.699
318	塔	2	0.0002	-0.699
318	塗	2	0.0002	-0.699
318	塵	2	0.0002	-0.699
318	处	2	0.0002	-0.699
318	外	2	0.0002	-0.699
318	夫	2	0.0002	-0.699
318	奔	2	0.0002	-0.699
318	如	2	0.0002	-0.699
318	妳	2	0.0002	-0.699
318	姑	2	0.0002	-0.699
318	威	2	0.0002	-0.699
318	婆	2	0.0002	-0.699
318	嫌	2	0.0002	-0.699
318	存	2	0.0002	-0.699
318	孫	2	0.0002	-0.699
318	実	2	0.0002	-0.699
318	宫	2	0.0002	-0.699
318	宾	2	0.0002	-0.699
318	寒	2	0.0002	-0.699
318	察	2	0.0002	-0.699
318	寶	2	0.0002	-0.699
318	将	2	0.0002	-0.699
318	導	2	0.0002	-0.699
318	就	2	0.0002	-0.699
318	尷	2	0.0002	-0.699
318	居	2	0.0002	-0.699
318	届	2	0.0002	-0.699
318	屡	2	0.0002	-0.699
318	崎	2	0.0002	-0.699
318	幗	2	0.0002	-0.699
318	幻	2	0.0002	-0.699
318	幽	2	0.0002	-0.699
318	广	2	0.0002	-0.699
318	库	2	0.0002	-0.699
318	张	2	0.0002	-0.699
318	强	2	0.0002	-0.699
318	形	2	0.0002	-0.699
318	律	2	0.0002	-0.699
318	必	2	0.0002	-0.699
318	怖	2	0.0002	-0.699
318	怪	2	0.0002	-0.699
318	怯	2	0.0002	-0.699
318	恩	2	0.0002	-0.699
318	慈	2	0.0002	-0.699
318	慹	2	0.0002	-0.699
318	憂	2	0.0002	-0.699
318	战	2	0.0002	-0.699
318	戮	2	0.0002	-0.699
318	折	2	0.0002	-0.699
318	护	2	0.0002	-0.699
318	押	2	0.0002	-0.699
318	挀	2	0.0002	-0.699
318	掌	2	0.0002	-0.699
318	掘	2	0.0002	-0.699
318	接	2	0.0002	-0.699
318	搘	2	0.0002	-0.699
318	搾	2	0.0002	-0.699
318	摺	2	0.0002	-0.699
318	撤	2	0.0002	-0.699
318	擬	2	0.0002	-0.699
318	故	2	0.0002	-0.699
318	敗	2	0.0002	-0.699
318	敦	2	0.0002	-0.699
318	文	2	0.0002	-0.699
318	晶	2	0.0002	-0.699
318	杀	2	0.0002	-0.699
318	权	2	0.0002	-0.699
318	杜	2	0.0002	-0.699
318	柯	2	0.0002	-0.699
318	柱	2	0.0002	-0.699
318	桃	2	0.0002	-0.699
318	森	2	0.0002	-0.699
318	業	2	0.0002	-0.699
318	榤	2	0.0002	-0.699
318	樵	2	0.0002	-0.699
318	檜	2	0.0002	-0.699
318	欁	2	0.0002	-0.699
318	欐	2	0.0002	-0.699
318	段	2	0.0002	-0.699
318	氀	2	0.0002	-0.699
318	汗	2	0.0002	-0.699
318	汚	2	0.0002	-0.699
318	江	2	0.0002	-0.699
318	汽	2	0.0002	-0.699
318	油	2	0.0002	-0.699
318	泰	2	0.0002	-0.699
318	洲	2	0.0002	-0.699
318	浅	2	0.0002	-0.699
318	测	2	0.0002	-0.699
318	浮	2	0.0002	-0.699
318	溺	2	0.0002	-0.699
318	滅	2	0.0002	-0.699
318	演	2	0.0002	-0.699
318	漣	2	0.0002	-0.699
318	潇	2	0.0002	-0.699
318	澄	2	0.0002	-0.699
318	濃	2	0.0002	-0.699
318	炄	2	0.0002	-0.699
318	炎	2	0.0002	-0.699
318	烂	2	0.0002	-0.699
318	煽	2	0.0002	-0.699
318	熊	2	0.0002	-0.699
318	燃	2	0.0002	-0.699
318	爱	2	0.0002	-0.699
318	爹	2	0.0002	-0.699
318	猀	2	0.0002	-0.699
318	猫	2	0.0002	-0.699
318	獅	2	0.0002	-0.699
318	珠	2	0.0002	-0.699
318	現	2	0.0002	-0.699
318	田	2	0.0002	-0.699
318	町	2	0.0002	-0.699
318	畤	2	0.0002	-0.699
318	番	2	0.0002	-0.699
318	異	2	0.0002	-0.699
318	疣	2	0.0002	-0.699
318	疵	2	0.0002	-0.699
318	発	2	0.0002	-0.699
318	皮	2	0.0002	-0.699
318	益	2	0.0002	-0.699
318	相	2	0.0002	-0.699
318	眺	2	0.0002	-0.699
318	睦	2	0.0002	-0.699
318	砂	2	0.0002	-0.699
318	砕	2	0.0002	-0.699
318	硲	2	0.0002	-0.699
318	祥	2	0.0002	-0.699
318	禍	2	0.0002	-0.699
318	科	2	0.0002	-0.699
318	穿	2	0.0002	-0.699
318	突	2	0.0002	-0.699
318	竜	2	0.0002	-0.699
318	竹	2	0.0002	-0.699
318	符	2	0.0002	-0.699
318	等	2	0.0002	-0.699
318	箭	2	0.0002	-0.699
318	精	2	0.0002	-0.699
318	糸	2	0.0002	-0.699
318	系	2	0.0002	-0.699
318	絜	2	0.0002	-0.699
318	継	2	0.0002	-0.699
318	綜	2	0.0002	-0.699
318	維	2	0.0002	-0.699
318	縛	2	0.0002	-0.699
318	縫	2	0.0002	-0.699
318	績	2	0.0002	-0.699
318	織	2	0.0002	-0.699
318	繕	2	0.0002	-0.699
318	纽	2	0.0002	-0.699
318	统	2	0.0002	-0.699
318	维	2	0.0002	-0.699
318	義	2	0.0002	-0.699
318	羽	2	0.0002	-0.699
318	翰	2	0.0002	-0.699
318	老	2	0.0002	-0.699
318	而	2	0.0002	-0.699
318	耕	2	0.0002	-0.699
318	联	2	0.0002	-0.699
318	肉	2	0.0002	-0.699
318	胜	2	0.0002	-0.699
318	脆	2	0.0002	-0.699
318	脚	2	0.0002	-0.699
318	脱	2	0.0002	-0.699
318	腦	2	0.0002	-0.699
318	臂	2	0.0002	-0.699
318	船	2	0.0002	-0.699
318	艾	2	0.0002	-0.699
318	芬	2	0.0002	-0.699
318	苏	2	0.0002	-0.699
318	若	2	0.0002	-0.699
318	茄	2	0.0002	-0.699
318	茶	2	0.0002	-0.699
318	荒	2	0.0002	-0.699
318	莽	2	0.0002	-0.699
318	萄	2	0.0002	-0.699
318	萨	2	0.0002	-0.699
318	蓓	2	0.0002	-0.699
318	蜂	2	0.0002	-0.699
318	袖	2	0.0002	-0.699
318	裁	2	0.0002	-0.699
318	裸	2	0.0002	-0.699
318	覗	2	0.0002	-0.699
318	视	2	0.0002	-0.699
318	觉	2	0.0002	-0.699
318	觼	2	0.0002	-0.699
318	訓	2	0.0002	-0.699
318	訟	2	0.0002	-0.699
318	認	2	0.0002	-0.699
318	読	2	0.0002	-0.699
318	課	2	0.0002	-0.699
318	論	2	0.0002	-0.699
318	諜	2	0.0002	-0.699
318	譴	2	0.0002	-0.699
318	谁	2	0.0002	-0.699
318	賈	2	0.0002	-0.699
318	贗	2	0.0002	-0.699
318	责	2	0.0002	-0.699
318	贸	2	0.0002	-0.699
318	赏	2	0.0002	-0.699
318	軑	2	0.0002	-0.699
318	輩	2	0.0002	-0.699
318	輯	2	0.0002	-0.699
318	逊	2	0.0002	-0.699
318	逢	2	0.0002	-0.699
318	遊	2	0.0002	-0.699
318	遥	2	0.0002	-0.699
318	都	2	0.0002	-0.699
318	酔	2	0.0002	-0.699
318	醒	2	0.0002	-0.699
318	鈍	2	0.0002	-0.699
318	鈚	2	0.0002	-0.699
318	鈴	2	0.0002	-0.699
318	鋟	2	0.0002	-0.699
318	鍔	2	0.0002	-0.699
318	鍵	2	0.0002	-0.699
318	鏾	2	0.0002	-0.699
318	鑽	2	0.0002	-0.699
318	钱	2	0.0002	-0.699
318	锅	2	0.0002	-0.699
318	锐	2	0.0002	-0.699
318	镋	2	0.0002	-0.699
318	閜	2	0.0002	-0.699
318	閠	2	0.0002	-0.699
318	閧	2	0.0002	-0.699
318	闉	2	0.0002	-0.699
318	防	2	0.0002	-0.699
318	陃	2	0.0002	-0.699
318	陣	2	0.0002	-0.699
318	隅	2	0.0002	-0.699
318	際	2	0.0002	-0.699
318	隝	2	0.0002	-0.699
318	隣	2	0.0002	-0.699
318	雀	2	0.0002	-0.699
318	雫	2	0.0002	-0.699
318	雲	2	0.0002	-0.699
318	零	2	0.0002	-0.699
318	霊	2	0.0002	-0.699
318	霧	2	0.0002	-0.699
318	鞭	2	0.0002	-0.699
318	音	2	0.0002	-0.699
318	響	2	0.0002	-0.699
318	預	2	0.0002	-0.699
318	颽	2	0.0002	-0.699
318	飲	2	0.0002	-0.699
318	駛	2	0.0002	-0.699
318	騁	2	0.0002	-0.699
318	鬱	2	0.0002	-0.699
318	鯨	2	0.0002	-0.699
318	鲜	2	0.0002	-0.699
318	鳶	2	0.0002	-0.699
318	鶴	2	0.0002	-0.699
318	鸥	2	0.0002	-0.699
318	黶	2	0.0002	-0.699
318	龜	2	0.0002	-0.699
318	게	2	0.0002	-0.699
318	고	2	0.0002	-0.699
318	근	2	0.0002	-0.699
318	는	2	0.0002	-0.699
318	달	2	0.0002	-0.699
318	두	2	0.0002	-0.699
318	디	2	0.0002	-0.699
318	로	2	0.0002	-0.699
318	마	2	0.0002	-0.699
318	밆	2	0.0002	-0.699
318	밎	2	0.0002	-0.699
318	밐	2	0.0002	-0.699
318	밡	2	0.0002	-0.699
318	봐	2	0.0002	-0.699
318	시	2	0.0002	-0.699
318	았	2	0.0002	-0.699
318	어	2	0.0002	-0.699
318	업	2	0.0002	-0.699
318	에	2	0.0002	-0.699
318	자	2	0.0002	-0.699
318	쯤	2	0.0002	-0.699
318	캜	2	0.0002	-0.699
318	흥	2	0.0002	-0.699
318	ｍ	2	0.0002	-0.699
318	ｘ	2	0.0002	-0.699
318	ｴ	2	0.0002	-0.699
318	ｺ	2	0.0002	-0.699
318	ﾣ	2	0.0002	-0.699
319	ŵ	1	0.0001	-1.0
319	ȕ	1	0.0001	-1.0
319	ɽ	1	0.0001	-1.0
319	ʁ	1	0.0001	-1.0
319	ʘ	1	0.0001	-1.0
319	ʮ	1	0.0001	-1.0
319	̃	1	0.0001	-1.0
319	̉	1	0.0001	-1.0
319	ΐ	1	0.0001	-1.0
319	ϣ	1	0.0001	-1.0
319	џ	1	0.0001	-1.0
319	ӕ	1	0.0001	-1.0
319	ԓ	1	0.0001	-1.0
319	ژ	1	0.0001	-1.0
319	ڞ	1	0.0001	-1.0
319	ک	1	0.0001	-1.0
319	ँ	1	0.0001	-1.0
319	ं	1	0.0001	-1.0
319	अ	1	0.0001	-1.0
319	क	1	0.0001	-1.0
319	ग	1	0.0001	-1.0
319	ज	1	0.0001	-1.0
319	ब	1	0.0001	-1.0
319	र	1	0.0001	-1.0
319	ह	1	0.0001	-1.0
319	ा	1	0.0001	-1.0
319	ी	1	0.0001	-1.0
319	ै	1	0.0001	-1.0
319	ो	1	0.0001	-1.0
319	ব	1	0.0001	-1.0
319	ভ	1	0.0001	-1.0
319	ਹ	1	0.0001	-1.0
319	ਾ	1	0.0001	-1.0
319	బ	1	0.0001	-1.0
319	ా	1	0.0001	-1.0
319	ి	1	0.0001	-1.0
319	్	1	0.0001	-1.0
319	ഡ	1	0.0001	-1.0
319	ง	1	0.0001	-1.0
319	จ	1	0.0001	-1.0
319	ฉ	1	0.0001	-1.0
319	ด	1	0.0001	-1.0
319	ท	1	0.0001	-1.0
319	บ	1	0.0001	-1.0
319	ม	1	0.0001	-1.0
319	ล	1	0.0001	-1.0
319	ห	1	0.0001	-1.0
319	อ	1	0.0001	-1.0
319	า	1	0.0001	-1.0
319	ี	1	0.0001	-1.0
319	ไ	1	0.0001	-1.0
319	ည	1	0.0001	-1.0
319	ខ	1	0.0001	-1.0
319	ដ	1	0.0001	-1.0
319	ធ	1	0.0001	-1.0
319	ភ	1	0.0001	-1.0
319	ហ	1	0.0001	-1.0
319	ឥ	1	0.0001	-1.0
319	ឲ	1	0.0001	-1.0
319	ឹ	1	0.0001	-1.0
319	ូ	1	0.0001	-1.0
319	ៅ	1	0.0001	-1.0
319	ៈ	1	0.0001	-1.0
319	៉	1	0.0001	-1.0
319	ᴺ	1	0.0001	-1.0
319	ṫ	1	0.0001	-1.0
319	ẃ	1	0.0001	-1.0
319	ẵ	1	0.0001	-1.0
319	ặ	1	0.0001	-1.0
319	ố	1	0.0001	-1.0
319	ỡ	1	0.0001	-1.0
319	ἱ	1	0.0001	-1.0
319	ά	1	0.0001	-1.0
319	ό	1	0.0001	-1.0
319	ぅ	1	0.0001	-1.0
319	ぜ	1	0.0001	-1.0
319	づ	1	0.0001	-1.0
319	ぱ	1	0.0001	-1.0
319	ぷ	1	0.0001	-1.0
319	セ	1	0.0001	-1.0
319	ベ	1	0.0001	-1.0
319	ポ	1	0.0001	-1.0
319	ヶ	1	0.0001	-1.0
319	ㄲ	1	0.0001	-1.0
319	ㅛ	1	0.0001	-1.0
319	且	1	0.0001	-1.0
319	丙	1	0.0001	-1.0
319	丽	1	0.0001	-1.0
319	乗	1	0.0001	-1.0
319	乘	1	0.0001	-1.0
319	乳	1	0.0001	-1.0
319	亏	1	0.0001	-1.0
319	云	1	0.0001	-1.0
319	些	1	0.0001	-1.0
319	京	1	0.0001	-1.0
319	亲	1	0.0001	-1.0
319	亿	1	0.0001	-1.0
319	仇	1	0.0001	-1.0
319	仔	1	0.0001	-1.0
319	以	1	0.0001	-1.0
319	任	1	0.0001	-1.0
319	份	1	0.0001	-1.0
319	企	1	0.0001	-1.0
319	休	1	0.0001	-1.0
319	伙	1	0.0001	-1.0
319	伤	1	0.0001	-1.0
319	住	1	0.0001	-1.0
319	余	1	0.0001	-1.0
319	使	1	0.0001	-1.0
319	侘	1	0.0001	-1.0
319	係	1	0.0001	-1.0
319	俉	1	0.0001	-1.0
319	修	1	0.0001	-1.0
319	俱	1	0.0001	-1.0
319	個	1	0.0001	-1.0
319	倒	1	0.0001	-1.0
319	倫	1	0.0001	-1.0
319	倾	1	0.0001	-1.0
319	假	1	0.0001	-1.0
319	健	1	0.0001	-1.0
319	傘	1	0.0001	-1.0
319	傢	1	0.0001	-1.0
319	僅	1	0.0001	-1.0
319	僨	1	0.0001	-1.0
319	免	1	0.0001	-1.0
319	党	1	0.0001	-1.0
319	兰	1	0.0001	-1.0
319	典	1	0.0001	-1.0
319	再	1	0.0001	-1.0
319	写	1	0.0001	-1.0
319	军	1	0.0001	-1.0
319	冠	1	0.0001	-1.0
319	冰	1	0.0001	-1.0
319	凉	1	0.0001	-1.0
319	凜	1	0.0001	-1.0
319	几	1	0.0001	-1.0
319	凡	1	0.0001	-1.0
319	処	1	0.0001	-1.0
319	凪	1	0.0001	-1.0
319	刀	1	0.0001	-1.0
319	刃	1	0.0001	-1.0
319	刘	1	0.0001	-1.0
319	则	1	0.0001	-1.0
319	刚	1	0.0001	-1.0
319	创	1	0.0001	-1.0
319	判	1	0.0001	-1.0
319	刺	1	0.0001	-1.0
319	劫	1	0.0001	-1.0
319	劳	1	0.0001	-1.0
319	區	1	0.0001	-1.0
319	午	1	0.0001	-1.0
319	単	1	0.0001	-1.0
319	卲	1	0.0001	-1.0
319	及	1	0.0001	-1.0
319	収	1	0.0001	-1.0
319	发	1	0.0001	-1.0
319	句	1	0.0001	-1.0
319	台	1	0.0001	-1.0
319	司	1	0.0001	-1.0
319	否	1	0.0001	-1.0
319	告	1	0.0001	-1.0
319	员	1	0.0001	-1.0
319	呢	1	0.0001	-1.0
319	咫	1	0.0001	-1.0
319	咽	1	0.0001	-1.0
319	哀	1	0.0001	-1.0
319	唉	1	0.0001	-1.0
319	唓	1	0.0001	-1.0
319	啪	1	0.0001	-1.0
319	啻	1	0.0001	-1.0
319	喂	1	0.0001	-1.0
319	喪	1	0.0001	-1.0
319	嗚	1	0.0001	-1.0
319	嗜	1	0.0001	-1.0
319	嗯	1	0.0001	-1.0
319	嘐	1	0.0001	-1.0
319	嚏	1	0.0001	-1.0
319	囁	1	0.0001	-1.0
319	囚	1	0.0001	-1.0
319	囧	1	0.0001	-1.0
319	围	1	0.0001	-1.0
319	圣	1	0.0001	-1.0
319	坛	1	0.0001	-1.0
319	垌	1	0.0001	-1.0
319	埋	1	0.0001	-1.0
319	城	1	0.0001	-1.0
319	域	1	0.0001	-1.0
319	堡	1	0.0001	-1.0
319	填	1	0.0001	-1.0
319	塭	1	0.0001	-1.0
319	壊	1	0.0001	-1.0
319	壓	1	0.0001	-1.0
319	壕	1	0.0001	-1.0
319	夔	1	0.0001	-1.0
319	夥	1	0.0001	-1.0
319	太	1	0.0001	-1.0
319	央	1	0.0001	-1.0
319	奈	1	0.0001	-1.0
319	套	1	0.0001	-1.0
319	妙	1	0.0001	-1.0
319	妮	1	0.0001	-1.0
319	委	1	0.0001	-1.0
319	姜	1	0.0001	-1.0
319	姿	1	0.0001	-1.0
319	嫖	1	0.0001	-1.0
319	嬪	1	0.0001	-1.0
319	嬴	1	0.0001	-1.0
319	孟	1	0.0001	-1.0
319	孤	1	0.0001	-1.0
319	孩	1	0.0001	-1.0
319	定	1	0.0001	-1.0
319	宵	1	0.0001	-1.0
319	宿	1	0.0001	-1.0
319	寂	1	0.0001	-1.0
319	實	1	0.0001	-1.0
319	寺	1	0.0001	-1.0
319	対	1	0.0001	-1.0
319	尸	1	0.0001	-1.0
319	尽	1	0.0001	-1.0
319	岀	1	0.0001	-1.0
319	岩	1	0.0001	-1.0
319	峰	1	0.0001	-1.0
319	島	1	0.0001	-1.0
319	崔	1	0.0001	-1.0
319	崛	1	0.0001	-1.0
319	嶄	1	0.0001	-1.0
319	嶧	1	0.0001	-1.0
319	市	1	0.0001	-1.0
319	带	1	0.0001	-1.0
319	帮	1	0.0001	-1.0
319	常	1	0.0001	-1.0
319	幯	1	0.0001	-1.0
319	并	1	0.0001	-1.0
319	幼	1	0.0001	-1.0
319	廊	1	0.0001	-1.0
319	弄	1	0.0001	-1.0
319	弐	1	0.0001	-1.0
319	弗	1	0.0001	-1.0
319	弥	1	0.0001	-1.0
319	彫	1	0.0001	-1.0
319	径	1	0.0001	-1.0
319	很	1	0.0001	-1.0
319	忌	1	0.0001	-1.0
319	志	1	0.0001	-1.0
319	忙	1	0.0001	-1.0
319	応	1	0.0001	-1.0
319	怎	1	0.0001	-1.0
319	您	1	0.0001	-1.0
319	愁	1	0.0001	-1.0
319	愚	1	0.0001	-1.0
319	態	1	0.0001	-1.0
319	慕	1	0.0001	-1.0
319	憧	1	0.0001	-1.0
319	懐	1	0.0001	-1.0
319	懲	1	0.0001	-1.0
319	戎	1	0.0001	-1.0
319	扎	1	0.0001	-1.0
319	払	1	0.0001	-1.0
319	托	1	0.0001	-1.0
319	扫	1	0.0001	-1.0
319	扳	1	0.0001	-1.0
319	承	1	0.0001	-1.0
319	技	1	0.0001	-1.0
319	把	1	0.0001	-1.0
319	抎	1	0.0001	-1.0
319	投	1	0.0001	-1.0
319	报	1	0.0001	-1.0
319	拋	1	0.0001	-1.0
319	拍	1	0.0001	-1.0
319	拜	1	0.0001	-1.0
319	拥	1	0.0001	-1.0
319	拭	1	0.0001	-1.0
319	掛	1	0.0001	-1.0
319	掲	1	0.0001	-1.0
319	掴	1	0.0001	-1.0
319	揑	1	0.0001	-1.0
319	揮	1	0.0001	-1.0
319	搃	1	0.0001	-1.0
319	携	1	0.0001	-1.0
319	摩	1	0.0001	-1.0
319	撒	1	0.0001	-1.0
319	撻	1	0.0001	-1.0
319	撼	1	0.0001	-1.0
319	操	1	0.0001	-1.0
319	擰	1	0.0001	-1.0
319	攻	1	0.0001	-1.0
319	政	1	0.0001	-1.0
319	敏	1	0.0001	-1.0
319	斉	1	0.0001	-1.0
319	於	1	0.0001	-1.0
319	无	1	0.0001	-1.0
319	昭	1	0.0001	-1.0
319	晓	1	0.0001	-1.0
319	晗	1	0.0001	-1.0
319	普	1	0.0001	-1.0
319	暈	1	0.0001	-1.0
319	暖	1	0.0001	-1.0
319	暫	1	0.0001	-1.0
319	曜	1	0.0001	-1.0
319	書	1	0.0001	-1.0
319	曹	1	0.0001	-1.0
319	曾	1	0.0001	-1.0
319	替	1	0.0001	-1.0
319	會	1	0.0001	-1.0
319	朋	1	0.0001	-1.0
319	朢	1	0.0001	-1.0
319	札	1	0.0001	-1.0
319	机	1	0.0001	-1.0
319	朽	1	0.0001	-1.0
319	杋	1	0.0001	-1.0
319	杍	1	0.0001	-1.0
319	村	1	0.0001	-1.0
319	杣	1	0.0001	-1.0
319	杤	1	0.0001	-1.0
319	松	1	0.0001	-1.0
319	板	1	0.0001	-1.0
319	极	1	0.0001	-1.0
319	构	1	0.0001	-1.0
319	柏	1	0.0001	-1.0
319	染	1	0.0001	-1.0
319	样	1	0.0001	-1.0
319	桑	1	0.0001	-1.0
319	梅	1	0.0001	-1.0
319	條	1	0.0001	-1.0
319	楚	1	0.0001	-1.0
319	楛	1	0.0001	-1.0
319	極	1	0.0001	-1.0
319	楽	1	0.0001	-1.0
319	榙	1	0.0001	-1.0
319	榲	1	0.0001	-1.0
319	樣	1	0.0001	-1.0
319	樹	1	0.0001	-1.0
319	橇	1	0.0001	-1.0
319	檣	1	0.0001	-1.0
319	欠	1	0.0001	-1.0
319	欧	1	0.0001	-1.0
319	歜	1	0.0001	-1.0
319	歡	1	0.0001	-1.0
319	歴	1	0.0001	-1.0
319	殻	1	0.0001	-1.0
319	毎	1	0.0001	-1.0
319	毟	1	0.0001	-1.0
319	氓	1	0.0001	-1.0
319	氣	1	0.0001	-1.0
319	沙	1	0.0001	-1.0
319	沸	1	0.0001	-1.0
319	治	1	0.0001	-1.0
319	泪	1	0.0001	-1.0
319	洀	1	0.0001	-1.0
319	津	1	0.0001	-1.0
319	涅	1	0.0001	-1.0
319	淎	1	0.0001	-1.0
319	淏	1	0.0001	-1.0
319	淐	1	0.0001	-1.0
319	淔	1	0.0001	-1.0
319	淕	1	0.0001	-1.0
319	淫	1	0.0001	-1.0
319	淯	1	0.0001	-1.0
319	渝	1	0.0001	-1.0
319	渢	1	0.0001	-1.0
319	渦	1	0.0001	-1.0
319	溃	1	0.0001	-1.0
319	源	1	0.0001	-1.0
319	準	1	0.0001	-1.0
319	溜	1	0.0001	-1.0
319	滑	1	0.0001	-1.0
319	漏	1	0.0001	-1.0
319	漠	1	0.0001	-1.0
319	澗	1	0.0001	-1.0
319	瀰	1	0.0001	-1.0
319	瀽	1	0.0001	-1.0
319	灰	1	0.0001	-1.0
319	灼	1	0.0001	-1.0
319	烏	1	0.0001	-1.0
319	烰	1	0.0001	-1.0
319	焦	1	0.0001	-1.0
319	焼	1	0.0001	-1.0
319	爷	1	0.0001	-1.0
319	爽	1	0.0001	-1.0
319	狂	1	0.0001	-1.0
319	猣	1	0.0001	-1.0
319	献	1	0.0001	-1.0
319	獼	1	0.0001	-1.0
319	玄	1	0.0001	-1.0
319	玛	1	0.0001	-1.0
319	班	1	0.0001	-1.0
319	琀	1	0.0001	-1.0
319	琼	1	0.0001	-1.0
319	璉	1	0.0001	-1.0
319	瓦	1	0.0001	-1.0
319	瓶	1	0.0001	-1.0
319	甫	1	0.0001	-1.0
319	甲	1	0.0001	-1.0
319	甸	1	0.0001	-1.0
319	疂	1	0.0001	-1.0
319	疋	1	0.0001	-1.0
319	疯	1	0.0001	-1.0
319	疴	1	0.0001	-1.0
319	疼	1	0.0001	-1.0
319	痺	1	0.0001	-1.0
319	瘤	1	0.0001	-1.0
319	登	1	0.0001	-1.0
319	發	1	0.0001	-1.0
319	百	1	0.0001	-1.0
319	皆	1	0.0001	-1.0
319	皴	1	0.0001	-1.0
319	盖	1	0.0001	-1.0
319	盗	1	0.0001	-1.0
319	盟	1	0.0001	-1.0
319	睛	1	0.0001	-1.0
319	睡	1	0.0001	-1.0
319	矢	1	0.0001	-1.0
319	矾	1	0.0001	-1.0
319	确	1	0.0001	-1.0
319	礀	1	0.0001	-1.0
319	示	1	0.0001	-1.0
319	礼	1	0.0001	-1.0
319	祟	1	0.0001	-1.0
319	穃	1	0.0001	-1.0
319	穷	1	0.0001	-1.0
319	窓	1	0.0001	-1.0
319	窶	1	0.0001	-1.0
319	站	1	0.0001	-1.0
319	筒	1	0.0001	-1.0
319	箦	1	0.0001	-1.0
319	粋	1	0.0001	-1.0
319	粗	1	0.0001	-1.0
319	粮	1	0.0001	-1.0
319	粽	1	0.0001	-1.0
319	紋	1	0.0001	-1.0
319	純	1	0.0001	-1.0
319	索	1	0.0001	-1.0
319	組	1	0.0001	-1.0
319	統	1	0.0001	-1.0
319	綾	1	0.0001	-1.0
319	緒	1	0.0001	-1.0
319	緩	1	0.0001	-1.0
319	縁	1	0.0001	-1.0
319	續	1	0.0001	-1.0
319	纳	1	0.0001	-1.0
319	经	1	0.0001	-1.0
319	结	1	0.0001	-1.0
319	缶	1	0.0001	-1.0
319	罷	1	0.0001	-1.0
319	羊	1	0.0001	-1.0
319	羹	1	0.0001	-1.0
319	聡	1	0.0001	-1.0
319	聴	1	0.0001	-1.0
319	育	1	0.0001	-1.0
319	胱	1	0.0001	-1.0
319	脈	1	0.0001	-1.0
319	脙	1	0.0001	-1.0
319	脛	1	0.0001	-1.0
319	膏	1	0.0001	-1.0
319	膛	1	0.0001	-1.0
319	臉	1	0.0001	-1.0
319	臨	1	0.0001	-1.0
319	至	1	0.0001	-1.0
319	與	1	0.0001	-1.0
319	興	1	0.0001	-1.0
319	般	1	0.0001	-1.0
319	艮	1	0.0001	-1.0
319	芸	1	0.0001	-1.0
319	英	1	0.0001	-1.0
319	茨	1	0.0001	-1.0
319	荣	1	0.0001	-1.0
319	莫	1	0.0001	-1.0
319	莱	1	0.0001	-1.0
319	萊	1	0.0001	-1.0
319	葆	1	0.0001	-1.0
319	蒁	1	0.0001	-1.0
319	蒂	1	0.0001	-1.0
319	蒙	1	0.0001	-1.0
319	蒜	1	0.0001	-1.0
319	蓈	1	0.0001	-1.0
319	蓋	1	0.0001	-1.0
319	蓬	1	0.0001	-1.0
319	蔓	1	0.0001	-1.0
319	蔵	1	0.0001	-1.0
319	薯	1	0.0001	-1.0
319	薰	1	0.0001	-1.0
319	藤	1	0.0001	-1.0
319	藩	1	0.0001	-1.0
319	蘇	1	0.0001	-1.0
319	虞	1	0.0001	-1.0
319	號	1	0.0001	-1.0
319	蚤	1	0.0001	-1.0
319	蛇	1	0.0001	-1.0
319	蛙	1	0.0001	-1.0
319	蛤	1	0.0001	-1.0
319	蛮	1	0.0001	-1.0
319	蝟	1	0.0001	-1.0
319	螃	1	0.0001	-1.0
319	血	1	0.0001	-1.0
319	衣	1	0.0001	-1.0
319	装	1	0.0001	-1.0
319	褕	1	0.0001	-1.0
319	褻	1	0.0001	-1.0
319	襲	1	0.0001	-1.0
319	覺	1	0.0001	-1.0
319	观	1	0.0001	-1.0
319	触	1	0.0001	-1.0
319	託	1	0.0001	-1.0
319	訪	1	0.0001	-1.0
319	設	1	0.0001	-1.0
319	訳	1	0.0001	-1.0
319	訶	1	0.0001	-1.0
319	評	1	0.0001	-1.0
319	詞	1	0.0001	-1.0
319	話	1	0.0001	-1.0
319	該	1	0.0001	-1.0
319	詳	1	0.0001	-1.0
319	誉	1	0.0001	-1.0
319	誘	1	0.0001	-1.0
319	說	1	0.0001	-1.0
319	諌	1	0.0001	-1.0
319	諾	1	0.0001	-1.0
319	謄	1	0.0001	-1.0
319	識	1	0.0001	-1.0
319	警	1	0.0001	-1.0
319	護	1	0.0001	-1.0
319	让	1	0.0001	-1.0
319	记	1	0.0001	-1.0
319	论	1	0.0001	-1.0
319	话	1	0.0001	-1.0
319	谷	1	0.0001	-1.0
319	貸	1	0.0001	-1.0
319	費	1	0.0001	-1.0
319	賀	1	0.0001	-1.0
319	賊	1	0.0001	-1.0
319	賛	1	0.0001	-1.0
319	货	1	0.0001	-1.0
319	贾	1	0.0001	-1.0
319	赫	1	0.0001	-1.0
319	赵	1	0.0001	-1.0
319	趣	1	0.0001	-1.0
319	踊	1	0.0001	-1.0
319	踴	1	0.0001	-1.0
319	躓	1	0.0001	-1.0
319	軌	1	0.0001	-1.0
319	輝	1	0.0001	-1.0
319	车	1	0.0001	-1.0
319	转	1	0.0001	-1.0
319	轮	1	0.0001	-1.0
319	辑	1	0.0001	-1.0
319	辦	1	0.0001	-1.0
319	農	1	0.0001	-1.0
319	边	1	0.0001	-1.0
319	迈	1	0.0001	-1.0
319	连	1	0.0001	-1.0
319	迸	1	0.0001	-1.0
319	退	1	0.0001	-1.0
319	透	1	0.0001	-1.0
319	這	1	0.0001	-1.0
319	違	1	0.0001	-1.0
319	邦	1	0.0001	-1.0
319	邮	1	0.0001	-1.0
319	郀	1	0.0001	-1.0
319	郷	1	0.0001	-1.0
319	酋	1	0.0001	-1.0
319	配	1	0.0001	-1.0
319	醉	1	0.0001	-1.0
319	釜	1	0.0001	-1.0
319	針	1	0.0001	-1.0
319	鋑	1	0.0001	-1.0
319	鎮	1	0.0001	-1.0
319	鏰	1	0.0001	-1.0
319	鑞	1	0.0001	-1.0
319	鑣	1	0.0001	-1.0
319	钟	1	0.0001	-1.0
319	镇	1	0.0001	-1.0
319	閒	1	0.0001	-1.0
319	閻	1	0.0001	-1.0
319	闚	1	0.0001	-1.0
319	问	1	0.0001	-1.0
319	闲	1	0.0001	-1.0
319	阎	1	0.0001	-1.0
319	队	1	0.0001	-1.0
319	阭	1	0.0001	-1.0
319	阳	1	0.0001	-1.0
319	陈	1	0.0001	-1.0
319	陪	1	0.0001	-1.0
319	陰	1	0.0001	-1.0
319	険	1	0.0001	-1.0
319	陽	1	0.0001	-1.0
319	随	1	0.0001	-1.0
319	难	1	0.0001	-1.0
319	雄	1	0.0001	-1.0
319	非	1	0.0001	-1.0
319	革	1	0.0001	-1.0
319	韗	1	0.0001	-1.0
319	韛	1	0.0001	-1.0
319	頃	1	0.0001	-1.0
319	頭	1	0.0001	-1.0
319	題	1	0.0001	-1.0
319	額	1	0.0001	-1.0
319	须	1	0.0001	-1.0
319	顾	1	0.0001	-1.0
319	颗	1	0.0001	-1.0
319	颶	1	0.0001	-1.0
319	飉	1	0.0001	-1.0
319	风	1	0.0001	-1.0
319	餐	1	0.0001	-1.0
319	館	1	0.0001	-1.0
319	饮	1	0.0001	-1.0
319	馬	1	0.0001	-1.0
319	馭	1	0.0001	-1.0
319	馻	1	0.0001	-1.0
319	駒	1	0.0001	-1.0
319	駭	1	0.0001	-1.0
319	駱	1	0.0001	-1.0
319	骗	1	0.0001	-1.0
319	髄	1	0.0001	-1.0
319	髇	1	0.0001	-1.0
319	髎	1	0.0001	-1.0
319	髗	1	0.0001	-1.0
319	髭	1	0.0001	-1.0
319	鬺	1	0.0001	-1.0
319	魂	1	0.0001	-1.0
319	魏	1	0.0001	-1.0
319	鯉	1	0.0001	-1.0
319	鯾	1	0.0001	-1.0
319	鰐	1	0.0001	-1.0
319	鱼	1	0.0001	-1.0
319	鲁	1	0.0001	-1.0
319	麻	1	0.0001	-1.0
319	黄	1	0.0001	-1.0
319	黎	1	0.0001	-1.0
319	黙	1	0.0001	-1.0
319	黷	1	0.0001	-1.0
319	鼜	1	0.0001	-1.0
319	齁	1	0.0001	-1.0
319	齐	1	0.0001	-1.0
319	齡	1	0.0001	-1.0
319	꤬	1	0.0001	-1.0
319	ꥮ	1	0.0001	-1.0
319	간	1	0.0001	-1.0
319	거	1	0.0001	-1.0
319	겨	1	0.0001	-1.0
319	괜	1	0.0001	-1.0
319	구	1	0.0001	-1.0
319	국	1	0.0001	-1.0
319	꿌	1	0.0001	-1.0
319	꿢	1	0.0001	-1.0
319	꿣	1	0.0001	-1.0
319	남	1	0.0001	-1.0
319	녕	1	0.0001	-1.0
319	누	1	0.0001	-1.0
319	다	1	0.0001	-1.0
319	래	1	0.0001	-1.0
319	러	1	0.0001	-1.0
319	를	1	0.0001	-1.0
319	리	1	0.0001	-1.0
319	말	1	0.0001	-1.0
319	메	1	0.0001	-1.0
319	뭐	1	0.0001	-1.0
319	밀	1	0.0001	-1.0
319	밃	1	0.0001	-1.0
319	밇	1	0.0001	-1.0
319	밢	1	0.0001	-1.0
319	밷	1	0.0001	-1.0
319	쁂	1	0.0001	-1.0
319	쁟	1	0.0001	-1.0
319	슬	1	0.0001	-1.0
319	쏳	1	0.0001	-1.0
319	씽	1	0.0001	-1.0
319	안	1	0.0001	-1.0
319	알	1	0.0001	-1.0
319	약	1	0.0001	-1.0
319	양	1	0.0001	-1.0
319	외	1	0.0001	-1.0
319	웃	1	0.0001	-1.0
319	워	1	0.0001	-1.0
319	위	1	0.0001	-1.0
319	은	1	0.0001	-1.0
319	을	1	0.0001	-1.0
319	일	1	0.0001	-1.0
319	잠	1	0.0001	-1.0
319	잡	1	0.0001	-1.0
319	장	1	0.0001	-1.0
319	정	1	0.0001	-1.0
319	제	1	0.0001	-1.0
319	좋	1	0.0001	-1.0
319	진	1	0.0001	-1.0
319	짜	1	0.0001	-1.0
319	찮	1	0.0001	-1.0
319	출	1	0.0001	-1.0
319	태	1	0.0001	-1.0
319	평	1	0.0001	-1.0
319	한	1	0.0001	-1.0
319	햛	1	0.0001	-1.0
319	홀	1	0.0001	-1.0
319	화	1	0.0001	-1.0
319	靖	1	0.0001	-1.0
319	ｃ	1	0.0001	-1.0
319	ｆ	1	0.0001	-1.0
319	ｐ	1	0.0001	-1.0
319	ｻ	1	0.0001	-1.0
319	ｼ	1	0.0001	-1.0
319	ｿ	1	0.0001	-1.0
319	ﾄ	1	0.0001	-1.0
319	ﾋ	1	0.0001	-1.0
319	ﾜ	1	0.0001	-1.0
