Rank	Bigram	Frequency	Frequency per million	Zipf value
1	i$	71047	29252.9177	7.4662
2	s$	70344	28963.4642	7.4619
3	n$	55396	22808.7692	7.3581
4	o$	54046	22252.9198	7.3474
5	e$	47067	19379.3837	7.2873
6	a$	46188	19017.464	7.2792
7	as	44493	18319.564	7.2629
8	^k	43053	17726.6579	7.2486
9	^m	40615	16722.8349	7.2233
10	on	37848	15583.5493	7.1927
11	^l	33781	13909.0013	7.1433
12	^v	33243	13687.4849	7.1363
13	la	32734	13477.9091	7.1296
14	^p	31411	12933.1766	7.1117
15	^e	31312	12892.4143	7.1103
16	vi	30126	12404.0902	7.0936
17	^n	29986	12346.4466	7.0915
18	u$	29767	12256.2754	7.0884
19	ta	28971	11928.5301	7.0766
20	st	27973	11517.6132	7.0614
21	en	27939	11503.6141	7.0608
22	mi	27705	11407.2668	7.0572
23	j$	26527	10922.2367	7.0383
24	es	25326	10427.7365	7.0182
25	ti	24589	10124.2838	7.0054
26	^s	24423	10055.9349	7.0024
27	an	24230	9976.469	6.999
28	^t	24125	9933.2363	6.9971
29	^a	23130	9523.5546	6.9788
30	^d	23129	9523.1429	6.9788
31	in	23047	9489.3802	6.9772
32	is	21781	8968.1169	6.9527
33	ne	20954	8627.6076	6.9359
34	al	19796	8150.8123	6.9112
35	ro	19512	8033.878	6.9049
36	ia	19456	8010.8205	6.9037
37	li	19381	7979.94	6.902
38	or	18876	7772.0111	6.8905
39	ni	17865	7355.7416	6.8666
40	ra	17442	7181.5754	6.8562
41	ri	17368	7151.1067	6.8544
42	aj	16709	6879.7698	6.8376
43	oj	16510	6797.8334	6.8324
44	ka	16386	6746.7776	6.8291
45	io	16340	6727.8376	6.8279
46	^ĉ	16169	6657.43	6.8233
47	ki	16044	6605.9624	6.8199
48	er	15620	6431.3845	6.8083
49	to	15601	6423.5614	6.8078
50	ar	15311	6304.1567	6.7996
51	re	14658	6035.2903	6.7807
52	de	13973	5753.2481	6.7599
53	ma	13494	5556.0245	6.7448
54	no	13445	5535.8492	6.7432
55	^f	13231	5447.7368	6.7362
56	l$	12844	5288.3932	6.7233
57	po	12448	5125.3441	6.7097
58	ko	12402	5106.404	6.7081
59	te	12387	5100.2279	6.7076
60	^i	12068	4968.8827	6.6963
61	nt	11351	4673.6649	6.6697
62	el	11148	4590.0816	6.6618
63	lo	10686	4399.8575	6.6434
64	do	10312	4245.8666	6.628
65	os	10280	4232.6909	6.6266
66	pr	10199	4199.34	6.6232
67	di	10048	4137.1672	6.6167
68	^b	10001	4117.8154	6.6147
69	tr	9808	4038.3495	6.6062
70	mo	9751	4014.8803	6.6037
71	^r	9662	3978.2354	6.5997
72	ie	9494	3909.063	6.5921
73	un	9384	3863.7716	6.587
74	iu	9172	3776.4826	6.5771
75	se	9138	3762.4835	6.5755
76	il	8992	3702.3694	6.5685
77	ir	8792	3620.0213	6.5587
78	va	8767	3609.7278	6.5575
79	^h	8754	3604.3752	6.5568
80	na	8706	3584.6116	6.5544
81	nu	8544	3517.9097	6.5463
82	r$	8515	3505.9692	6.5448
83	aŭ	8498	3498.9696	6.5439
84	am	8081	3327.2739	6.5221
85	jn	7895	3250.6902	6.512
86	da	7871	3240.8084	6.5107
87	pa	7852	3232.9853	6.5096
88	at	7804	3213.2218	6.5069
89	ĉi	7780	3203.34	6.5056
90	om	7669	3157.6369	6.4994
91	le	7585	3123.0507	6.4946
92	ve	7410	3050.9961	6.4844
93	ol	7404	3048.5257	6.4841
94	pe	7386	3041.1143	6.483
95	bo	7302	3006.5281	6.4781
96	si	7138	2939.0027	6.4682
97	^j	7122	2932.4149	6.4672
98	vo	6904	2842.6555	6.4537
99	tu	6762	2784.1883	6.4447
100	ek	6729	2770.6009	6.4426
101	ĝi	6708	2761.9544	6.4412
102	ĉu	6702	2759.4839	6.4408
103	ur	6583	2710.4868	6.433
104	nd	6548	2696.0759	6.4307
105	ku	6363	2619.9039	6.4183
106	me	6316	2600.5521	6.4151
107	ci	6176	2542.9085	6.4053
108	ig	6146	2530.5563	6.4032
109	m$	6058	2494.3231	6.397
110	^o	5867	2415.6807	6.383
111	ru	5805	2390.1528	6.3784
112	ul	5706	2349.3905	6.371
113	ov	5615	2311.9221	6.364
114	ed	5536	2279.3947	6.3578
115	rt	5528	2276.1007	6.3572
116	fa	5450	2243.985	6.351
117	et	5422	2232.4563	6.3488
118	nk	5311	2186.7531	6.3398
119	ke	5156	2122.9333	6.3269
120	pl	5084	2093.288	6.3208
121	it	5063	2084.6415	6.319
122	^ĝ	5053	2080.5241	6.3182
123	su	5009	2062.4075	6.3144
124	ga	4953	2039.35	6.3095
125	ŭ$	4933	2031.1152	6.3077
126	id	4855	1998.9995	6.3008
127	^ŝ	4847	1995.7055	6.3001
128	sa	4790	1972.2363	6.295
129	lu	4711	1939.7089	6.2877
130	je	4654	1916.2397	6.2824
131	jo	4582	1886.5944	6.2757
132	fo	4425	1821.9511	6.2605
133	em	4414	1817.422	6.2595
134	du	4374	1800.9524	6.2555
135	av	4365	1797.2467	6.2546
136	iĝ	4288	1765.5427	6.2469
137	^g	4078	1679.0772	6.2251
138	rd	4054	1669.1954	6.2225
139	ok	3952	1627.1979	6.2114
140	fi	3911	1610.3166	6.2069
141	ha	3858	1588.4943	6.201
142	ev	3762	1548.9673	6.19
143	so	3738	1539.0855	6.1873
144	gi	3522	1450.1496	6.1614
145	ce	3479	1432.4447	6.1561
146	mp	3426	1410.6225	6.1494
147	be	3329	1370.6837	6.1369
148	kt	3271	1346.8027	6.1293
149	ja	3265	1344.3323	6.1285
150	^c	3251	1338.5679	6.1266
151	bl	3239	1333.627	6.125
152	ns	3236	1332.3918	6.1246
153	ak	3235	1331.9801	6.1245
153	us	3235	1331.9801	6.1245
154	pi	3213	1322.9218	6.1215
155	fe	3202	1318.3926	6.12
156	ho	3195	1315.5105	6.1191
157	im	3149	1296.5704	6.1128
158	d$	3130	1288.7473	6.1102
158	ik	3130	1288.7473	6.1102
159	ŝi	3110	1280.5125	6.1074
160	uj	3074	1265.6899	6.1023
161	ap	3070	1264.0429	6.1018
162	zi	3057	1258.6903	6.0999
163	go	3054	1257.4551	6.0995
164	lt	3007	1238.1033	6.0928
165	ad	3000	1235.2211	6.0917
166	ab	2893	1191.1649	6.076
167	kr	2816	1159.4609	6.0643
168	ut	2761	1136.8151	6.0557
169	rm	2754	1133.933	6.0546
170	^u	2699	1111.2872	6.0458
171	ba	2671	1099.7585	6.0413
172	sp	2643	1088.2298	6.0367
173	sk	2603	1071.7602	6.0301
174	mu	2581	1062.7019	6.0264
175	co	2575	1060.2314	6.0254
176	ej	2515	1035.527	6.0152
177	ĝo	2483	1022.3513	6.0096
178	zo	2452	1009.5874	6.0041
179	iv	2433	1001.7643	6.0008
180	ag	2359	971.2955	5.9874
180	ge	2359	971.2955	5.9874
180	gr	2359	971.2955	5.9874
181	eg	2349	967.1781	5.9855
182	sc	2335	961.4138	5.9829
183	ez	2252	927.2393	5.9672
184	ng	2206	908.2992	5.9582
185	um	2180	897.594	5.9531
186	nc	2167	892.2414	5.9505
187	ĝa	2151	885.6535	5.9473
188	ĉa	2068	851.4791	5.9302
189	ac	2054	845.7147	5.9272
190	he	2040	839.9503	5.9243
191	eb	2029	835.4212	5.9219
191	ŝa	2029	835.4212	5.9219
192	ec	2026	834.186	5.9213
193	ks	1985	817.3046	5.9124
194	fr	1964	808.6581	5.9078
195	kv	1946	801.2467	5.9038
196	ĉe	1854	763.3666	5.8827
197	az	1850	761.7197	5.8818
198	nj	1838	756.7788	5.879
199	lp	1827	752.2496	5.8764
200	za	1813	746.4853	5.873
201	br	1731	712.7226	5.8529
202	gu	1721	708.6052	5.8504
203	bi	1706	702.4291	5.8466
204	ĝu	1661	683.9007	5.835
205	'$	1490	613.4931	5.7878
206	nĝ	1489	613.0814	5.7875
207	pu	1487	612.2579	5.7869
208	aĵ	1481	609.7875	5.7852
209	af	1479	608.964	5.7846
210	ic	1469	604.8466	5.7816
211	ĵo	1458	600.3175	5.7784
212	aĝ	1418	583.8478	5.7663
213	op	1399	576.0248	5.7604
213	vu	1399	576.0248	5.7604
214	ib	1380	568.2017	5.7545
215	kl	1374	565.7313	5.7526
216	k$	1342	552.5556	5.7424
217	rg	1329	547.2029	5.7381
218	ot	1294	532.792	5.7266
219	iz	1285	529.0864	5.7235
220	aĉ	1278	526.2042	5.7212
221	uk	1273	524.1455	5.7195
222	hi	1249	514.2637	5.7112
223	ca	1194	491.618	5.6916
224	ub	1193	491.2063	5.6913
225	nf	1190	489.971	5.6902
226	ud	1188	489.1476	5.6894
227	ip	1178	485.0301	5.6858
228	rn	1173	482.9714	5.6839
229	nv	1161	478.0306	5.6795
230	rb	1159	477.2071	5.6787
231	ep	1155	475.5601	5.6772
232	up	1151	473.9132	5.6757
233	fl	1078	443.8561	5.6472
234	rk	1053	433.5626	5.6371
235	iĉ	1048	431.5039	5.635
236	od	1043	429.4452	5.6329
237	ua	1030	424.0926	5.6275
238	ef	1023	421.2104	5.6245
239	ze	1022	420.7987	5.6241
240	t$	1005	413.7991	5.6168
241	of	985	405.5643	5.6081
242	ju	974	401.0351	5.6032
243	lf	969	398.9764	5.6009
244	uz	968	398.5647	5.6005
245	ld	953	392.3886	5.5937
246	ob	941	387.4477	5.5882
247	rv	935	384.9772	5.5854
248	ll	871	358.6259	5.5546
249	ls	866	356.5672	5.5521
250	mb	858	353.2732	5.5481
251	ĉj	856	352.4498	5.5471
252	ii	855	352.038	5.5466
253	fu	854	351.6263	5.5461
254	rs	852	350.8028	5.5451
255	lv	851	350.3911	5.5446
256	rl	820	337.6271	5.5284
257	lk	799	328.9806	5.5172
258	ĝe	790	325.2749	5.5123
259	kc	778	320.334	5.5056
260	ĉo	762	313.7462	5.4966
261	lb	757	311.6875	5.4937
262	eĉ	741	305.0996	5.4844
262	ĉ$	741	305.0996	5.4844
263	ŝt	736	303.0409	5.4815
264	ŭr	734	302.2174	5.4803
265	bu	717	295.2178	5.4701
266	eĝ	701	288.63	5.4603
267	ui	691	284.5126	5.4541
268	uf	689	283.6891	5.4528
269	eo	682	280.8069	5.4484
270	rp	677	278.7482	5.4452
271	uo	674	277.513	5.4433
272	ug	671	276.2778	5.4413
273	kn	667	274.6308	5.4387
274	ea	646	265.9843	5.4249
275	if	636	261.8669	5.4181
276	pt	627	258.1612	5.4119
277	ch	625	257.3377	5.4105
278	dz	621	255.6908	5.4077
278	ee	621	255.6908	5.4077
279	og	617	254.0438	5.4049
280	ŭd	605	249.1029	5.3964
281	oz	602	247.8677	5.3942
282	aŝ	601	247.456	5.3935
283	^z	586	241.2799	5.3825
284	ue	573	235.9272	5.3728
285	dr	555	228.5159	5.3589
285	gn	555	228.5159	5.3589
286	gl	546	224.8102	5.3518
287	y$	533	219.4576	5.3414
288	uŝ	532	219.0459	5.3405
289	s-	525	216.1637	5.3348
290	kz	522	214.9285	5.3323
291	lm	519	213.6932	5.3298
292	ei	504	207.5171	5.3171
293	sh	496	204.2232	5.3101
294	rĉ	484	199.2823	5.2995
295	rf	483	198.8706	5.2986
296	jm	452	186.1066	5.2698
297	nĉ	447	184.0479	5.2649
298	hu	446	183.6362	5.264
299	i-	436	179.5188	5.2541
300	zu	435	179.1071	5.2531
301	o-	434	178.6953	5.2521
302	ŭt	433	178.2836	5.2511
303	ŭs	431	177.4601	5.2491
304	oc	421	173.3427	5.2389
305	-r	406	167.1666	5.2231
306	^ĵ	394	162.2257	5.2101
307	gv	384	158.1083	5.199
308	oĝ	371	152.7557	5.184
309	ŝo	360	148.2265	5.1709
310	au	353	145.3443	5.1624
311	sm	344	141.6387	5.1512
312	np	343	141.2269	5.1499
312	ŝu	343	141.2269	5.1499
313	ŭe	338	139.1682	5.1435
314	jt	326	134.2274	5.1278
315	cx	325	133.8156	5.1265
316	rc	316	130.11	5.1143
317	h$	313	128.8747	5.1102
318	r'	300	123.5221	5.0917
319	oŝ	295	121.4634	5.0844
320	lg	294	121.0517	5.083
321	rŝ	291	119.8164	5.0785
322	oĉ	288	118.5812	5.074
323	v$	282	116.1108	5.0649
324	l'	281	115.699	5.0633
325	uĝ	280	115.2873	5.0618
326	ŭl	279	114.8756	5.0602
327	lj	275	113.2286	5.054
328	nl	273	112.4051	5.0508
329	bs	272	111.9934	5.0492
330	b$	268	110.3464	5.0428
331	xu	266	109.5229	5.0395
332	nn	263	108.2877	5.0346
333	ck	262	107.876	5.0329
334	ĵu	261	107.4642	5.0313
335	^æ	253	104.1703	5.0177
336	ai	239	98.4059	4.993
337	uv	236	97.1707	4.9875
338	kd	235	96.759	4.9857
339	iŝ	234	96.3472	4.9838
340	mn	230	94.7003	4.9764
341	ŭa	225	92.6416	4.9668
342	ao	224	92.2298	4.9649
343	sv	223	91.8181	4.9629
343	uc	223	91.8181	4.9629
344	-n	222	91.4064	4.961
345	rĝ	220	90.5829	4.957
345	vr	220	90.5829	4.957
346	-t	215	88.5242	4.9471
347	f$	211	86.8772	4.9389
347	g$	211	86.8772	4.9389
348	n'	209	86.0537	4.9348
349	ss	206	84.8185	4.9285
350	ou	201	82.7598	4.9178
351	ŝe	200	82.3481	4.9157
352	kk	199	81.9363	4.9135
352	xi	199	81.9363	4.9135
353	aa	193	79.4659	4.9002
353	cu	193	79.4659	4.9002
353	oa	193	79.4659	4.9002
353	tt	193	79.4659	4.9002
354	^w	192	79.0542	4.8979
354	gh	192	79.0542	4.8979
355	jr	190	78.2307	4.8934
355	pp	190	78.2307	4.8934
356	ĵe	188	77.4072	4.8888
357	oo	184	75.7602	4.8794
358	-o	183	75.3485	4.8771
358	ln	183	75.3485	4.8771
358	rr	183	75.3485	4.8771
359	n-	174	71.6428	4.8552
360	nm	172	70.8193	4.8502
361	ah	170	69.9959	4.8451
362	lr	169	69.5841	4.8425
362	lŝ	169	69.5841	4.8425
363	mm	167	68.7606	4.8373
364	^y	158	65.055	4.8133
365	ij	154	63.408	4.8021
365	t'	154	63.408	4.8021
366	-s	150	61.7611	4.7907
366	nŝ	150	61.7611	4.7907
367	ŭg	147	60.5258	4.7819
368	oh	146	60.1141	4.779
369	nh	145	59.7024	4.776
369	sl	145	59.7024	4.776
369	ŝl	145	59.7024	4.776
370	z$	144	59.2906	4.773
371	-i	141	58.0554	4.7638
371	gm	141	58.0554	4.7638
372	rh	138	56.8202	4.7545
373	oe	137	56.4084	4.7513
373	th	137	56.4084	4.7513
374	-k	136	55.9967	4.7482
375	ps	135	55.5849	4.745
376	ae	134	55.1732	4.7417
377	-p	133	54.7615	4.7385
377	oi	133	54.7615	4.7385
377	æi	133	54.7615	4.7385
378	ya	130	53.5262	4.7286
379	a-	129	53.1145	4.7252
380	lĉ	126	51.8793	4.715
380	p$	126	51.8793	4.715
381	gx	125	51.4675	4.7115
382	eŭ	124	51.0558	4.708
383	d'	123	50.6441	4.7045
383	tl	123	50.6441	4.7045
384	ŭz	122	50.2323	4.701
385	ft	121	49.8206	4.6974
386	bt	120	49.4088	4.6938
386	e-	120	49.4088	4.6938
387	dy	119	48.9971	4.6902
387	ly	119	48.9971	4.6902
387	ĥa	119	48.9971	4.6902
388	ji	116	47.7619	4.6791
389	mf	115	47.3501	4.6753
389	ŝp	115	47.3501	4.6753
390	nz	114	46.9384	4.6715
391	sf	112	46.1149	4.6638
391	æu	112	46.1149	4.6638
392	eu	111	45.7032	4.6599
392	wo	111	45.7032	4.6599
393	-m	110	45.2914	4.656
393	ts	110	45.2914	4.656
394	-f	109	44.8797	4.652
395	jl	108	44.468	4.648
395	wa	108	44.468	4.648
396	yo	107	44.0562	4.644
397	kf	106	43.6445	4.6399
398	t-	105	43.2327	4.6358
399	rj	104	42.821	4.6317
400	lh	103	42.4093	4.6275
400	ow	103	42.4093	4.6275
401	k'	102	41.9975	4.6232
401	ŝ$	102	41.9975	4.6232
402	cl	101	41.5858	4.6189
403	-d	100	41.174	4.6146
403	sx	100	41.174	4.6146
404	-a	98	40.3506	4.6058
404	aĥ	98	40.3506	4.6058
404	l-	98	40.3506	4.6058
404	lĝ	98	40.3506	4.6058
405	^ĥ	97	39.9388	4.6014
406	hm	94	38.7036	4.5878
407	aý	92	37.8801	4.5784
407	eŝ	92	37.8801	4.5784
407	tn	92	37.8801	4.5784
407	vl	92	37.8801	4.5784
408	øi	91	37.4684	4.5737
409	eh	89	36.6449	4.564
410	-v	88	36.2332	4.5591
411	js	86	35.4097	4.5491
412	-ĉ	85	34.9979	4.544
413	dm	84	34.5862	4.5389
414	ay	83	34.1745	4.5337
414	tm	83	34.1745	4.5337
414	uĉ	83	34.1745	4.5337
415	^ø	82	33.7627	4.5284
415	r-	82	33.7627	4.5284
415	tk	82	33.7627	4.5284
416	jd	81	33.351	4.5231
417	sd	80	32.9392	4.5177
418	nr	79	32.5275	4.5123
419	md	78	32.1157	4.5067
419	u-	78	32.1157	4.5067
419	we	78	32.1157	4.5067
420	wi	77	31.704	4.5011
421	ph	76	31.2923	4.4954
422	ff	75	30.8805	4.4897
422	vj	75	30.8805	4.4897
422	x$	75	30.8805	4.4897
423	jf	73	30.057	4.4779
424	uu	72	29.6453	4.472
424	ux	72	29.6453	4.472
425	ih	71	29.2336	4.4659
425	kp	71	29.2336	4.4659
425	nw	71	29.2336	4.4659
425	ŝŝ	71	29.2336	4.4659
426	-l	70	28.8218	4.4597
426	d-	70	28.8218	4.4597
426	nb	70	28.8218	4.4597
427	km	69	28.4101	4.4535
427	ms	69	28.4101	4.4535
428	m-	68	27.9983	4.4471
429	ny	67	27.5866	4.4407
429	tf	67	27.5866	4.4407
429	ŭi	67	27.5866	4.4407
430	c'	65	26.7631	4.4275
430	f-	65	26.7631	4.4275
430	tz	65	26.7631	4.4275
431	^þ	64	26.3514	4.4208
431	cr	64	26.3514	4.4208
431	k-	64	26.3514	4.4208
431	mt	64	26.3514	4.4208
431	ĥ$	64	26.3514	4.4208
431	ŭv	64	26.3514	4.4208
432	ct	63	25.9396	4.414
432	dv	63	25.9396	4.414
433	ml	61	25.1162	4.4
434	ry	60	24.7044	4.3928
434	tp	60	24.7044	4.3928
434	vs	60	24.7044	4.3928
434	ĥo	60	24.7044	4.3928
435	-e	59	24.2927	4.3855
435	tv	59	24.2927	4.3855
435	ŭf	59	24.2927	4.3855
436	mk	58	23.8809	4.3781
436	zz	58	23.8809	4.3781
437	kh	57	23.4692	4.3705
437	m'	57	23.4692	4.3705
438	qu	56	23.0575	4.3628
439	pj	55	22.6457	4.355
440	-b	54	22.234	4.347
440	-j	54	22.234	4.347
440	jb	54	22.234	4.347
440	ĥi	54	22.234	4.347
441	ey	53	21.8222	4.3389
442	c$	51	20.9988	4.3222
442	i'	51	20.9988	4.3222
442	lc	51	20.9988	4.3222
442	ĵa	51	20.9988	4.3222
443	-g	50	20.587	4.3136
443	-h	50	20.587	4.3136
443	gd	50	20.587	4.3136
443	iø	50	20.587	4.3136
444	vn	49	20.1753	4.3048
445	w$	48	19.7635	4.2959
445	ý$	48	19.7635	4.2959
446	^'	47	19.3518	4.2867
447	dl	46	18.9401	4.2774
447	kŝ	46	18.9401	4.2774
448	bj	45	18.5283	4.2678
448	j-	45	18.5283	4.2678
448	rĵ	45	18.5283	4.2678
449	^q	43	17.7048	4.2481
449	ĝt	43	17.7048	4.2481
450	-y	42	17.2931	4.2379
450	g'	42	17.2931	4.2379
450	ht	42	17.2931	4.2379
451	ex	41	16.8814	4.2274
451	tj	41	16.8814	4.2274
451	uþ	41	16.8814	4.2274
451	þa	41	16.8814	4.2274
452	dp	40	16.4696	4.2167
452	eĥ	40	16.4696	4.2167
452	iĥ	40	16.4696	4.2167
452	ty	40	16.4696	4.2167
453	ew	39	16.0579	4.2057
453	xa	39	16.0579	4.2057
453	ŝm	39	16.0579	4.2057
454	bm	38	15.6461	4.1944
454	j'	38	15.6461	4.1944
454	ŝv	38	15.6461	4.1944
455	'a	37	15.2344	4.1828
455	bb	37	15.2344	4.1828
455	dj	37	15.2344	4.1828
455	hé	37	15.2344	4.1828
455	rz	37	15.2344	4.1828
455	tc	37	15.2344	4.1828
455	éc	37	15.2344	4.1828
455	ŭn	37	15.2344	4.1828
456	dk	36	14.8227	4.1709
456	kj	36	14.8227	4.1709
456	ye	36	14.8227	4.1709
456	ĥe	36	14.8227	4.1709
456	ŭm	36	14.8227	4.1709
457	ds	35	14.4109	4.1587
457	nĥ	35	14.4109	4.1587
457	sb	35	14.4109	4.1587
457	vĉ	35	14.4109	4.1587
457	þo	35	14.4109	4.1587
458	-c	34	13.9992	4.1461
458	eĵ	34	13.9992	4.1461
458	uh	34	13.9992	4.1461
459	-u	33	13.5874	4.1331
459	ĉn	33	13.5874	4.1331
459	ŝk	33	13.5874	4.1331
460	hn	32	13.1757	4.1198
460	yu	32	13.1757	4.1198
460	ŝn	32	13.1757	4.1198
461	xe	31	12.764	4.106
461	xo	31	12.764	4.106
462	iy	30	12.3522	4.0917
462	rĥ	30	12.3522	4.0917
462	v-	30	12.3522	4.0917
462	zk	30	12.3522	4.0917
462	ŭo	30	12.3522	4.0917
463	ky	29	11.9405	4.077
463	my	29	11.9405	4.077
463	p'	29	11.9405	4.077
463	sr	29	11.9405	4.077
463	ys	29	11.9405	4.077
463	ái	29	11.9405	4.077
463	án	29	11.9405	4.077
463	ŭb	29	11.9405	4.077
464	aq	28	11.5287	4.0618
464	db	28	11.5287	4.0618
464	rá	28	11.5287	4.0618
464	ŝr	28	11.5287	4.0618
465	zm	27	11.117	4.046
465	þi	27	11.117	4.046
466	'o	26	10.7052	4.0296
466	^á	26	10.7052	4.0296
466	jp	26	10.7052	4.0296
466	u'	26	10.7052	4.0296
467	sj	25	10.2935	4.0126
467	sŝ	25	10.2935	4.0126
467	øo	25	10.2935	4.0126
468	jh	24	9.8818	3.9948
468	kb	24	9.8818	3.9948
468	mj	24	9.8818	3.9948
468	mr	24	9.8818	3.9948
469	's	23	9.47	3.9763
469	s'	23	9.47	3.9763
469	ĉd	23	9.47	3.9763
470	^x	22	9.0583	3.957
470	dĉ	22	9.0583	3.957
470	ĝl	22	9.0583	3.957
471	'm	21	8.6465	3.9368
471	cy	21	8.6465	3.9368
471	fk	21	8.6465	3.9368
471	hr	21	8.6465	3.9368
471	xx	21	8.6465	3.9368
471	ĉk	21	8.6465	3.9368
471	ŭk	21	8.6465	3.9368
472	-ŝ	20	8.2348	3.9157
472	gŭ	20	8.2348	3.9157
472	wh	20	8.2348	3.9157
472	øu	20	8.2348	3.9157
472	ŭp	20	8.2348	3.9157
473	^ŭ	19	7.8231	3.8934
473	bĉ	19	7.8231	3.8934
473	fj	19	7.8231	3.8934
473	gt	19	7.8231	3.8934
473	pf	19	7.8231	3.8934
473	pk	19	7.8231	3.8934
473	tb	19	7.8231	3.8934
473	ĉ'	19	7.8231	3.8934
473	ŝĉ	19	7.8231	3.8934
473	ŭu	19	7.8231	3.8934
474	g-	18	7.4113	3.8699
474	h-	18	7.4113	3.8699
474	hh	18	7.4113	3.8699
474	mv	18	7.4113	3.8699
474	oy	18	7.4113	3.8699
474	pd	18	7.4113	3.8699
474	sn	18	7.4113	3.8699
474	tĉ	18	7.4113	3.8699
474	ŭc	18	7.4113	3.8699
475	gp	17	6.9996	3.8451
475	q$	17	6.9996	3.8451
475	uy	17	6.9996	3.8451
475	v'	17	6.9996	3.8451
475	øa	17	6.9996	3.8451
476	df	16	6.5878	3.8187
476	dn	16	6.5878	3.8187
476	fm	16	6.5878	3.8187
476	jz	16	6.5878	3.8187
476	jŝ	16	6.5878	3.8187
476	lĵ	16	6.5878	3.8187
476	z'	16	6.5878	3.8187
476	ĵ$	16	6.5878	3.8187
477	cs	15	6.1761	3.7907
477	nø	15	6.1761	3.7907
477	vg	15	6.1761	3.7907
477	ĝ-	15	6.1761	3.7907
477	ŝ-	15	6.1761	3.7907
477	ŭ-	15	6.1761	3.7907
478	vt	14	5.7644	3.7608
478	zn	14	5.7644	3.7608
478	æa	14	5.7644	3.7608
478	ĝ'	14	5.7644	3.7608
479	a'	13	5.3526	3.7286
479	by	13	5.3526	3.7286
479	cp	13	5.3526	3.7286
479	gf	13	5.3526	3.7286
479	vk	13	5.3526	3.7286
479	ws	13	5.3526	3.7286
479	xd	13	5.3526	3.7286
479	ĥn	13	5.3526	3.7286
480	b-	12	4.9409	3.6938
480	bá	12	4.9409	3.6938
480	jk	12	4.9409	3.6938
480	jv	12	4.9409	3.6938
480	mŝ	12	4.9409	3.6938
480	mű	12	4.9409	3.6938
480	sy	12	4.9409	3.6938
480	tw	12	4.9409	3.6938
480	ál	12	4.9409	3.6938
480	űn	12	4.9409	3.6938
481	'r	11	4.5291	3.656
481	b'	11	4.5291	3.656
481	cc	11	4.5291	3.656
481	cm	11	4.5291	3.656
481	fp	11	4.5291	3.656
481	gs	11	4.5291	3.656
481	iĵ	11	4.5291	3.656
481	lz	11	4.5291	3.656
481	mh	11	4.5291	3.656
481	p-	11	4.5291	3.656
481	pn	11	4.5291	3.656
481	vm	11	4.5291	3.656
481	vá	11	4.5291	3.656
481	xs	11	4.5291	3.656
481	z-	11	4.5291	3.656
481	zv	11	4.5291	3.656
481	æe	11	4.5291	3.656
481	ýd	11	4.5291	3.656
481	ĵi	11	4.5291	3.656
482	'l	10	4.1174	3.6146
482	-ĥ	10	4.1174	3.6146
482	aw	10	4.1174	3.6146
482	bk	10	4.1174	3.6146
482	c-	10	4.1174	3.6146
482	mc	10	4.1174	3.6146
482	oĥ	10	4.1174	3.6146
482	qj	10	4.1174	3.6146
482	tŝ	10	4.1174	3.6146
482	yc	10	4.1174	3.6146
482	ýe	10	4.1174	3.6146
483	'k	9	3.7057	3.5689
483	'n	9	3.7057	3.5689
483	^ව	9	3.7057	3.5689
483	aø	9	3.7057	3.5689
483	bh	9	3.7057	3.5689
483	bp	9	3.7057	3.5689
483	cd	9	3.7057	3.5689
483	kg	9	3.7057	3.5689
483	kĝ	9	3.7057	3.5689
483	nĵ	9	3.7057	3.5689
483	o'	9	3.7057	3.5689
483	ré	9	3.7057	3.5689
483	sĉ	9	3.7057	3.5689
483	é$	9	3.7057	3.5689
483	ýz	9	3.7057	3.5689
483	ĉm	9	3.7057	3.5689
483	වා	9	3.7057	3.5689
483	වේ	9	3.7057	3.5689
483	ා$	9	3.7057	3.5689
483	ේව	9	3.7057	3.5689
484	-ĝ	8	3.2939	3.5177
484	aј	8	3.2939	3.5177
484	dh	8	3.2939	3.5177
484	dt	8	3.2939	3.5177
484	f'	8	3.2939	3.5177
484	fy	8	3.2939	3.5177
484	gg	8	3.2939	3.5177
484	hy	8	3.2939	3.5177
484	oĵ	8	3.2939	3.5177
484	tg	8	3.2939	3.5177
484	uw	8	3.2939	3.5177
484	wn	8	3.2939	3.5177
484	xt	8	3.2939	3.5177
484	y-	8	3.2939	3.5177
484	yl	8	3.2939	3.5177
484	zt	8	3.2939	3.5177
484	év	8	3.2939	3.5177
484	øe	8	3.2939	3.5177
484	ĝd	8	3.2939	3.5177
484	ĝk	8	3.2939	3.5177
484	ĥ'	8	3.2939	3.5177
484	јo	8	3.2939	3.5177
485	bc	7	2.8822	3.4597
485	bd	7	2.8822	3.4597
485	bv	7	2.8822	3.4597
485	dg	7	2.8822	3.4597
485	hl	7	2.8822	3.4597
485	mg	7	2.8822	3.4597
485	mz	7	2.8822	3.4597
485	oŭ	7	2.8822	3.4597
485	pm	7	2.8822	3.4597
485	xr	7	2.8822	3.4597
485	yk	7	2.8822	3.4597
485	zj	7	2.8822	3.4597
485	á$	7	2.8822	3.4597
486	't	6	2.4704	3.3928
486	cv	6	2.4704	3.3928
486	dd	6	2.4704	3.3928
486	gb	6	2.4704	3.3928
486	jx	6	2.4704	3.3928
486	vd	6	2.4704	3.3928
486	xj	6	2.4704	3.3928
486	xl	6	2.4704	3.3928
486	y'	6	2.4704	3.3928
486	yb	6	2.4704	3.3928
486	zl	6	2.4704	3.3928
486	zp	6	2.4704	3.3928
486	íc	6	2.4704	3.3928
486	ú$	6	2.4704	3.3928
486	ýr	6	2.4704	3.3928
486	ĉg	6	2.4704	3.3928
486	ĵv	6	2.4704	3.3928
486	ŭh	6	2.4704	3.3928
486	ŭŝ	6	2.4704	3.3928
487	'b	5	2.0587	3.3136
487	'c	5	2.0587	3.3136
487	'i	5	2.0587	3.3136
487	-z	5	2.0587	3.3136
487	^ආ	5	2.0587	3.3136
487	^ජ	5	2.0587	3.3136
487	aæ	5	2.0587	3.3136
487	fg	5	2.0587	3.3136
487	fn	5	2.0587	3.3136
487	fv	5	2.0587	3.3136
487	iq	5	2.0587	3.3136
487	iw	5	2.0587	3.3136
487	iæ	5	2.0587	3.3136
487	iŭ	5	2.0587	3.3136
487	jc	5	2.0587	3.3136
487	jy	5	2.0587	3.3136
487	kŭ	5	2.0587	3.3136
487	mw	5	2.0587	3.3136
487	pc	5	2.0587	3.3136
487	sg	5	2.0587	3.3136
487	sw	5	2.0587	3.3136
487	sé	5	2.0587	3.3136
487	sú	5	2.0587	3.3136
487	tí	5	2.0587	3.3136
487	xc	5	2.0587	3.3136
487	ym	5	2.0587	3.3136
487	yr	5	2.0587	3.3136
487	ón	5	2.0587	3.3136
487	þu	5	2.0587	3.3136
487	ĝh	5	2.0587	3.3136
487	ĝp	5	2.0587	3.3136
487	ĵ'	5	2.0587	3.3136
487	ŝ'	5	2.0587	3.3136
487	ආය	5	2.0587	3.3136
487	ජය	5	2.0587	3.3136
487	බෝ	5	2.0587	3.3136
487	ය$	5	2.0587	3.3136
488	'p	4	1.647	3.2167
488	ax	4	1.647	3.2167
488	aþ	4	1.647	3.2167
488	cj	4	1.647	3.2167
488	dw	4	1.647	3.2167
488	eæ	4	1.647	3.2167
488	eø	4	1.647	3.2167
488	hw	4	1.647	3.2167
488	ix	4	1.647	3.2167
488	ræ	4	1.647	3.2167
488	ró	4	1.647	3.2167
488	sz	4	1.647	3.2167
488	td	4	1.647	3.2167
488	uĵ	4	1.647	3.2167
488	vb	4	1.647	3.2167
488	zb	4	1.647	3.2167
488	zf	4	1.647	3.2167
488	át	4	1.647	3.2167
488	ä$	4	1.647	3.2167
488	än	4	1.647	3.2167
488	æ$	4	1.647	3.2167
488	ó$	4	1.647	3.2167
488	ù$	4	1.647	3.2167
488	ĝb	4	1.647	3.2167
488	ĝf	4	1.647	3.2167
488	ĝm	4	1.647	3.2167
488	ĝs	4	1.647	3.2167
488	ĵ-	4	1.647	3.2167
488	ĵb	4	1.647	3.2167
488	ŭĉ	4	1.647	3.2167
488	ෝ$	4	1.647	3.2167
489	'f	3	1.2352	3.0917
489	'ĉ	3	1.2352	3.0917
489	aǔ	3	1.2352	3.0917
489	bg	3	1.2352	3.0917
489	bŝ	3	1.2352	3.0917
489	cf	3	1.2352	3.0917
489	dĵ	3	1.2352	3.0917
489	e'	3	1.2352	3.0917
489	fd	3	1.2352	3.0917
489	fh	3	1.2352	3.0917
489	hc	3	1.2352	3.0917
489	hp	3	1.2352	3.0917
489	ió	3	1.2352	3.0917
489	jg	3	1.2352	3.0917
489	jä	3	1.2352	3.0917
489	kä	3	1.2352	3.0917
489	mĉ	3	1.2352	3.0917
489	nó	3	1.2352	3.0917
489	pv	3	1.2352	3.0917
489	rw	3	1.2352	3.0917
489	tù	3	1.2352	3.0917
489	xp	3	1.2352	3.0917
489	yd	3	1.2352	3.0917
489	yw	3	1.2352	3.0917
489	zd	3	1.2352	3.0917
489	zh	3	1.2352	3.0917
489	zr	3	1.2352	3.0917
489	æo	3	1.2352	3.0917
489	ĉ-	3	1.2352	3.0917
489	ĉr	3	1.2352	3.0917
489	ĉt	3	1.2352	3.0917
489	ĝ$	3	1.2352	3.0917
489	ĥl	3	1.2352	3.0917
489	ĥm	3	1.2352	3.0917
489	ĥu	3	1.2352	3.0917
489	ĵd	3	1.2352	3.0917
489	ŝf	3	1.2352	3.0917
489	š$	3	1.2352	3.0917
489	ŭĝ	3	1.2352	3.0917
489	යු	3	1.2352	3.0917
489	ුබ	3	1.2352	3.0917
490	'd	2	0.8235	2.9157
490	'e	2	0.8235	2.9157
490	'g	2	0.8235	2.9157
490	'u	2	0.8235	2.9157
490	'v	2	0.8235	2.9157
490	'w	2	0.8235	2.9157
490	^η	2	0.8235	2.9157
490	^ј	2	0.8235	2.9157
490	bn	2	0.8235	2.9157
490	bé	2	0.8235	2.9157
490	cb	2	0.8235	2.9157
490	cn	2	0.8235	2.9157
490	cq	2	0.8235	2.9157
490	cz	2	0.8235	2.9157
490	cæ	2	0.8235	2.9157
490	dó	2	0.8235	2.9157
490	fs	2	0.8235	2.9157
490	fá	2	0.8235	2.9157
490	hs	2	0.8235	2.9157
490	hŭ	2	0.8235	2.9157
490	jw	2	0.8235	2.9157
490	jĉ	2	0.8235	2.9157
490	kæ	2	0.8235	2.9157
490	lá	2	0.8235	2.9157
490	lä	2	0.8235	2.9157
490	lə	2	0.8235	2.9157
490	má	2	0.8235	2.9157
490	ní	2	0.8235	2.9157
490	ox	2	0.8235	2.9157
490	pb	2	0.8235	2.9157
490	pz	2	0.8235	2.9157
490	pŝ	2	0.8235	2.9157
490	rq	2	0.8235	2.9157
490	rŭ	2	0.8235	2.9157
490	sĵ	2	0.8235	2.9157
490	sł	2	0.8235	2.9157
490	uĥ	2	0.8235	2.9157
490	vc	2	0.8235	2.9157
490	vh	2	0.8235	2.9157
490	vp	2	0.8235	2.9157
490	ví	2	0.8235	2.9157
490	wd	2	0.8235	2.9157
490	wu	2	0.8235	2.9157
490	yi	2	0.8235	2.9157
490	á-	2	0.8235	2.9157
490	ás	2	0.8235	2.9157
490	áš	2	0.8235	2.9157
490	æl	2	0.8235	2.9157
490	éi	2	0.8235	2.9157
490	és	2	0.8235	2.9157
490	í$	2	0.8235	2.9157
490	ód	2	0.8235	2.9157
490	óg	2	0.8235	2.9157
490	þv	2	0.8235	2.9157
490	ĝn	2	0.8235	2.9157
490	ĝĉ	2	0.8235	2.9157
490	ĝа	2	0.8235	2.9157
490	ĥr	2	0.8235	2.9157
490	ĵk	2	0.8235	2.9157
490	ĵŝ	2	0.8235	2.9157
490	ŝd	2	0.8235	2.9157
490	ŭj	2	0.8235	2.9157
490	ǔr	2	0.8235	2.9157
490	ηe	2	0.8235	2.9157
490	аj	2	0.8235	2.9157
490	јu	2	0.8235	2.9157
490	යි	2	0.8235	2.9157
490	ිබ	2	0.8235	2.9157
491	'h	1	0.4117	2.6146
491	'ŝ	1	0.4117	2.6146
491	-w	1	0.4117	2.6146
491	-x	1	0.4117	2.6146
491	-æ	1	0.4117	2.6146
491	-ĵ	1	0.4117	2.6146
491	^â	1	0.4117	2.6146
491	^ê	1	0.4117	2.6146
491	^ï	1	0.4117	2.6146
491	^ù	1	0.4117	2.6146
491	^с	1	0.4117	2.6146
491	aî	1	0.4117	2.6146
491	aù	1	0.4117	2.6146
491	aû	1	0.4117	2.6146
491	aщ	1	0.4117	2.6146
491	bf	1	0.4117	2.6146
491	cg	1	0.4117	2.6146
491	cá	1	0.4117	2.6146
491	cã	1	0.4117	2.6146
491	cé	1	0.4117	2.6146
491	cĉ	1	0.4117	2.6146
491	cĵ	1	0.4117	2.6146
491	cŝ	1	0.4117	2.6146
491	dc	1	0.4117	2.6146
491	dá	1	0.4117	2.6146
491	dú	1	0.4117	2.6146
491	dŝ	1	0.4117	2.6146
491	dŭ	1	0.4117	2.6146
491	eá	1	0.4117	2.6146
491	eс	1	0.4117	2.6146
491	fc	1	0.4117	2.6146
491	fü	1	0.4117	2.6146
491	fŝ	1	0.4117	2.6146
491	gk	1	0.4117	2.6146
491	gw	1	0.4117	2.6146
491	gz	1	0.4117	2.6146
491	gé	1	0.4117	2.6146
491	hd	1	0.4117	2.6146
491	hj	1	0.4117	2.6146
491	hv	1	0.4117	2.6146
491	ié	1	0.4117	2.6146
491	iř	1	0.4117	2.6146
491	iə	1	0.4117	2.6146
491	já	1	0.4117	2.6146
491	jé	1	0.4117	2.6146
491	jê	1	0.4117	2.6146
491	jĝ	1	0.4117	2.6146
491	ká	1	0.4117	2.6146
491	kþ	1	0.4117	2.6146
491	kĥ	1	0.4117	2.6146
491	kĵ	1	0.4117	2.6146
491	læ	1	0.4117	2.6146
491	lé	1	0.4117	2.6146
491	lú	1	0.4117	2.6146
491	lþ	1	0.4117	2.6146
491	lĥ	1	0.4117	2.6146
491	mé	1	0.4117	2.6146
491	mó	1	0.4117	2.6146
491	mø	1	0.4117	2.6146
491	mú	1	0.4117	2.6146
491	mĵ	1	0.4117	2.6146
491	mŭ	1	0.4117	2.6146
491	nq	1	0.4117	2.6146
491	næ	1	0.4117	2.6146
491	né	1	0.4117	2.6146
491	py	1	0.4117	2.6146
491	pó	1	0.4117	2.6146
491	pú	1	0.4117	2.6146
491	pĥ	1	0.4117	2.6146
491	ql	1	0.4117	2.6146
491	qo	1	0.4117	2.6146
491	rx	1	0.4117	2.6146
491	rµ	1	0.4117	2.6146
491	rí	1	0.4117	2.6146
491	rò	1	0.4117	2.6146
491	rö	1	0.4117	2.6146
491	rø	1	0.4117	2.6146
491	sq	1	0.4117	2.6146
491	sö	1	0.4117	2.6146
491	tq	1	0.4117	2.6146
491	tá	1	0.4117	2.6146
491	tä	1	0.4117	2.6146
491	té	1	0.4117	2.6146
491	tó	1	0.4117	2.6146
491	tü	1	0.4117	2.6146
491	tĝ	1	0.4117	2.6146
491	tо	1	0.4117	2.6146
491	uq	1	0.4117	2.6146
491	uá	1	0.4117	2.6146
491	uæ	1	0.4117	2.6146
491	uí	1	0.4117	2.6146
491	uš	1	0.4117	2.6146
491	vz	1	0.4117	2.6146
491	w-	1	0.4117	2.6146
491	wk	1	0.4117	2.6146
491	wr	1	0.4117	2.6146
491	wy	1	0.4117	2.6146
491	x-	1	0.4117	2.6146
491	xk	1	0.4117	2.6146
491	xn	1	0.4117	2.6146
491	xv	1	0.4117	2.6146
491	yg	1	0.4117	2.6146
491	yn	1	0.4117	2.6146
491	yt	1	0.4117	2.6146
491	zg	1	0.4117	2.6146
491	zq	1	0.4117	2.6146
491	zs	1	0.4117	2.6146
491	zw	1	0.4117	2.6146
491	zĝ	1	0.4117	2.6146
491	zŝ	1	0.4117	2.6146
491	µi	1	0.4117	2.6146
491	áb	1	0.4117	2.6146
491	ác	1	0.4117	2.6146
491	áp	1	0.4117	2.6146
491	âc	1	0.4117	2.6146
491	ão	1	0.4117	2.6146
491	äl	1	0.4117	2.6146
491	è$	1	0.4117	2.6146
491	ém	1	0.4117	2.6146
491	én	1	0.4117	2.6146
491	éu	1	0.4117	2.6146
491	êc	1	0.4117	2.6146
491	êt	1	0.4117	2.6146
491	ìô	1	0.4117	2.6146
491	í-	1	0.4117	2.6146
491	ía	1	0.4117	2.6146
491	ík	1	0.4117	2.6146
491	ío	1	0.4117	2.6146
491	íž	1	0.4117	2.6146
491	ît	1	0.4117	2.6146
491	ïž	1	0.4117	2.6146
491	ò$	1	0.4117	2.6146
491	óm	1	0.4117	2.6146
491	ót	1	0.4117	2.6146
491	ôè	1	0.4117	2.6146
491	ö$	1	0.4117	2.6146
491	öd	1	0.4117	2.6146
491	öí	1	0.4117	2.6146
491	øl	1	0.4117	2.6146
491	ùr	1	0.4117	2.6146
491	úc	1	0.4117	2.6146
491	úi	1	0.4117	2.6146
491	ús	1	0.4117	2.6146
491	û$	1	0.4117	2.6146
491	üb	1	0.4117	2.6146
491	üh	1	0.4117	2.6146
491	ý-	1	0.4117	2.6146
491	ýa	1	0.4117	2.6146
491	ýg	1	0.4117	2.6146
491	ýi	1	0.4117	2.6146
491	ýl	1	0.4117	2.6146
491	ýs	1	0.4117	2.6146
491	ýt	1	0.4117	2.6146
491	ýu	1	0.4117	2.6146
491	þe	1	0.4117	2.6146
491	ĉb	1	0.4117	2.6146
491	ĉl	1	0.4117	2.6146
491	ĉp	1	0.4117	2.6146
491	ĝj	1	0.4117	2.6146
491	ĝr	1	0.4117	2.6146
491	ĝv	1	0.4117	2.6146
491	ĥt	1	0.4117	2.6146
491	ĵn	1	0.4117	2.6146
491	ła	1	0.4117	2.6146
491	ło	1	0.4117	2.6146
491	ří	1	0.4117	2.6146
491	ŝb	1	0.4117	2.6146
491	ŝc	1	0.4117	2.6146
491	ŝh	1	0.4117	2.6146
491	ŝĥ	1	0.4117	2.6146
491	ŭĵ	1	0.4117	2.6146
491	žì	1	0.4117	2.6146
491	žö	1	0.4117	2.6146
491	ǔ$	1	0.4117	2.6146
491	ə$	1	0.4117	2.6146
491	ək	1	0.4117	2.6146
491	əl	1	0.4117	2.6146
491	оj	1	0.4117	2.6146
491	сa	1	0.4117	2.6146
491	сx	1	0.4117	2.6146
491	щ$	1	0.4117	2.6146
491	න්	1	0.4117	2.6146
491	වන	1	0.4117	2.6146
491	්$	1	0.4117	2.6146
491	ෝව	1	0.4117	2.6146
