Rank	Bigram	Frequency	Frequency per million	Zipf value
1	a$	29130070	39429.2735	7.5958
2	e$	19681402	26639.9422	7.4255
3	^s	16670516	22564.5298	7.3534
4	^m	15634414	21162.1045	7.3256
5	i$	13738215	18595.4869	7.2694
6	^k	13684360	18522.591	7.2677
7	^t	13217336	17890.4464	7.2526
8	d$	12358464	16727.9123	7.2234
9	s$	12177590	16483.0886	7.217
10	le	10829522	14658.3988	7.1661
11	se	10550278	14280.4256	7.1547
12	n$	9983676	13513.4962	7.1308
13	^o	9803249	13269.2776	7.1228
14	ma	9676145	13097.2348	7.1172
15	ta	9250669	12521.3279	7.0977
16	t$	9111564	12333.041	7.0911
17	in	8874099	12011.6181	7.0796
18	te	8034801	10875.5786	7.0365
19	si	8021503	10857.579	7.0357
20	^e	7812987	10575.3402	7.0243
21	st	7717209	10445.699	7.0189
22	^p	7488996	10136.7992	7.0059
23	as	7472336	10114.2489	7.0049
24	is	7431789	10059.3662	7.0026
25	mi	7190890	9733.2951	6.9883
26	da	6958739	9419.065	6.974
27	^v	6879209	9311.4164	6.969
28	id	6388179	8646.7783	6.9369
29	ei	6192265	8381.5971	6.9233
30	el	5986099	8102.5392	6.9086
31	ee	5840130	7904.9615	6.8979
32	al	5825464	7885.1102	6.8968
33	ol	5815587	7871.7411	6.8961
34	sa	5767527	7806.6891	6.8925
35	^j	5642703	7637.7324	6.883
36	on	5408355	7320.5285	6.8645
37	ku	5404370	7315.1346	6.8642
38	me	5289354	7159.4536	6.8549
39	^a	5251926	7108.7926	6.8518
40	va	5208193	7049.5974	6.8482
41	an	5197032	7034.4903	6.8472
42	u$	5174849	7004.4643	6.8454
43	ja	5136353	6952.3577	6.8421
44	es	5016593	6790.2555	6.8319
45	^n	4958416	6711.5095	6.8268
46	us	4889034	6617.5968	6.8207
47	li	4721208	6390.4344	6.8055
48	ad	4679899	6334.5202	6.8017
49	ka	4525400	6125.3967	6.7871
50	ll	4519460	6117.3565	6.7866
51	l$	4495030	6084.2891	6.7842
52	^l	4474364	6056.3164	6.7822
53	na	4430783	5997.327	6.778
54	tu	4311871	5836.3725	6.7661
55	ul	4208567	5696.5445	6.7556
56	et	4167044	5640.3406	6.7513
57	ks	4123695	5581.6652	6.7468
58	ed	4021326	5443.1027	6.7358
59	ne	3969200	5372.5471	6.7302
60	ga	3961070	5361.5426	6.7293
61	en	3674877	4974.1635	6.6967
62	ii	3661454	4955.9946	6.6951
63	nu	3497060	4733.4776	6.6752
64	la	3486843	4719.6483	6.6739
65	nd	3396902	4597.9079	6.6626
66	ik	3377378	4571.481	6.6601
67	ra	3322808	4497.6172	6.653
68	at	3288577	4451.2836	6.6485
69	aa	3285403	4446.9874	6.6481
70	ea	3270322	4426.5743	6.6461
71	ud	3167710	4287.6829	6.6322
72	it	3162751	4280.9706	6.6315
73	^h	3130542	4237.3738	6.6271
74	ni	3070906	4156.653	6.6187
75	gi	3025596	4095.3232	6.6123
76	em	2984416	4039.5837	6.6063
77	su	2957955	4003.7671	6.6025
78	ag	2910619	3939.695	6.5955
79	ah	2882266	3901.3176	6.5912
80	ar	2805964	3798.0383	6.5796
81	ko	2713029	3672.2453	6.5649
82	il	2660635	3601.3269	6.5565
83	ke	2627988	3557.1373	6.5511
84	mu	2574409	3484.6149	6.5422
85	õi	2513103	3401.6336	6.5317
86	ha	2484514	3362.9367	6.5267
87	b$	2446768	3311.8453	6.5201
88	he	2408937	3260.6388	6.5133
89	am	2408194	3259.6331	6.5132
90	ti	2373732	3212.9867	6.5069
91	im	2354269	3186.6424	6.5033
92	ri	2353737	3185.9223	6.5032
93	ak	2283263	3090.5316	6.49
94	oo	2280242	3086.4425	6.4895
95	er	2262586	3062.544	6.4861
96	eg	2248421	3043.3709	6.4834
97	^r	2231807	3020.8828	6.4801
98	ju	2166957	2933.1045	6.4673
99	ui	2130192	2883.3409	6.4599
100	pe	2087705	2825.8323	6.4511
101	pa	2014203	2726.3429	6.4356
102	uu	1977364	2676.4792	6.4276
103	re	1961404	2654.8764	6.424
104	un	1931255	2614.0679	6.4173
105	ai	1929408	2611.5679	6.4169
106	ts	1925142	2605.7936	6.4159
107	nn	1904819	2578.2852	6.4113
108	är	1872569	2534.6329	6.4039
109	^i	1852162	2507.0109	6.3992
110	ki	1839166	2489.42	6.3961
111	ge	1805654	2444.0595	6.3881
112	^ü	1782141	2412.2333	6.3824
113	ut	1763313	2386.7485	6.3778
114	de	1731871	2344.1899	6.37
115	ab	1717159	2324.2763	6.3663
116	võ	1713560	2319.4049	6.3654
117	lt	1710242	2314.9137	6.3645
118	ek	1707715	2311.4933	6.3639
119	lu	1648566	2231.4316	6.3486
120	gu	1630949	2207.586	6.3439
121	po	1627544	2202.9771	6.343
122	k$	1580097	2138.7548	6.3302
123	ur	1576795	2134.2853	6.3293
124	ht	1560419	2112.1195	6.3247
125	di	1497792	2027.3501	6.3069
126	ig	1494400	2022.7588	6.3059
127	vi	1488806	2015.187	6.3043
128	or	1405211	1902.0362	6.2792
129	ng	1232677	1668.5013	6.2223
130	om	1230046	1664.94	6.2214
131	oh	1226272	1659.8317	6.2201
132	vä	1209130	1636.629	6.214
133	ve	1170694	1584.6036	6.1999
134	av	1167872	1580.7839	6.1989
135	du	1153556	1561.4063	6.1935
136	r$	1139973	1543.0209	6.1884
137	tt	1121569	1518.11	6.1813
138	h$	1099373	1488.0664	6.1726
139	to	1098915	1487.4465	6.1724
140	kõ	1095189	1482.4031	6.171
141	m$	1086130	1470.1412	6.1674
142	ää	1042038	1410.4601	6.1494
143	ie	1041932	1410.3166	6.1493
144	ss	1037718	1404.6127	6.1476
145	pi	1018491	1378.5878	6.1394
146	äh	1002994	1357.6117	6.1328
147	lj	996056	1348.2207	6.1298
148	um	989325	1339.1099	6.1268
149	ül	974423	1318.9392	6.1202
150	tl	973924	1318.2638	6.12
151	ev	942970	1276.3657	6.106
152	ba	936018	1266.9557	6.1028
153	ot	923960	1250.6345	6.0971
154	tä	913178	1236.0405	6.092
155	aj	897089	1214.263	6.0843
156	ia	896639	1213.6539	6.0841
157	jä	873295	1182.0565	6.0726
158	nä	872918	1181.5462	6.0725
159	äi	869256	1176.5894	6.0706
160	ro	862513	1167.4624	6.0672
161	rv	859582	1163.4951	6.0658
162	sk	852827	1154.3518	6.0623
163	pä	852676	1154.1474	6.0623
164	uk	845434	1144.3449	6.0586
165	ld	843802	1142.1359	6.0577
166	lä	820015	1109.9388	6.0453
167	^ä	817920	1107.1031	6.0442
168	^u	812328	1099.534	6.0412
169	kk	810776	1097.4333	6.0404
170	ru	779305	1054.8354	6.0232
171	ug	776127	1050.5338	6.0214
172	hi	769010	1040.9005	6.0174
173	öö	760963	1030.0084	6.0128
174	lg	755470	1022.5733	6.0097
175	üü	749700	1014.7633	6.0064
176	ae	744814	1008.1498	6.0035
177	äl	744162	1007.2673	6.0031
178	os	740732	1002.6246	6.0011
179	ub	737734	998.5666	5.9994
180	lm	736423	996.7921	5.9986
181	ap	730562	988.8589	5.9951
182	äg	728454	986.0056	5.9939
183	hu	726151	982.8883	5.9925
184	õt	721440	976.5117	5.9897
185	au	707104	957.1071	5.981
186	mõ	703947	952.8339	5.979
187	rd	679161	919.2846	5.9634
188	ir	677959	917.6576	5.9627
189	uh	663937	898.678	5.9536
190	lo	658673	891.5529	5.9501
191	^õ	655403	887.1267	5.948
192	eb	654183	885.4754	5.9472
193	kü	647886	876.952	5.943
194	üd	644384	872.2119	5.9406
195	eh	644196	871.9574	5.9405
196	ho	637482	862.8696	5.9359
197	än	634859	859.3192	5.9342
198	bi	632570	856.2209	5.9326
199	pr	618754	837.5202	5.923
200	äe	610131	825.8484	5.9169
201	nt	606426	820.8335	5.9143
202	ib	591523	800.6614	5.9034
203	üt	588137	796.0782	5.901
204	oi	571072	772.9797	5.8882
205	^d	554551	750.6176	5.8754
206	tõ	553823	749.6322	5.8748
207	^b	553362	749.0082	5.8745
208	rg	541186	732.5273	5.8648
209	rm	540393	731.4539	5.8642
210	ok	538382	728.7319	5.8626
211	kä	532759	721.1208	5.858
212	rr	516553	699.1851	5.8446
213	pu	511686	692.5973	5.8405
214	ih	504948	683.477	5.8347
215	y$	501011	678.148	5.8313
216	rä	493982	668.6339	5.8252
217	sõ	493150	667.5077	5.8245
218	od	479864	649.5243	5.8126
219	o$	474530	642.3044	5.8077
220	äs	469517	635.519	5.8031
221	hk	466826	631.8766	5.8006
222	õn	464511	628.7431	5.7985
223	be	456318	617.6534	5.7907
224	ük	454381	615.0316	5.7889
225	hä	454125	614.6851	5.7887
226	mm	453406	613.7119	5.788
227	so	450625	609.9476	5.7853
228	lõ	435280	589.1772	5.7702
229	üh	430032	582.0738	5.765
230	^c	429874	581.8599	5.7648
231	äk	422776	572.2523	5.7576
232	g$	419705	568.0956	5.7544
233	v$	411124	556.4807	5.7455
234	tr	402369	544.6303	5.7361
235	nü	397109	537.5105	5.7304
236	iv	396735	537.0043	5.73
237	mä	395124	534.8237	5.7282
238	ln	393819	533.0573	5.7268
239	õp	379416	513.562	5.7106
240	rt	365958	495.3458	5.6949
241	ep	352273	476.8224	5.6784
242	õu	350172	473.9785	5.6758
243	jo	343851	465.4227	5.6678
244	õr	339828	459.9773	5.6627
245	no	337622	456.9914	5.6599
246	õe	333172	450.968	5.6541
247	^f	327691	443.5492	5.6469
248	pp	321036	434.5412	5.638
249	mo	316246	428.0577	5.6315
250	rj	315896	427.5839	5.631
251	sü	315534	427.0939	5.6305
252	rs	314191	425.2761	5.6287
253	ua	313268	424.0268	5.6274
254	tö	313117	423.8224	5.6272
255	ät	312609	423.1348	5.6265
256	tü	310464	420.2314	5.6235
257	^g	308049	416.9625	5.6201
258	õh	307329	415.988	5.6191
259	ob	305128	413.0088	5.616
260	og	304156	411.6931	5.6146
261	ps	301337	407.8775	5.6105
262	üs	295570	400.0715	5.6021
263	rk	292529	395.9553	5.5976
264	ds	284749	385.4246	5.5859
265	dr	284435	384.9996	5.5855
266	mb	284107	384.5556	5.585
267	tk	284093	384.5367	5.5849
268	ao	281060	380.4313	5.5803
269	põ	277415	375.4976	5.5746
270	io	269973	365.4244	5.5628
271	je	263591	356.786	5.5524
272	sj	262546	355.3715	5.5507
273	uv	260149	352.1271	5.5467
274	ch	259903	351.7941	5.5463
275	lv	251434	340.3308	5.5319
276	ov	251273	340.1129	5.5316
277	õl	248534	336.4055	5.5269
278	^ö	248506	336.3676	5.5268
279	bu	244438	330.8613	5.5196
280	kl	242029	327.6006	5.5153
281	br	241650	327.0876	5.5147
282	rn	237035	320.8409	5.5063
283	oe	222863	301.6583	5.4795
284	äb	215920	292.2605	5.4658
285	do	210531	284.9662	5.4548
286	hj	209191	283.1524	5.452
287	pü	207383	280.7052	5.4483
288	ip	205861	278.645	5.4451
289	tm	205419	278.0468	5.4441
290	kt	203562	275.5332	5.4402
291	pl	187315	253.5419	5.404
292	ic	187142	253.3078	5.4036
293	ls	186202	252.0354	5.4015
294	õb	184419	249.622	5.3973
295	up	183918	248.9439	5.3961
296	hv	183231	248.014	5.3945
297	jõ	182554	247.0976	5.3929
298	op	182155	246.5576	5.3919
299	tn	182067	246.4385	5.3917
300	bo	181711	245.9566	5.3909
301	sm	178633	241.7903	5.3834
302	dl	177950	240.8659	5.3818
303	ns	174050	235.587	5.3722
304	ck	174014	235.5382	5.3721
305	bl	172538	233.5404	5.3684
306	eo	172250	233.1506	5.3676
307	öe	171252	231.7997	5.3651
308	dm	170403	230.6505	5.363
309	vu	170023	230.1362	5.362
310	hm	169448	229.3579	5.3605
311	ca	169056	228.8273	5.3595
312	^w	168976	228.719	5.3593
313	gl	163619	221.468	5.3453
314	oj	156688	212.0865	5.3265
315	sh	155258	210.1509	5.3225
316	sö	155238	210.1238	5.3225
317	ue	155132	209.9803	5.3222
318	kr	154718	209.42	5.321
319	fi	154611	209.2751	5.3207
320	th	154537	209.175	5.3205
321	äd	149970	202.9933	5.3075
322	öd	147833	200.1007	5.3012
323	gr	146591	198.4196	5.2976
324	sp	146353	198.0974	5.2969
325	ac	143404	194.1058	5.288
326	nõ	142158	192.4193	5.2842
327	nk	142090	192.3272	5.284
328	ür	140632	190.3537	5.2796
329	ün	136318	184.5145	5.266
330	co	135797	183.8093	5.2644
331	sl	133889	181.2267	5.2582
332	fo	131003	177.3203	5.2488
333	ör	130611	176.7897	5.2475
334	p$	129608	175.4321	5.2441
335	'i	128008	173.2664	5.2387
336	dk	127060	171.9832	5.2355
337	uj	124056	167.9171	5.2251
338	dn	120383	162.9455	5.212
339	õm	119942	162.3486	5.2104
340	mp	119211	161.3591	5.2078
341	vo	118592	160.5213	5.2055
342	üm	117914	159.6036	5.203
343	rl	114240	154.6306	5.1893
344	ey	113890	154.1569	5.188
345	õs	113539	153.6818	5.1866
346	öt	111207	150.5253	5.1776
347	ou	107403	145.3763	5.1625
348	ry	106126	143.6478	5.1573
349	iu	106121	143.6411	5.1573
350	ms	105178	142.3646	5.1534
351	ö$	102896	139.2758	5.1439
352	ij	101423	137.282	5.1376
353	sv	100678	136.2736	5.1344
354	lk	100472	135.9948	5.1335
355	hr	98696	133.5909	5.1258
356	rü	98069	132.7422	5.123
357	õd	97832	132.4214	5.122
358	wa	97422	131.8664	5.1201
359	hn	91948	124.4571	5.095
360	ej	91496	123.8453	5.0929
361	äp	91234	123.4906	5.0916
362	fr	88741	120.1162	5.0796
363	mü	87713	118.7247	5.0745
364	ce	85017	115.0755	5.061
365	go	84809	114.794	5.0599
366	üp	83403	112.8909	5.0527
367	ly	81485	110.2948	5.0426
368	õõ	80546	109.0238	5.0375
369	e'	80528	108.9994	5.0374
370	pt	80096	108.4147	5.0351
371	ay	79720	107.9057	5.033
372	oa	79058	107.0097	5.0294
373	hü	78940	106.85	5.0288
374	fa	78211	105.8632	5.0247
375	üa	75633	102.3737	5.0102
376	lb	74441	100.7603	5.0033
377	lü	71169	96.3315	4.9838
378	ef	69588	94.1915	4.974
379	gm	67065	90.7764	4.958
380	rb	66570	90.1064	4.9548
381	nc	65571	88.7542	4.9482
382	wi	64910	87.8595	4.9438
383	õj	64610	87.4535	4.9418
384	sn	63565	86.039	4.9347
385	gn	63293	85.6708	4.9328
386	ny	62998	85.2715	4.9308
387	fe	61615	83.3995	4.9212
388	-o	60879	82.4033	4.9159
389	mö	59673	80.7709	4.9073
390	lö	58479	79.1548	4.8985
391	if	58133	78.6865	4.8959
392	cl	56922	77.0473	4.8868
393	b-	56673	76.7103	4.8849
394	ow	56343	76.2636	4.8823
395	öl	56280	76.1783	4.8818
396	dy	56073	75.8981	4.8802
397	äm	54985	74.4255	4.8717
398	ci	53684	72.6645	4.8613
399	yl	53495	72.4086	4.8598
400	ph	52580	71.1701	4.8523
401	rõ	52337	70.8412	4.8503
402	äv	51946	70.312	4.847
403	õg	50955	68.9706	4.8387
404	ök	50908	68.907	4.8383
405	a-	50613	68.5077	4.8357
406	of	50467	68.3101	4.8345
407	nl	50367	68.1747	4.8336
408	sc	49538	67.0526	4.8264
409	^y	49192	66.5843	4.8234
410	w$	49087	66.4422	4.8224
411	x$	48755	65.9928	4.8195
412	pö	48631	65.8249	4.8184
413	ew	48414	65.5312	4.8164
414	uc	48305	65.3837	4.8155
415	we	47279	63.9949	4.8061
416	mr	46288	62.6535	4.7969
417	dj	45496	61.5815	4.7895
418	sä	45087	61.0279	4.7855
419	km	44280	59.9356	4.7777
420	tv	43226	58.5089	4.7672
421	rö	43109	58.3506	4.766
422	eu	42964	58.1543	4.7646
423	af	42341	57.311	4.7582
424	ty	42057	56.9266	4.7553
425	f$	41948	56.7791	4.7542
426	üg	41909	56.7263	4.7538
427	oc	41793	56.5693	4.7526
428	ä$	41495	56.1659	4.7495
429	öv	41463	56.1226	4.7491
430	c$	41287	55.8844	4.7473
431	^z	40666	55.0438	4.7407
432	ex	40301	54.5498	4.7368
433	ff	40135	54.3251	4.735
434	my	39785	53.8514	4.7312
435	ög	39729	53.7756	4.7306
436	nf	39522	53.4954	4.7283
437	õv	38640	52.3015	4.7185
438	ec	38005	51.442	4.7113
439	hl	38003	51.4393	4.7113
440	hh	37904	51.3053	4.7102
441	rp	37592	50.883	4.7066
442	ös	35564	48.138	4.6825
443	ji	34811	47.1187	4.6732
444	dd	34546	46.7601	4.6699
445	dv	34375	46.5286	4.6677
446	cr	34201	46.2931	4.6655
447	kn	34168	46.2484	4.6651
448	tj	33832	45.7936	4.6608
449	rc	33821	45.7787	4.6607
450	ky	33752	45.6853	4.6598
451	yo	33657	45.5567	4.6586
452	äo	33402	45.2116	4.6552
453	bb	33195	44.9314	4.6525
454	mn	32914	44.551	4.6489
455	ya	32774	44.3615	4.647
456	by	32247	43.6482	4.64
457	-s	31682	42.8835	4.6323
458	lp	31011	41.9752	4.623
459	kv	30637	41.469	4.6177
460	yn	30623	41.45	4.6175
461	pm	30232	40.9208	4.6119
462	i-	30104	40.7475	4.6101
463	gs	29920	40.4985	4.6074
464	za	29565	40.018	4.6023
465	gh	29215	39.5442	4.5971
466	öm	29126	39.4238	4.5958
467	oy	28847	39.0461	4.5916
468	üv	28809	38.9947	4.591
469	fl	28530	38.617	4.5868
470	qu	28458	38.5196	4.5857
471	wo	28367	38.3964	4.5843
472	aw	28352	38.3761	4.5841
473	õk	26964	36.4974	4.5623
474	cu	26939	36.4635	4.5619
475	z$	26275	35.5648	4.551
476	e-	25275	34.2112	4.5342
477	nr	24703	33.437	4.5242
478	hõ	24612	33.3138	4.5226
479	vr	24153	32.6925	4.5144
480	ax	24096	32.6154	4.5134
481	's	24058	32.5639	4.5127
482	kö	23582	31.9196	4.5041
483	zi	23271	31.4987	4.4983
484	lf	23171	31.3633	4.4964
485	ct	23113	31.2848	4.4953
486	ön	22636	30.6392	4.4863
487	az	22556	30.5309	4.4847
488	cy	22524	30.4876	4.4841
489	gg	22110	29.9272	4.4761
490	ü$	22057	29.8555	4.475
491	ys	21986	29.7594	4.4736
492	sr	21798	29.5049	4.4699
493	pn	21359	28.9107	4.4611
494	xi	21037	28.4748	4.4545
495	s-	20620	27.9104	4.4458
496	bk	20610	27.8969	4.4456
497	mc	20455	27.6871	4.4423
498	fu	20141	27.262	4.4356
499	zo	19940	26.99	4.4312
500	ze	19784	26.7788	4.4278
501	-a	19758	26.7436	4.4272
502	nj	19756	26.7409	4.4272
503	vs	19459	26.3389	4.4206
504	-i	19269	26.0817	4.4163
505	ye	19137	25.9031	4.4134
506	üb	19086	25.834	4.4122
507	-k	18906	25.5904	4.4081
508	sy	18543	25.099	4.3997
509	iz	18305	24.7769	4.394
510	^ð	18085	24.4791	4.3888
511	öi	17807	24.1028	4.3821
512	tc	17405	23.5587	4.3722
513	^q	17349	23.4829	4.3708
514	yd	17065	23.0985	4.3636
515	cc	16889	22.8603	4.3591
516	nv	16792	22.729	4.3566
517	-t	16694	22.5963	4.354
518	ml	16659	22.5489	4.3531
519	n'	16658	22.5476	4.3531
520	bs	16640	22.5232	4.3526
521	aü	16480	22.3067	4.3484
522	tð	16272	22.0251	4.3429
523	öb	16010	21.6705	4.3359
524	yt	15956	21.5974	4.3344
525	ez	15694	21.2428	4.3272
526	-m	15476	20.9477	4.3211
527	gp	15356	20.7853	4.3178
528	y'	15208	20.5849	4.3135
529	-e	15074	20.4036	4.3097
530	kj	15054	20.3765	4.3091
531	'l	14823	20.0638	4.3024
532	t-	14785	20.0124	4.3013
533	s'	14660	19.8432	4.2976
534	rh	14325	19.3897	4.2876
535	uf	14157	19.1623	4.2824
536	wh	14129	19.1244	4.2816
537	rf	14044	19.0094	4.279
538	mk	13728	18.5817	4.2691
539	vl	13597	18.4043	4.2649
540	a'	13562	18.357	4.2638
541	hy	13561	18.3556	4.2638
542	dg	13515	18.2934	4.2623
543	-l	13317	18.0253	4.2559
544	ðe	13307	18.0118	4.2556
545	ft	13268	17.959	4.2543
546	tz	13183	17.844	4.2515
547	aõ	13096	17.7262	4.2486
548	vn	12877	17.4298	4.2413
549	jj	12736	17.2389	4.2365
550	gt	12715	17.2105	4.2358
551	-p	12581	17.0291	4.2312
552	ix	12411	16.799	4.2253
553	yg	12381	16.7584	4.2242
554	dw	12008	16.2535	4.2109
555	-d	11955	16.1818	4.209
556	pj	11944	16.1669	4.2086
557	wn	11938	16.1588	4.2084
558	nh	11887	16.0898	4.2066
559	sb	11788	15.9558	4.2029
560	tp	11777	15.9409	4.2025
561	fü	11766	15.926	4.2021
562	fb	11757	15.9138	4.2018
563	kh	11528	15.6038	4.1932
564	o'	11376	15.3981	4.1875
565	zz	11373	15.394	4.1874
566	o-	11060	14.9704	4.1752
567	uo	10932	14.7971	4.1702
568	kp	10907	14.7633	4.1692
569	j$	10791	14.6063	4.1645
570	ox	10739	14.5359	4.1624
571	pk	10638	14.3992	4.1583
572	^x	10430	14.1176	4.1498
573	ws	10358	14.0202	4.1468
574	d'	10211	13.8212	4.1405
575	m-	10181	13.7806	4.1393
576	l-	10175	13.7725	4.139
577	-v	10017	13.5586	4.1322
578	nö	9950	13.4679	4.1293
579	't	9938	13.4517	4.1288
580	dt	9911	13.4151	4.1276
581	fä	9896	13.3948	4.1269
581	nz	9896	13.3948	4.1269
582	l'	9859	13.3447	4.1253
583	-h	9852	13.3353	4.125
584	zh	9845	13.3258	4.1247
585	'g	9728	13.1674	4.1195
586	n-	9493	12.8493	4.1089
587	-j	9202	12.4555	4.0954
588	yr	9195	12.446	4.095
589	iü	9138	12.3688	4.0923
590	u-	8865	11.9993	4.0792
591	sf	8850	11.979	4.0784
592	sw	8792	11.9005	4.0756
593	lc	8713	11.7936	4.0716
594	xa	8600	11.6406	4.066
595	vö	8562	11.5892	4.0641
596	ða	8506	11.5134	4.0612
597	dþ	8442	11.4267	4.0579
598	dö	8438	11.4213	4.0577
598	þi	8438	11.4213	4.0577
599	'd	8356	11.3103	4.0535
600	r'	8344	11.2941	4.0529
601	ði	8270	11.1939	4.049
602	-n	8204	11.1046	4.0455
603	k-	8164	11.0505	4.0434
604	^š	8055	10.9029	4.0375
605	d-	7831	10.5997	4.0253
606	tš	7826	10.593	4.025
607	nb	7790	10.5442	4.023
608	bü	7770	10.5172	4.0219
609	t'	7724	10.4549	4.0193
610	uz	7626	10.3222	4.0138
611	gk	7621	10.3155	4.0135
612	oz	7589	10.2722	4.0117
613	bj	7375	9.9825	3.9992
614	'$	7281	9.8553	3.9937
615	r-	7270	9.8404	3.993
616	wr	7163	9.6955	3.9866
617	g-	7055	9.5494	3.98
618	lr	7032	9.5182	3.9786
619	k'	6862	9.2881	3.9679
620	h'	6847	9.2678	3.967
621	öp	6779	9.1758	3.9626
622	ðo	6723	9.1	3.959
623	bc	6607	8.943	3.9515
624	dz	6540	8.8523	3.9471
625	fö	6527	8.8347	3.9462
626	yu	6517	8.8211	3.9455
627	ym	6511	8.813	3.9451
628	lh	6320	8.5545	3.9322
629	xt	6317	8.5504	3.932
630	-r	6304	8.5328	3.9311
631	wl	6267	8.4828	3.9285
632	tw	6203	8.3961	3.9241
633	-g	6139	8.3095	3.9196
634	yi	6072	8.2188	3.9148
635	-b	6009	8.1335	3.9103
636	iõ	5998	8.1186	3.9095
637	vj	5878	7.9562	3.9007
638	mg	5737	7.7654	3.8902
639	zu	5683	7.6923	3.8861
640	p-	5512	7.4608	3.8728
641	õo	5493	7.4351	3.8713
642	h-	5455	7.3837	3.8683
643	yw	5402	7.3119	3.864
644	'a	5380	7.2821	3.8623
645	sg	5370	7.2686	3.8615
646	dh	5359	7.2537	3.8606
647	še	5339	7.2267	3.8589
648	^'	5326	7.2091	3.8579
649	sd	5106	6.9113	3.8396
650	mt	5086	6.8842	3.8379
651	bä	5031	6.8098	3.8331
652	py	4944	6.692	3.8256
653	vk	4925	6.6663	3.8239
654	wy	4842	6.5539	3.8165
655	gy	4744	6.4213	3.8076
656	dü	4669	6.3198	3.8007
657	mh	4608	6.2372	3.795
658	np	4606	6.2345	3.7948
659	rw	4600	6.2264	3.7942
660	'n	4544	6.1506	3.7889
661	dž	4538	6.1425	3.7883
661	nm	4538	6.1425	3.7883
662	ši	4472	6.0531	3.782
663	yc	4463	6.0409	3.7811
664	öa	4430	5.9963	3.7779
665	hs	4385	5.9354	3.7734
666	yk	4330	5.8609	3.768
667	gw	4296	5.8149	3.7645
668	eü	4286	5.8014	3.7635
669	eõ	4262	5.7689	3.7611
670	c-	4204	5.6904	3.7551
671	ži	4082	5.5252	3.7423
672	y-	4074	5.5144	3.7415
673	i'	4025	5.4481	3.7362
673	uõ	4025	5.4481	3.7362
674	mj	4012	5.4305	3.7348
675	ux	3984	5.3926	3.7318
676	aþ	3932	5.3222	3.7261
677	vd	3897	5.2748	3.7222
678	'e	3889	5.264	3.7213
679	ša	3850	5.2112	3.7169
680	yb	3826	5.1787	3.7142
681	-c	3814	5.1625	3.7129
682	mv	3739	5.061	3.7042
683	'c	3725	5.042	3.7026
684	šo	3707	5.0176	3.7005
685	uð	3699	5.0068	3.6996
686	cm	3679	4.9797	3.6972
687	dp	3676	4.9757	3.6969
688	xe	3605	4.8796	3.6884
689	rz	3601	4.8742	3.6879
690	'u	3562	4.8214	3.6832
691	cd	3517	4.7605	3.6777
692	aq	3474	4.7023	3.6723
693	öh	3461	4.6847	3.6707
694	öj	3460	4.6833	3.6706
695	xo	3435	4.6495	3.6674
696	v-	3425	4.6359	3.6661
697	zy	3400	4.6021	3.663
698	mf	3363	4.552	3.6582
699	w'	3355	4.5412	3.6572
700	kw	3343	4.5249	3.6556
701	vy	3338	4.5182	3.655
702	m'	3313	4.4843	3.6517
703	yp	3308	4.4776	3.651
704	ð$	3304	4.4722	3.6505
705	gv	3248	4.3964	3.6431
706	gd	3215	4.3517	3.6387
707	uy	3157	4.2732	3.6308
708	nw	3115	4.2163	3.6249
709	cs	3113	4.2136	3.6247
710	cg	3072	4.1581	3.6189
711	tg	3071	4.1568	3.6188
712	uä	3069	4.1541	3.6185
713	df	3058	4.1392	3.6169
714	vü	3037	4.1108	3.6139
715	iä	3027	4.0972	3.6125
716	iq	3012	4.0769	3.6103
717	g'	2987	4.0431	3.6067
718	kg	2984	4.039	3.6063
719	bt	2981	4.035	3.6058
720	é$	2924	3.9578	3.5975
721	tf	2918	3.9497	3.5966
721	þe	2918	3.9497	3.5966
722	cq	2891	3.9131	3.5925
723	wk	2843	3.8482	3.5853
724	fy	2823	3.8211	3.5822
725	md	2816	3.8116	3.5811
726	q$	2790	3.7764	3.5771
727	hw	2750	3.7223	3.5708
728	uü	2746	3.7169	3.5702
729	dc	2736	3.7033	3.5686
730	-u	2708	3.6654	3.5641
731	gb	2705	3.6614	3.5636
732	'r	2665	3.6072	3.5572
733	vp	2631	3.5612	3.5516
734	gö	2580	3.4922	3.5431
735	fg	2504	3.3893	3.5301
736	üj	2481	3.3582	3.5261
737	sq	2480	3.3568	3.5259
738	-f	2470	3.3433	3.5242
739	x'	2469	3.3419	3.524
740	db	2434	3.2946	3.5178
741	'k	2382	3.2242	3.5084
742	u'	2289	3.0983	3.4911
743	wu	2283	3.0902	3.49
744	iy	2270	3.0726	3.4875
745	wt	2255	3.0523	3.4846
746	wc	2241	3.0333	3.4819
747	yv	2236	3.0266	3.481
748	lw	2201	2.9792	3.4741
749	x-	2186	2.9589	3.4711
750	ið	2101	2.8438	3.4539
751	c'	2076	2.81	3.4487
752	-w	2074	2.8073	3.4483
753	hb	2069	2.8005	3.4472
754	að	1997	2.7031	3.4319
754	zl	1997	2.7031	3.4319
755	bf	1980	2.68	3.4281
756	né	1951	2.6408	3.4217
757	bm	1920	2.5988	3.4148
758	až	1907	2.5812	3.4118
759	aä	1863	2.5217	3.4017
760	ðð	1827	2.473	3.3932
761	üi	1802	2.4391	3.3872
762	äj	1788	2.4202	3.3839
763	vt	1776	2.4039	3.3809
764	þu	1763	2.3863	3.3777
765	üe	1757	2.3782	3.3762
766	yf	1747	2.3647	3.3738
767	eä	1698	2.2983	3.3614
768	xu	1684	2.2794	3.3578
769	öo	1682	2.2767	3.3573
770	jö	1679	2.2726	3.3565
771	vv	1676	2.2686	3.3558
772	gf	1672	2.2632	3.3547
773	pb	1671	2.2618	3.3545
774	wd	1662	2.2496	3.3521
775	lz	1659	2.2456	3.3513
776	mw	1646	2.228	3.3479
777	tb	1636	2.2144	3.3453
778	gä	1610	2.1792	3.3383
779	uš	1600	2.1657	3.3356
780	nx	1589	2.1508	3.3326
781	kb	1582	2.1413	3.3307
782	cp	1562	2.1143	3.3252
782	že	1562	2.1143	3.3252
783	fm	1556	2.1061	3.3235
784	f-	1551	2.0994	3.3221
785	hd	1550	2.098	3.3218
786	fj	1548	2.0953	3.3212
787	rq	1526	2.0655	3.315
788	þ$	1512	2.0466	3.311
789	cn	1503	2.0344	3.3084
790	qa	1491	2.0182	3.305
791	fs	1478	2.0006	3.3012
792	aö	1473	1.9938	3.2997
793	-ü	1457	1.9721	3.2949
794	pd	1453	1.9667	3.2937
795	pv	1448	1.96	3.2923
796	zm	1445	1.9559	3.2913
797	sz	1438	1.9464	3.2892
798	oõ	1432	1.9383	3.2874
799	eq	1417	1.918	3.2828
800	xl	1407	1.9045	3.2798
801	wm	1404	1.9004	3.2788
802	xp	1401	1.8963	3.2779
803	üf	1398	1.8923	3.277
804	p'	1391	1.8828	3.2748
805	^þ	1372	1.8571	3.2688
806	jü	1351	1.8287	3.2621
807	kd	1335	1.807	3.257
808	-y	1319	1.7853	3.2517
809	eþ	1314	1.7786	3.2501
810	'b	1306	1.7677	3.2474
811	bh	1304	1.765	3.2467
812	iw	1295	1.7529	3.2438
813	gü	1254	1.6974	3.2298
814	cb	1234	1.6703	3.2228
815	bö	1229	1.6635	3.221
816	eö	1225	1.6581	3.2196
817	vm	1221	1.6527	3.2182
818	z'	1199	1.6229	3.2103
819	'm	1176	1.5918	3.2019
819	þa	1176	1.5918	3.2019
820	gj	1175	1.5904	3.2015
821	š$	1141	1.5444	3.1888
822	jt	1133	1.5336	3.1857
823	dõ	1132	1.5322	3.1853
824	pf	1129	1.5282	3.1842
825	kf	1108	1.4997	3.176
825	xy	1108	1.4997	3.176
826	-ö	1103	1.493	3.1741
826	jb	1103	1.493	3.1741
827	wb	1097	1.4849	3.1717
828	jn	1083	1.4659	3.1661
829	'h	1072	1.451	3.1617
829	j-	1072	1.451	3.1617
830	bn	1064	1.4402	3.1584
831	xf	1038	1.405	3.1477
832	wf	1037	1.4036	3.1472
833	qi	1036	1.4023	3.1468
833	zr	1036	1.4023	3.1468
834	zt	1018	1.3779	3.1392
835	äu	1017	1.3766	3.1388
836	rx	1007	1.363	3.1345
836	td	1007	1.363	3.1345
837	z-	1001	1.3549	3.1319
838	ðv	994	1.3454	3.1289
839	fk	973	1.317	3.1196
840	oä	970	1.313	3.1183
841	bd	967	1.3089	3.1169
842	jr	963	1.3035	3.1151
843	b'	955	1.2926	3.1115
844	šš	926	1.2534	3.0981
845	ãµ	925	1.252	3.0976
846	yh	920	1.2453	3.0953
847	iš	916	1.2399	3.0934
848	v'	913	1.2358	3.0919
849	dä	874	1.183	3.073
850	üo	871	1.179	3.0715
851	cf	867	1.1735	3.0695
852	vh	860	1.1641	3.066
853	vg	856	1.1586	3.0639
854	hc	844	1.1424	3.0578
855	xx	838	1.1343	3.0547
856	pc	833	1.1275	3.0521
856	õ$	833	1.1275	3.0521
857	^é	830	1.1235	3.0506
858	nq	805	1.0896	3.0373
859	žu	804	1.0883	3.0367
860	él	793	1.0734	3.0308
861	jd	789	1.068	3.0286
862	aš	762	1.0314	3.0134
863	oð	761	1.0301	3.0129
864	-õ	757	1.0246	3.0106
865	ž$	745	1.0084	3.0036
866	zk	743	1.0057	3.0025
867	wg	742	1.0043	3.0019
868	ðu	740	1.0016	3.0007
869	ža	736	0.9962	2.9983
870	w-	735	0.9949	2.9978
871	ðk	732	0.9908	2.996
872	mé	724	0.98	2.9912
873	zn	716	0.9691	2.9864
874	f'	710	0.961	2.9827
875	cz	682	0.9231	2.9652
876	xc	681	0.9218	2.9646
877	^ž	675	0.9137	2.9608
878	nþ	666	0.9015	2.955
878	oü	666	0.9015	2.955
879	uq	653	0.8839	2.9464
879	ôi	653	0.8839	2.9464
880	ež	652	0.8825	2.9457
881	hg	640	0.8663	2.9377
882	éd	638	0.8636	2.9363
883	zg	637	0.8622	2.9356
884	cv	630	0.8527	2.9308
885	ér	624	0.8446	2.9267
886	lé	614	0.8311	2.9197
887	és	608	0.823	2.9154
888	xb	602	0.8148	2.9111
889	zs	596	0.8067	2.9067
890	zb	572	0.7742	2.8889
891	oq	570	0.7715	2.8873
892	iö	567	0.7675	2.8851
893	hf	566	0.7661	2.8843
894	mx	562	0.7607	2.8812
895	pg	557	0.7539	2.8773
895	yz	557	0.7539	2.8773
896	uw	548	0.7418	2.8703
897	kc	545	0.7377	2.8679
897	ré	545	0.7377	2.8679
898	-z	543	0.735	2.8663
899	xv	537	0.7269	2.8615
899	yy	537	0.7269	2.8615
900	ón	535	0.7242	2.8599
901	^ã	527	0.7133	2.8533
902	hp	521	0.7052	2.8483
903	zc	520	0.7039	2.8475
904	jp	512	0.693	2.8407
905	'v	508	0.6876	2.8373
906	xs	504	0.6822	2.8339
907	fn	497	0.6727	2.8278
908	äa	488	0.6605	2.8199
908	üä	488	0.6605	2.8199
909	jm	483	0.6538	2.8154
910	vô	481	0.6511	2.8136
911	eð	480	0.6497	2.8127
912	hé	479	0.6484	2.8118
913	wp	478	0.647	2.8109
914	-ä	472	0.6389	2.8054
914	oþ	472	0.6389	2.8054
915	j'	463	0.6267	2.7971
916	šv	459	0.6213	2.7933
917	oš	455	0.6159	2.7895
917	zü	455	0.6159	2.7895
918	jf	451	0.6105	2.7857
919	eñ	450	0.6091	2.7847
919	ői	450	0.6091	2.7847
920	ño	448	0.6064	2.7828
921	hö	447	0.605	2.7818
922	sé	441	0.5969	2.7759
923	-q	435	0.5888	2.77
924	cé	432	0.5847	2.7669
925	éo	431	0.5834	2.766
926	xh	427	0.578	2.7619
927	öu	426	0.5766	2.7609
928	xw	424	0.5739	2.7588
928	ør	424	0.5739	2.7588
929	bw	418	0.5658	2.7527
930	vã	411	0.5563	2.7453
931	zv	406	0.5495	2.74
932	fc	404	0.5468	2.7378
933	té	402	0.5441	2.7357
934	q-	393	0.5319	2.7258
935	'o	392	0.5306	2.7248
935	yj	392	0.5306	2.7248
936	'p	389	0.5265	2.7214
937	zd	388	0.5252	2.7203
938	µi	387	0.5238	2.7192
939	gc	386	0.5225	2.7181
940	fh	382	0.5171	2.7136
941	ðõ	373	0.5049	2.7032
942	qq	372	0.5035	2.702
943	nž	367	0.4968	2.6962
944	fd	365	0.494	2.6937
944	šu	365	0.494	2.6937
945	nð	362	0.49	2.6902
946	ä-	358	0.4846	2.6854
947	jø	356	0.4819	2.683
948	zp	354	0.4792	2.6805
949	õa	347	0.4697	2.6718
950	cj	337	0.4561	2.6591
951	ðh	334	0.4521	2.6552
952	ãœ	326	0.4413	2.6447
953	mz	323	0.4372	2.6407
953	žä	323	0.4372	2.6407
954	bõ	322	0.4358	2.6393
955	ié	320	0.4331	2.6366
956	pé	319	0.4318	2.6353
957	zw	314	0.425	2.6284
958	jk	311	0.421	2.6243
958	ée	311	0.421	2.6243
959	jy	310	0.4196	2.6228
960	mó	301	0.4074	2.61
961	ãã	300	0.4061	2.6086
962	þo	295	0.3993	2.6013
963	px	289	0.3912	2.5924
964	tã	281	0.3804	2.5802
965	öü	278	0.3763	2.5755
966	bp	275	0.3722	2.5708
967	ña	273	0.3695	2.5676
967	ö-	273	0.3695	2.5676
968	jl	269	0.3641	2.5612
968	vő	269	0.3641	2.5612
969	zé	267	0.3614	2.558
970	kô	266	0.36	2.5563
971	hz	263	0.356	2.5514
971	js	263	0.356	2.5514
972	dé	262	0.3546	2.5497
973	yx	257	0.3479	2.5415
974	à$	256	0.3465	2.5397
975	vc	247	0.3343	2.5241
976	kã	241	0.3262	2.5135
976	nš	241	0.3262	2.5135
976	zf	241	0.3262	2.5135
977	ôt	238	0.3221	2.508
978	ww	234	0.3167	2.5006
979	-x	232	0.314	2.4969
980	âe	227	0.3073	2.4876
980	ü-	227	0.3073	2.4876
981	ãr	226	0.3059	2.4856
981	éa	226	0.3059	2.4856
981	ðm	226	0.3059	2.4856
982	^â	224	0.3032	2.4817
983	öä	223	0.3018	2.4797
984	qe	222	0.3005	2.4778
985	kő	221	0.2991	2.4758
985	én	221	0.2991	2.4758
986	æk	220	0.2978	2.4739
987	þä	219	0.2964	2.4719
988	gé	217	0.2937	2.4679
988	lã	217	0.2937	2.4679
989	bæ	215	0.291	2.4639
989	mã	215	0.291	2.4639
990	gz	214	0.2897	2.4619
990	jc	214	0.2897	2.4619
991	nã	212	0.287	2.4579
992	šk	204	0.2761	2.4411
993	xm	200	0.2707	2.4325
994	éi	197	0.2667	2.426
995	næ	195	0.2639	2.4214
995	nç	195	0.2639	2.4214
996	æs	194	0.2626	2.4193
996	ðn	194	0.2626	2.4193
997	xr	192	0.2599	2.4148
998	ét	191	0.2585	2.4125
999	lð	190	0.2572	2.4103
999	tx	190	0.2572	2.4103
1000	mô	188	0.2545	2.4057
1001	iñ	187	0.2531	2.4033
1001	ép	187	0.2531	2.4033
1002	jh	186	0.2518	2.4011
1002	éj	186	0.2518	2.4011
1003	èr	185	0.2504	2.3986
1004	ço	184	0.2491	2.3964
1005	ég	183	0.2477	2.3939
1006	fp	181	0.245	2.3892
1007	bg	178	0.2409	2.3818
1008	qo	177	0.2396	2.3795
1009	bv	175	0.2369	2.3746
1009	cw	175	0.2369	2.3746
1010	ðü	169	0.2288	2.3595
1011	ãh	166	0.2247	2.3516
1011	ãl	166	0.2247	2.3516
1012	vé	165	0.2233	2.3489
1013	lþ	163	0.2206	2.3436
1013	pz	163	0.2206	2.3436
1014	üu	161	0.2179	2.3383
1015	râ	160	0.2166	2.3357
1016	ãe	159	0.2152	2.3328
1016	éc	159	0.2152	2.3328
1017	iè	158	0.2139	2.3302
1018	őt	156	0.2112	2.3247
1019	pã	155	0.2098	2.3218
1020	uö	153	0.2071	2.3162
1021	iþ	152	0.2057	2.3132
1021	kx	152	0.2057	2.3132
1022	'j	150	0.203	2.3075
1022	ðr	150	0.203	2.3075
1023	ém	147	0.199	2.2989
1024	eš	145	0.1963	2.2929
1024	á$	145	0.1963	2.2929
1024	án	145	0.1963	2.2929
1025	^ś	144	0.1949	2.2898
1025	mø	144	0.1949	2.2898
1026	pw	143	0.1936	2.2869
1026	ś$	143	0.1936	2.2869
1027	lq	142	0.1922	2.2838
1028	^ô	141	0.1909	2.2808
1028	jv	141	0.1909	2.2808
1028	rã	141	0.1909	2.2808
1029	ðt	140	0.1895	2.2776
1030	šõ	139	0.1881	2.2744
1031	õ-	137	0.1854	2.2681
1032	ož	135	0.1827	2.2617
1032	sã	135	0.1827	2.2617
1032	öõ	135	0.1827	2.2617
1033	µt	134	0.1814	2.2586
1033	øh	134	0.1814	2.2586
1034	dâ	132	0.1787	2.2521
1035	jã	131	0.1773	2.2487
1035	ró	131	0.1773	2.2487
1035	vx	131	0.1773	2.2487
1035	šm	131	0.1773	2.2487
1035	žo	131	0.1773	2.2487
1036	iž	130	0.176	2.2455
1037	oë	129	0.1746	2.242
1038	sô	128	0.1733	2.2388
1038	ás	128	0.1733	2.2388
1038	ôn	128	0.1733	2.2388
1039	rø	127	0.1719	2.2353
1040	âd	125	0.1692	2.2284
1040	ââ	125	0.1692	2.2284
1041	â$	124	0.1678	2.2248
1042	lô	123	0.1665	2.2214
1043	ãg	122	0.1651	2.2177
1044	šh	120	0.1624	2.2106
1045	ª$	119	0.1611	2.2071
1045	é'	119	0.1611	2.2071
1045	šn	119	0.1611	2.2071
1045	šr	119	0.1611	2.2071
1046	ãi	118	0.1597	2.2033
1046	ćµ	118	0.1597	2.2033
1047	âª	117	0.1584	2.1998
1048	mő	116	0.157	2.1959
1048	vb	116	0.157	2.1959
1049	jé	113	0.153	2.1847
1050	q'	112	0.1516	2.1807
1050	ãk	112	0.1516	2.1807
1051	jw	110	0.1489	2.1729
1052	šü	109	0.1475	2.1688
1053	^á	108	0.1462	2.1649
1053	là	108	0.1462	2.1649
1053	ë$	108	0.1462	2.1649
1054	zä	107	0.1448	2.1608
1055	má	106	0.1435	2.1569
1056	gõ	104	0.1408	2.1486
1056	rð	104	0.1408	2.1486
1056	üþ	104	0.1408	2.1486
1057	ió	102	0.1381	2.1402
1058	ôr	101	0.1367	2.1358
1059	vf	100	0.1354	2.1316
1060	rè	99	0.134	2.1271
1061	œt	98	0.1326	2.1225
1062	bz	96	0.1299	2.1136
1062	ãt	96	0.1299	2.1136
1063	lá	95	0.1286	2.1092
1063	tô	95	0.1286	2.1092
1064	fé	94	0.1272	2.1045
1065	bé	93	0.1259	2.1
1066	jà	92	0.1245	2.0952
1066	äf	92	0.1245	2.0952
1066	ói	92	0.1245	2.0952
1067	éé	91	0.1232	2.0906
1067	üž	91	0.1232	2.0906
1068	^ő	90	0.1218	2.0856
1068	lx	90	0.1218	2.0856
1069	ãd	89	0.1205	2.081
1070	zõ	86	0.1164	2.066
1070	ôm	86	0.1164	2.066
1071	'f	85	0.1151	2.0611
1071	rô	85	0.1151	2.0611
1071	år	85	0.1151	2.0611
1071	ðš	85	0.1151	2.0611
1071	ôp	85	0.1151	2.0611
1072	dð	84	0.1137	2.0558
1072	hx	84	0.1137	2.0558
1073	qw	83	0.1123	2.0504
1073	ía	83	0.1123	2.0504
1074	kz	82	0.111	2.0453
1074	vó	82	0.111	2.0453
1075	må	81	0.1096	2.0398
1076	^ć	80	0.1083	2.0346
1076	qb	80	0.1083	2.0346
1076	ué	80	0.1083	2.0346
1077	mq	78	0.1056	2.0237
1077	tő	78	0.1056	2.0237
1078	ès	76	0.1029	2.0124
1079	'y	75	0.1015	2.0065
1079	gq	75	0.1015	2.0065
1079	µn	75	0.1015	2.0065
1079	ãn	75	0.1015	2.0065
1079	ós	75	0.1015	2.0065
1080	ât	74	0.1002	2.0009
1081	hã	73	0.0988	1.9948
1081	ső	73	0.0988	1.9948
1081	xn	73	0.0988	1.9948
1081	µp	73	0.0988	1.9948
1081	éh	73	0.0988	1.9948
1082	lš	72	0.0975	1.989
1082	xk	72	0.0975	1.989
1082	ød	72	0.0975	1.989
1082	št	72	0.0975	1.989
1083	gå	71	0.0961	1.9827
1083	hâ	71	0.0961	1.9827
1083	jg	71	0.0961	1.9827
1083	sø	71	0.0961	1.9827
1083	üz	71	0.0961	1.9827
1084	bx	70	0.0947	1.9763
1084	lž	70	0.0947	1.9763
1084	wz	70	0.0947	1.9763
1084	þn	70	0.0947	1.9763
1085	oö	69	0.0934	1.9703
1085	ån	69	0.0934	1.9703
1085	év	69	0.0934	1.9703
1086	rá	68	0.092	1.9638
1086	è$	68	0.092	1.9638
1087	ã$	67	0.0907	1.9576
1087	þö	67	0.0907	1.9576
1088	fw	64	0.0866	1.9375
1088	yö	64	0.0866	1.9375
1088	ôb	64	0.0866	1.9375
1088	öf	64	0.0866	1.9375
1088	þü	64	0.0866	1.9375
1089	üœ	63	0.0853	1.9309
1090	rí	62	0.0839	1.9238
1091	vš	61	0.0826	1.917
1091	zj	61	0.0826	1.917
1091	µe	61	0.0826	1.917
1091	ä'	61	0.0826	1.917
1092	ké	60	0.0812	1.9096
1092	rš	60	0.0812	1.9096
1092	só	60	0.0812	1.9096
1093	^ÿ	59	0.0799	1.9025
1093	^η	59	0.0799	1.9025
1093	kć	59	0.0799	1.9025
1093	lő	59	0.0799	1.9025
1094	qy	58	0.0785	1.8949
1094	sè	58	0.0785	1.8949
1094	ûl	58	0.0785	1.8949
1095	añ	57	0.0772	1.8876
1095	µh	57	0.0772	1.8876
1095	ôh	57	0.0772	1.8876
1095	ôl	57	0.0772	1.8876
1096	cí	56	0.0758	1.8797
1096	zq	56	0.0758	1.8797
1096	ál	56	0.0758	1.8797
1097	qd	55	0.0744	1.8716
1097	őp	55	0.0744	1.8716
1098	lè	54	0.0731	1.8639
1098	zx	54	0.0731	1.8639
1098	ãs	54	0.0731	1.8639
1098	éz	54	0.0731	1.8639
1098	őe	54	0.0731	1.8639
1098	žü	54	0.0731	1.8639
1099	-ð	53	0.0717	1.8555
1099	qt	53	0.0717	1.8555
1099	vw	53	0.0717	1.8555
1099	µb	53	0.0717	1.8555
1099	ôô	53	0.0717	1.8555
1099	šl	53	0.0717	1.8555
1100	^º	52	0.0704	1.8476
1100	^å	52	0.0704	1.8476
1100	í$	52	0.0704	1.8476
1100	ôu	52	0.0704	1.8476
1100	œl	52	0.0704	1.8476
1101	fz	51	0.069	1.8388
1101	kó	51	0.069	1.8388
1101	wq	51	0.069	1.8388
1101	éb	51	0.069	1.8388
1101	øy	51	0.069	1.8388
1101	þg	51	0.069	1.8388
1101	ćć	51	0.069	1.8388
1102	oñ	50	0.0677	1.8306
1102	wj	50	0.0677	1.8306
1102	xd	50	0.0677	1.8306
1102	µu	50	0.0677	1.8306
1102	ça	50	0.0677	1.8306
1102	œk	50	0.0677	1.8306
1103	^à	49	0.0663	1.8215
1103	dq	49	0.0663	1.8215
1103	kð	49	0.0663	1.8215
1103	qr	49	0.0663	1.8215
1103	µr	49	0.0663	1.8215
1103	èl	49	0.0663	1.8215
1103	ðp	49	0.0663	1.8215
1103	óm	49	0.0663	1.8215
1103	őu	49	0.0663	1.8215
1104	^τ	48	0.065	1.8129
1104	xg	48	0.065	1.8129
1105	uê	47	0.0636	1.8035
1105	ôe	47	0.0636	1.8035
1105	őn	47	0.0636	1.8035
1106	dx	46	0.0623	1.7945
1106	jš	46	0.0623	1.7945
1106	mð	46	0.0623	1.7945
1106	º$	46	0.0623	1.7945
1106	êr	46	0.0623	1.7945
1106	ót	46	0.0623	1.7945
1106	œh	46	0.0623	1.7945
1106	šð	46	0.0623	1.7945
1107	'z	45	0.0609	1.7846
1107	dš	45	0.0609	1.7846
1107	rå	45	0.0609	1.7846
1107	ćr	45	0.0609	1.7846
1108	tć	44	0.0596	1.7752
1108	wü	44	0.0596	1.7752
1108	xj	44	0.0596	1.7752
1108	ål	44	0.0596	1.7752
1108	žö	44	0.0596	1.7752
1109	vć	43	0.0582	1.7649
1109	µl	43	0.0582	1.7649
1109	ám	43	0.0582	1.7649
1109	ão	43	0.0582	1.7649
1109	äc	43	0.0582	1.7649
1110	^ø	42	0.0568	1.7543
1110	bq	42	0.0568	1.7543
1110	dæ	42	0.0568	1.7543
1110	gû	42	0.0568	1.7543
1110	æm	42	0.0568	1.7543
1111	-š	41	0.0555	1.7443
1111	dè	41	0.0555	1.7443
1111	iá	41	0.0555	1.7443
1111	sð	41	0.0555	1.7443
1111	tó	41	0.0555	1.7443
1111	yq	41	0.0555	1.7443
1111	ór	41	0.0555	1.7443
1112	oé	40	0.0541	1.7332
1112	qh	40	0.0541	1.7332
1112	èn	40	0.0541	1.7332
1112	ðl	40	0.0541	1.7332
1112	ñe	40	0.0541	1.7332
1113	'w	39	0.0528	1.7226
1113	fv	39	0.0528	1.7226
1113	pô	39	0.0528	1.7226
1113	pš	39	0.0528	1.7226
1113	ãb	39	0.0528	1.7226
1113	ék	39	0.0528	1.7226
1114	hq	38	0.0514	1.711
1114	kš	38	0.0514	1.711
1114	èv	38	0.0514	1.711
1114	ôs	38	0.0514	1.711
1115	bâ	37	0.0501	1.6998
1115	tí	37	0.0501	1.6998
1115	uñ	37	0.0501	1.6998
1115	ît	37	0.0501	1.6998
1115	τh	37	0.0501	1.6998
1116	aî	36	0.0487	1.6875
1116	gx	36	0.0487	1.6875
1116	sš	36	0.0487	1.6875
1117	^ó	35	0.0474	1.6758
1117	êt	35	0.0474	1.6758
1117	ûr	35	0.0474	1.6758
1117	þh	35	0.0474	1.6758
1117	œd	35	0.0474	1.6758
1118	eá	34	0.046	1.6628
1118	ló	34	0.046	1.6628
1118	sć	34	0.046	1.6628
1118	èm	34	0.046	1.6628
1118	ó$	34	0.046	1.6628
1118	ÿt	34	0.046	1.6628
1118	šg	34	0.046	1.6628
1118	ηe	34	0.046	1.6628
1119	wx	33	0.0447	1.6503
1119	âr	33	0.0447	1.6503
1119	ćl	33	0.0447	1.6503
1119	œã	33	0.0447	1.6503
1120	üx	32	0.0433	1.6365
1120	őh	32	0.0433	1.6365
1121	fx	31	0.042	1.6232
1121	tá	31	0.042	1.6232
1121	ől	31	0.042	1.6232
1122	jő	30	0.0406	1.6085
1122	nć	30	0.0406	1.6085
1122	qs	30	0.0406	1.6085
1122	ár	30	0.0406	1.6085
1122	éu	30	0.0406	1.6085
1122	õð	30	0.0406	1.6085
1122	øs	30	0.0406	1.6085
1122	ún	30	0.0406	1.6085
1122	žg	30	0.0406	1.6085
1123	^ç	29	0.0393	1.5944
1123	cx	29	0.0393	1.5944
1123	qn	29	0.0393	1.5944
1123	zö	29	0.0393	1.5944
1123	ój	29	0.0393	1.5944
1123	ÿÿ	29	0.0393	1.5944
1123	œs	29	0.0393	1.5944
1124	lć	28	0.0379	1.5786
1124	sá	28	0.0379	1.5786
1124	wä	28	0.0379	1.5786
1124	åk	28	0.0379	1.5786
1124	ý$	28	0.0379	1.5786
1125	pq	27	0.0365	1.5623
1125	pć	27	0.0365	1.5623
1125	pő	27	0.0365	1.5623
1125	ân	27	0.0365	1.5623
1125	åt	27	0.0365	1.5623
1125	šs	27	0.0365	1.5623
1125	žn	27	0.0365	1.5623
1126	^è	26	0.0352	1.5465
1126	dó	26	0.0352	1.5465
1126	dû	26	0.0352	1.5465
1126	gó	26	0.0352	1.5465
1126	jô	26	0.0352	1.5465
1126	mš	26	0.0352	1.5465
1126	qc	26	0.0352	1.5465
1126	qp	26	0.0352	1.5465
1126	qv	26	0.0352	1.5465
1126	ńo	26	0.0352	1.5465
1126	őr	26	0.0352	1.5465
1127	aï	25	0.0338	1.5289
1127	fè	25	0.0338	1.5289
1127	lí	25	0.0338	1.5289
1127	uþ	25	0.0338	1.5289
1127	yü	25	0.0338	1.5289
1127	ås	25	0.0338	1.5289
1127	õz	25	0.0338	1.5289
1127	üc	25	0.0338	1.5289
1127	ćh	25	0.0338	1.5289
1127	ćk	25	0.0338	1.5289
1127	ős	25	0.0338	1.5289
1127	šp	25	0.0338	1.5289
1127	žk	25	0.0338	1.5289
1128	mè	24	0.0325	1.5119
1128	rê	24	0.0325	1.5119
1128	sx	24	0.0325	1.5119
1128	äy	24	0.0325	1.5119
1128	ír	24	0.0325	1.5119
1128	ćt	24	0.0325	1.5119
1129	^í	23	0.0311	1.4928
1129	eń	23	0.0311	1.4928
1129	jz	23	0.0311	1.4928
1129	vá	23	0.0311	1.4928
1129	å$	23	0.0311	1.4928
1129	öz	23	0.0311	1.4928
1129	ćg	23	0.0311	1.4928
1130	fõ	22	0.0298	1.4742
1130	sí	22	0.0298	1.4742
1130	èg	22	0.0298	1.4742
1130	ís	22	0.0298	1.4742
1130	þd	22	0.0298	1.4742
1130	ÿl	22	0.0298	1.4742
1130	će	22	0.0298	1.4742
1131	hš	21	0.0284	1.4533
1131	iß	21	0.0284	1.4533
1131	nô	21	0.0284	1.4533
1131	yū	21	0.0284	1.4533
1131	µs	21	0.0284	1.4533
1131	é-	21	0.0284	1.4533
1131	ðä	21	0.0284	1.4533
1131	öy	21	0.0284	1.4533
1131	ći	21	0.0284	1.4533
1131	őb	21	0.0284	1.4533
1131	œr	21	0.0284	1.4533
1132	gè	20	0.0271	1.433
1132	nâ	20	0.0271	1.433
1132	ní	20	0.0271	1.433
1132	tà	20	0.0271	1.433
1132	tý	20	0.0271	1.433
1132	àn	20	0.0271	1.433
1132	úm	20	0.0271	1.433
1132	þs	20	0.0271	1.433
1132	ÿd	20	0.0271	1.433
1132	цц	20	0.0271	1.433
1133	'q	19	0.0257	1.4099
1133	dí	19	0.0257	1.4099
1133	fá	19	0.0257	1.4099
1133	nú	19	0.0257	1.4099
1133	sû	19	0.0257	1.4099
1133	wv	19	0.0257	1.4099
1133	ße	19	0.0257	1.4099
1133	äö	19	0.0257	1.4099
1133	ūb	19	0.0257	1.4099
1134	aí	18	0.0244	1.3874
1134	có	18	0.0244	1.3874
1134	iė	18	0.0244	1.3874
1134	kq	18	0.0244	1.3874
1134	kø	18	0.0244	1.3874
1134	kų	18	0.0244	1.3874
1134	nÿ	18	0.0244	1.3874
1134	nő	18	0.0244	1.3874
1134	ví	18	0.0244	1.3874
1134	ãm	18	0.0244	1.3874
1134	øn	18	0.0244	1.3874
1135	cú	17	0.023	1.3617
1135	kÿ	17	0.023	1.3617
1135	mć	17	0.023	1.3617
1135	pó	17	0.023	1.3617
1135	rþ	17	0.023	1.3617
1135	uá	17	0.023	1.3617
1135	už	17	0.023	1.3617
1135	zó	17	0.023	1.3617
1135	áp	17	0.023	1.3617
1135	ãa	17	0.023	1.3617
1135	øm	17	0.023	1.3617
1135	ćn	17	0.023	1.3617
1135	šd	17	0.023	1.3617
1136	^υ	16	0.0217	1.3365
1136	já	16	0.0217	1.3365
1136	jć	16	0.0217	1.3365
1136	mâ	16	0.0217	1.3365
1136	nó	16	0.0217	1.3365
1136	ql	16	0.0217	1.3365
1136	tâ	16	0.0217	1.3365
1136	uí	16	0.0217	1.3365
1136	vý	16	0.0217	1.3365
1136	áb	16	0.0217	1.3365
1136	éx	16	0.0217	1.3365
1136	ël	16	0.0217	1.3365
1136	ì$	16	0.0217	1.3365
1136	íc	16	0.0217	1.3365
1136	ím	16	0.0217	1.3365
1136	óe	16	0.0217	1.3365
1136	ól	16	0.0217	1.3365
1136	óp	16	0.0217	1.3365
1136	õü	16	0.0217	1.3365
1136	őd	16	0.0217	1.3365
1137	-à	15	0.0203	1.3075
1137	aë	15	0.0203	1.3075
1137	dú	15	0.0203	1.3075
1137	há	15	0.0203	1.3075
1137	mÿ	15	0.0203	1.3075
1137	tq	15	0.0203	1.3075
1137	yä	15	0.0203	1.3075
1137	à-	15	0.0203	1.3075
1137	àm	15	0.0203	1.3075
1137	ác	15	0.0203	1.3075
1137	ád	15	0.0203	1.3075
1137	åi	15	0.0203	1.3075
1137	íl	15	0.0203	1.3075
1137	ð'	15	0.0203	1.3075
1137	óh	15	0.0203	1.3075
1137	ø$	15	0.0203	1.3075
1137	ÿk	15	0.0203	1.3075
1138	''	14	0.0189	1.2765
1138	'ü	14	0.0189	1.2765
1138	-é	14	0.0189	1.2765
1138	aã	14	0.0189	1.2765
1138	kâ	14	0.0189	1.2765
1138	qz	14	0.0189	1.2765
1138	xz	14	0.0189	1.2765
1138	åð	14	0.0189	1.2765
1138	ës	14	0.0189	1.2765
1138	íb	14	0.0189	1.2765
1138	íd	14	0.0189	1.2765
1138	ïd	14	0.0189	1.2765
1138	óu	14	0.0189	1.2765
1138	öc	14	0.0189	1.2765
1138	ù$	14	0.0189	1.2765
1138	šä	14	0.0189	1.2765
1139	'ä	13	0.0176	1.2455
1139	^ñ	13	0.0176	1.2455
1139	^ц	13	0.0176	1.2455
1139	aé	13	0.0176	1.2455
1139	bå	13	0.0176	1.2455
1139	hå	13	0.0176	1.2455
1139	hè	13	0.0176	1.2455
1139	ná	13	0.0176	1.2455
1139	pâ	13	0.0176	1.2455
1139	pè	13	0.0176	1.2455
1139	tê	13	0.0176	1.2455
1139	tø	13	0.0176	1.2455
1139	tþ	13	0.0176	1.2455
1139	vz	13	0.0176	1.2455
1139	vå	13	0.0176	1.2455
1139	wö	13	0.0176	1.2455
1139	èi	13	0.0176	1.2455
1139	ío	13	0.0176	1.2455
1139	î$	13	0.0176	1.2455
1139	ðö	13	0.0176	1.2455
1139	ñj	13	0.0176	1.2455
1139	òn	13	0.0176	1.2455
1139	ûn	13	0.0176	1.2455
1139	ÿh	13	0.0176	1.2455
1139	ćd	13	0.0176	1.2455
1139	ėr	13	0.0176	1.2455
1140	'õ	12	0.0162	1.2095
1140	^ï	12	0.0162	1.2095
1140	cê	12	0.0162	1.2095
1140	eó	12	0.0162	1.2095
1140	hô	12	0.0162	1.2095
1140	iã	12	0.0162	1.2095
1140	ič	12	0.0162	1.2095
1140	jū	12	0.0162	1.2095
1140	nè	12	0.0162	1.2095
1140	oã	12	0.0162	1.2095
1140	på	12	0.0162	1.2095
1140	tž	12	0.0162	1.2095
1140	µm	12	0.0162	1.2095
1140	âl	12	0.0162	1.2095
1140	ãp	12	0.0162	1.2095
1140	æc	12	0.0162	1.2095
1140	èc	12	0.0162	1.2095
1140	ín	12	0.0162	1.2095
1140	ít	12	0.0162	1.2095
1140	íå	12	0.0162	1.2095
1140	ðj	12	0.0162	1.2095
1140	õþ	12	0.0162	1.2095
1140	ú$	12	0.0162	1.2095
1140	úa	12	0.0162	1.2095
1140	þk	12	0.0162	1.2095
1140	šb	12	0.0162	1.2095
1141	bí	11	0.0149	1.1732
1141	cá	11	0.0149	1.1732
1141	dô	11	0.0149	1.1732
1141	eß	11	0.0149	1.1732
1141	gâ	11	0.0149	1.1732
1141	hó	11	0.0149	1.1732
1141	jx	11	0.0149	1.1732
1141	rć	11	0.0149	1.1732
1141	sâ	11	0.0149	1.1732
1141	så	11	0.0149	1.1732
1141	sì	11	0.0149	1.1732
1141	ß$	11	0.0149	1.1732
1141	êm	11	0.0149	1.1732
1141	íî	11	0.0149	1.1732
1141	în	11	0.0149	1.1732
1141	ð-	11	0.0149	1.1732
1141	öw	11	0.0149	1.1732
1141	ús	11	0.0149	1.1732
1141	ÿs	11	0.0149	1.1732
1142	^ú	10	0.0135	1.1303
1142	^û	10	0.0135	1.1303
1142	aç	10	0.0135	1.1303
1142	aú	10	0.0135	1.1303
1142	dê	10	0.0135	1.1303
1142	dî	10	0.0135	1.1303
1142	iâ	10	0.0135	1.1303
1142	lê	10	0.0135	1.1303
1142	mí	10	0.0135	1.1303
1142	oú	10	0.0135	1.1303
1142	rû	10	0.0135	1.1303
1142	át	10	0.0135	1.1303
1142	âo	10	0.0135	1.1303
1142	åí	10	0.0135	1.1303
1142	æl	10	0.0135	1.1303
1142	ík	10	0.0135	1.1303
1142	ïs	10	0.0135	1.1303
1142	ôd	10	0.0135	1.1303
1142	õä	10	0.0135	1.1303
1142	øl	10	0.0135	1.1303
1142	úl	10	0.0135	1.1303
1142	ćs	10	0.0135	1.1303
1142	ųi	10	0.0135	1.1303
1142	ηa	10	0.0135	1.1303
1142	υo	10	0.0135	1.1303
1143	'é	9	0.0122	1.0864
1143	^р	9	0.0122	1.0864
1143	bø	9	0.0122	1.0864
1143	fó	9	0.0122	1.0864
1143	kå	9	0.0122	1.0864
1143	kæ	9	0.0122	1.0864
1143	oï	9	0.0122	1.0864
1143	qg	9	0.0122	1.0864
1143	sþ	9	0.0122	1.0864
1143	vð	9	0.0122	1.0864
1143	µã	9	0.0122	1.0864
1143	ák	9	0.0122	1.0864
1143	âc	9	0.0122	1.0864
1143	åâ	9	0.0122	1.0864
1143	åä	9	0.0122	1.0864
1143	ë'	9	0.0122	1.0864
1143	õö	9	0.0122	1.0864
1143	õš	9	0.0122	1.0864
1143	øg	9	0.0122	1.0864
1143	üõ	9	0.0122	1.0864
1143	þ-	9	0.0122	1.0864
1143	þm	9	0.0122	1.0864
1143	žž	9	0.0122	1.0864
1143	цe	9	0.0122	1.0864
1144	aò	8	0.0108	1.0334
1144	cò	8	0.0108	1.0334
1144	cô	8	0.0108	1.0334
1144	cõ	8	0.0108	1.0334
1144	dá	8	0.0108	1.0334
1144	fà	8	0.0108	1.0334
1144	hø	8	0.0108	1.0334
1144	jq	8	0.0108	1.0334
1144	jó	8	0.0108	1.0334
1144	jō	8	0.0108	1.0334
1144	lâ	8	0.0108	1.0334
1144	où	8	0.0108	1.0334
1144	xq	8	0.0108	1.0334
1144	yõ	8	0.0108	1.0334
1144	zá	8	0.0108	1.0334
1144	µg	8	0.0108	1.0334
1144	âå	8	0.0108	1.0334
1144	äå	8	0.0108	1.0334
1144	åg	8	0.0108	1.0334
1144	íe	8	0.0108	1.0334
1144	ïå	8	0.0108	1.0334
1144	ðå	8	0.0108	1.0334
1144	ñu	8	0.0108	1.0334
1144	òm	8	0.0108	1.0334
1144	óó	8	0.0108	1.0334
1144	ôv	8	0.0108	1.0334
1144	þt	8	0.0108	1.0334
1144	ćb	8	0.0108	1.0334
1144	ōn	8	0.0108	1.0334
1144	őm	8	0.0108	1.0334
1144	žs	8	0.0108	1.0334
1145	^ß	7	0.0095	0.9777
1145	bá	7	0.0095	0.9777
1145	bó	7	0.0095	0.9777
1145	dã	7	0.0095	0.9777
1145	då	7	0.0095	0.9777
1145	hú	7	0.0095	0.9777
1145	lÿ	7	0.0095	0.9777
1145	pá	7	0.0095	0.9777
1145	qü	7	0.0095	0.9777
1145	sà	7	0.0095	0.9777
1145	sÿ	7	0.0095	0.9777
1145	tÿ	7	0.0095	0.9777
1145	à'	7	0.0095	0.9777
1145	ág	7	0.0095	0.9777
1145	ái	7	0.0095	0.9777
1145	êp	7	0.0095	0.9777
1145	íg	7	0.0095	0.9777
1145	íi	7	0.0095	0.9777
1145	íà	7	0.0095	0.9777
1145	íř	7	0.0095	0.9777
1145	ðg	7	0.0095	0.9777
1145	ód	7	0.0095	0.9777
1145	úi	7	0.0095	0.9777
1145	û$	7	0.0095	0.9777
1145	ćp	7	0.0095	0.9777
1145	č$	7	0.0095	0.9777
1145	őg	7	0.0095	0.9777
1145	őv	7	0.0095	0.9777
1145	œn	7	0.0095	0.9777
1145	š-	7	0.0095	0.9777
1145	ū$	7	0.0095	0.9777
1145	ųs	7	0.0095	0.9777
1146	-þ	6	0.0081	0.9085
1146	^č	6	0.0081	0.9085
1146	aâ	6	0.0081	0.9085
1146	câ	6	0.0081	0.9085
1146	cä	6	0.0081	0.9085
1146	eå	6	0.0081	0.9085
1146	eé	6	0.0081	0.9085
1146	hő	6	0.0081	0.9085
1146	iù	6	0.0081	0.9085
1146	nû	6	0.0081	0.9085
1146	ræ	6	0.0081	0.9085
1146	tú	6	0.0081	0.9085
1146	uà	6	0.0081	0.9085
1146	uâ	6	0.0081	0.9085
1146	xü	6	0.0081	0.9085
1146	yé	6	0.0081	0.9085
1146	áš	6	0.0081	0.9085
1146	â'	6	0.0081	0.9085
1146	ãÿ	6	0.0081	0.9085
1146	åb	6	0.0081	0.9085
1146	ç$	6	0.0081	0.9085
1146	ê$	6	0.0081	0.9085
1146	ês	6	0.0081	0.9085
1146	ën	6	0.0081	0.9085
1146	ï$	6	0.0081	0.9085
1146	ïc	6	0.0081	0.9085
1146	ðs	6	0.0081	0.9085
1146	ò$	6	0.0081	0.9085
1146	óg	6	0.0081	0.9085
1146	õc	6	0.0081	0.9085
1146	õf	6	0.0081	0.9085
1146	õy	6	0.0081	0.9085
1146	ûm	6	0.0081	0.9085
1146	ü'	6	0.0081	0.9085
1146	ýi	6	0.0081	0.9085
1146	þl	6	0.0081	0.9085
1146	ÿ$	6	0.0081	0.9085
1146	ÿg	6	0.0081	0.9085
1146	őj	6	0.0081	0.9085
1146	œ$	6	0.0081	0.9085
1146	šö	6	0.0081	0.9085
1146	ųh	6	0.0081	0.9085
1146	žh	6	0.0081	0.9085
1146	ηo	6	0.0081	0.9085
1146	υe	6	0.0081	0.9085
1146	е$	6	0.0081	0.9085
1146	цd	6	0.0081	0.9085
1146	ѕ$	6	0.0081	0.9085
1147	cæ	5	0.0068	0.8325
1147	cü	5	0.0068	0.8325
1147	dì	5	0.0068	0.8325
1147	eí	5	0.0068	0.8325
1147	fí	5	0.0068	0.8325
1147	gá	5	0.0068	0.8325
1147	hí	5	0.0068	0.8325
1147	hū	5	0.0068	0.8325
1147	ië	5	0.0068	0.8325
1147	ká	5	0.0068	0.8325
1147	mц	5	0.0068	0.8325
1147	nî	5	0.0068	0.8325
1147	pð	5	0.0068	0.8325
1147	pÿ	5	0.0068	0.8325
1147	qk	5	0.0068	0.8325
1147	rò	5	0.0068	0.8325
1147	sц	5	0.0068	0.8325
1147	të	5	0.0068	0.8325
1147	ºf	5	0.0068	0.8325
1147	àd	5	0.0068	0.8325
1147	áa	5	0.0068	0.8325
1147	åo	5	0.0068	0.8325
1147	çz	5	0.0068	0.8325
1147	êe	5	0.0068	0.8325
1147	êi	5	0.0068	0.8325
1147	ët	5	0.0068	0.8325
1147	íf	5	0.0068	0.8325
1147	îm	5	0.0068	0.8325
1147	îð	5	0.0068	0.8325
1147	ñ$	5	0.0068	0.8325
1147	ób	5	0.0068	0.8325
1147	øv	5	0.0068	0.8325
1147	ÿi	5	0.0068	0.8325
1147	ÿm	5	0.0068	0.8325
1147	ÿn	5	0.0068	0.8325
1147	ća	5	0.0068	0.8325
1147	ča	5	0.0068	0.8325
1147	či	5	0.0068	0.8325
1147	ėv	5	0.0068	0.8325
1147	œg	5	0.0068	0.8325
1147	œm	5	0.0068	0.8325
1147	τo	5	0.0068	0.8325
1147	рa	5	0.0068	0.8325
1147	рe	5	0.0068	0.8325
1147	цn	5	0.0068	0.8325
1148	^ê	4	0.0054	0.7324
1148	^ì	4	0.0054	0.7324
1148	^ｶ	4	0.0054	0.7324
1148	aè	4	0.0054	0.7324
1148	cã	4	0.0054	0.7324
1148	eç	4	0.0054	0.7324
1148	eò	4	0.0054	0.7324
1148	få	4	0.0054	0.7324
1148	hć	4	0.0054	0.7324
1148	ià	4	0.0054	0.7324
1148	iæ	4	0.0054	0.7324
1148	iê	4	0.0054	0.7324
1148	iû	4	0.0054	0.7324
1148	kí	4	0.0054	0.7324
1148	nà	4	0.0054	0.7324
1148	oâ	4	0.0054	0.7324
1148	oî	4	0.0054	0.7324
1148	pê	4	0.0054	0.7324
1148	rç	4	0.0054	0.7324
1148	rő	4	0.0054	0.7324
1148	së	4	0.0054	0.7324
1148	sú	4	0.0054	0.7324
1148	sý	4	0.0054	0.7324
1148	tр	4	0.0054	0.7324
1148	tц	4	0.0054	0.7324
1148	vq	4	0.0054	0.7324
1148	vâ	4	0.0054	0.7324
1148	xë	4	0.0054	0.7324
1148	yō	4	0.0054	0.7324
1148	zú	4	0.0054	0.7324
1148	µd	4	0.0054	0.7324
1148	µć	4	0.0054	0.7324
1148	á-	4	0.0054	0.7324
1148	äw	4	0.0054	0.7324
1148	åa	4	0.0054	0.7324
1148	åé	4	0.0054	0.7324
1148	ær	4	0.0054	0.7324
1148	çs	4	0.0054	0.7324
1148	èa	4	0.0054	0.7324
1148	èo	4	0.0054	0.7324
1148	ên	4	0.0054	0.7324
1148	ëa	4	0.0054	0.7324
1148	ìl	4	0.0054	0.7324
1148	í-	4	0.0054	0.7324
1148	íj	4	0.0054	0.7324
1148	íp	4	0.0054	0.7324
1148	ðw	4	0.0054	0.7324
1148	òo	4	0.0054	0.7324
1148	òî	4	0.0054	0.7324
1148	ów	4	0.0054	0.7324
1148	ô$	4	0.0054	0.7324
1148	øe	4	0.0054	0.7324
1148	úw	4	0.0054	0.7324
1148	üð	4	0.0054	0.7324
1148	ýn	4	0.0054	0.7324
1148	đi	4	0.0054	0.7324
1148	ők	4	0.0054	0.7324
1148	őő	4	0.0054	0.7324
1148	œu	4	0.0054	0.7324
1148	ři	4	0.0054	0.7324
1148	žb	4	0.0054	0.7324
1148	žt	4	0.0054	0.7324
1148	ηu	4	0.0054	0.7324
1148	ｶ$	4	0.0054	0.7324
1149	'x	3	0.0041	0.6128
1149	'â	3	0.0041	0.6128
1149	-á	3	0.0041	0.6128
1149	-ç	3	0.0041	0.6128
1149	^æ	3	0.0041	0.6128
1149	^î	3	0.0041	0.6128
1149	^ū	3	0.0041	0.6128
1149	^д	3	0.0041	0.6128
1149	^с	3	0.0041	0.6128
1149	aó	3	0.0041	0.6128
1149	aô	3	0.0041	0.6128
1149	ań	3	0.0041	0.6128
1149	bà	3	0.0041	0.6128
1149	bê	3	0.0041	0.6128
1149	cà	3	0.0041	0.6128
1149	eâ	3	0.0041	0.6128
1149	eã	3	0.0041	0.6128
1149	eì	3	0.0041	0.6128
1149	fâ	3	0.0041	0.6128
1149	fã	3	0.0041	0.6128
1149	gò	3	0.0041	0.6128
1149	hā	3	0.0041	0.6128
1149	iś	3	0.0041	0.6128
1149	lå	3	0.0041	0.6128
1149	lì	3	0.0041	0.6128
1149	lц	3	0.0041	0.6128
1149	nø	3	0.0041	0.6128
1149	oí	3	0.0041	0.6128
1149	rà	3	0.0041	0.6128
1149	rú	3	0.0041	0.6128
1149	rÿ	3	0.0041	0.6128
1149	sų	3	0.0041	0.6128
1149	tų	3	0.0041	0.6128
1149	wí	3	0.0041	0.6128
1149	wа	3	0.0041	0.6128
1149	µj	3	0.0041	0.6128
1149	ßa	3	0.0041	0.6128
1149	ài	3	0.0041	0.6128
1149	àñ	3	0.0041	0.6128
1149	áo	3	0.0041	0.6128
1149	áã	3	0.0041	0.6128
1149	áč	3	0.0041	0.6128
1149	âm	3	0.0041	0.6128
1149	âœ	3	0.0041	0.6128
1149	ãç	3	0.0041	0.6128
1149	äz	3	0.0041	0.6128
1149	äâ	3	0.0041	0.6128
1149	äõ	3	0.0041	0.6128
1149	äü	3	0.0041	0.6128
1149	åm	3	0.0041	0.6128
1149	çð	3	0.0041	0.6128
1149	èd	3	0.0041	0.6128
1149	êa	3	0.0041	0.6128
1149	êl	3	0.0041	0.6128
1149	êv	3	0.0041	0.6128
1149	í'	3	0.0041	0.6128
1149	íu	3	0.0041	0.6128
1149	íó	3	0.0041	0.6128
1149	îí	3	0.0041	0.6128
1149	îò	3	0.0041	0.6128
1149	ïî	3	0.0041	0.6128
1149	ðç	3	0.0041	0.6128
1149	ñü	3	0.0041	0.6128
1149	òs	3	0.0041	0.6128
1149	òà	3	0.0041	0.6128
1149	òè	3	0.0041	0.6128
1149	óv	3	0.0041	0.6128
1149	øb	3	0.0041	0.6128
1149	øt	3	0.0041	0.6128
1149	út	3	0.0041	0.6128
1149	ût	3	0.0041	0.6128
1149	üy	3	0.0041	0.6128
1149	þr	3	0.0041	0.6128
1149	ÿb	3	0.0041	0.6128
1149	āt	3	0.0041	0.6128
1149	ė$	3	0.0041	0.6128
1149	ėt	3	0.0041	0.6128
1149	īt	3	0.0041	0.6128
1149	ōd	3	0.0041	0.6128
1149	œp	3	0.0041	0.6128
1149	śh	3	0.0041	0.6128
1149	ūd	3	0.0041	0.6128
1149	ūr	3	0.0041	0.6128
1149	ųu	3	0.0041	0.6128
1149	ž'	3	0.0041	0.6128
1149	žj	3	0.0041	0.6128
1149	ηi	3	0.0041	0.6128
1149	а$	3	0.0041	0.6128
1149	се	3	0.0041	0.6128
1149	цs	3	0.0041	0.6128
1149	іn	3	0.0041	0.6128
1149	ﬂe	3	0.0041	0.6128
1149	ﬂg	3	0.0041	0.6128
1150	'ö	2	0.0027	0.4314
1150	'œ	2	0.0027	0.4314
1150	'ѕ	2	0.0027	0.4314
1150	-ã	2	0.0027	0.4314
1150	-ô	2	0.0027	0.4314
1150	^ò	2	0.0027	0.4314
1150	^ý	2	0.0027	0.4314
1150	^ż	2	0.0027	0.4314
1150	^ι	2	0.0027	0.4314
1150	^в	2	0.0027	0.4314
1150	aê	2	0.0027	0.4314
1150	aì	2	0.0027	0.4314
1150	aī	2	0.0027	0.4314
1150	aő	2	0.0027	0.4314
1150	aﬂ	2	0.0027	0.4314
1150	bè	2	0.0027	0.4314
1150	bﬂ	2	0.0027	0.4314
1150	cœ	2	0.0027	0.4314
1150	dě	2	0.0027	0.4314
1150	dˇ	2	0.0027	0.4314
1150	eú	2	0.0027	0.4314
1150	eý	2	0.0027	0.4314
1150	eœ	2	0.0027	0.4314
1150	eﬂ	2	0.0027	0.4314
1150	fq	2	0.0027	0.4314
1150	fê	2	0.0027	0.4314
1150	fú	2	0.0027	0.4314
1150	gþ	2	0.0027	0.4314
1150	gē	2	0.0027	0.4314
1150	hė	2	0.0027	0.4314
1150	hō	2	0.0027	0.4314
1150	hа	2	0.0027	0.4314
1150	hе	2	0.0027	0.4314
1150	iú	2	0.0027	0.4314
1150	iń	2	0.0027	0.4314
1150	jæ	2	0.0027	0.4314
1150	jí	2	0.0027	0.4314
1150	ký	2	0.0027	0.4314
1150	kž	2	0.0027	0.4314
1150	lî	2	0.0027	0.4314
1150	lø	2	0.0027	0.4314
1150	lė	2	0.0027	0.4314
1150	mª	2	0.0027	0.4314
1150	mæ	2	0.0027	0.4314
1150	mė	2	0.0027	0.4314
1150	nê	2	0.0027	0.4314
1150	nі	2	0.0027	0.4314
1150	oû	2	0.0027	0.4314
1150	pà	2	0.0027	0.4314
1150	qj	2	0.0027	0.4314
1150	rï	2	0.0027	0.4314
1150	sﬂ	2	0.0027	0.4314
1150	tå	2	0.0027	0.4314
1150	tò	2	0.0027	0.4314
1150	tđ	2	0.0027	0.4314
1150	tś	2	0.0027	0.4314
1150	tа	2	0.0027	0.4314
1150	uç	2	0.0027	0.4314
1150	uú	2	0.0027	0.4314
1150	và	2	0.0027	0.4314
1150	væ	2	0.0027	0.4314
1150	xø	2	0.0027	0.4314
1150	yè	2	0.0027	0.4314
1150	yо	2	0.0027	0.4314
1150	zí	2	0.0027	0.4314
1150	zò	2	0.0027	0.4314
1150	µv	2	0.0027	0.4314
1150	ßr	2	0.0027	0.4314
1150	ßs	2	0.0027	0.4314
1150	àg	2	0.0027	0.4314
1150	àl	2	0.0027	0.4314
1150	àt	2	0.0027	0.4314
1150	àá	2	0.0027	0.4314
1150	àê	2	0.0027	0.4314
1150	àë	2	0.0027	0.4314
1150	áu	2	0.0027	0.4314
1150	âa	2	0.0027	0.4314
1150	âi	2	0.0027	0.4314
1150	âj	2	0.0027	0.4314
1150	âk	2	0.0027	0.4314
1150	âz	2	0.0027	0.4314
1150	âû	2	0.0027	0.4314
1150	ãv	2	0.0027	0.4314
1150	ãî	2	0.0027	0.4314
1150	äè	2	0.0027	0.4314
1150	äí	2	0.0027	0.4314
1150	åh	2	0.0027	0.4314
1150	åu	2	0.0027	0.4314
1150	åñ	2	0.0027	0.4314
1150	æv	2	0.0027	0.4314
1150	çi	2	0.0027	0.4314
1150	èb	2	0.0027	0.4314
1150	èk	2	0.0027	0.4314
1150	èë	2	0.0027	0.4314
1150	èì	2	0.0027	0.4314
1150	èî	2	0.0027	0.4314
1150	éf	2	0.0027	0.4314
1150	ê'	2	0.0027	0.4314
1150	êg	2	0.0027	0.4314
1150	êà	2	0.0027	0.4314
1150	êî	2	0.0027	0.4314
1150	ëå	2	0.0027	0.4314
1150	ìd	2	0.0027	0.4314
1150	ìi	2	0.0027	0.4314
1150	ìt	2	0.0027	0.4314
1150	ìå	2	0.0027	0.4314
1150	ìî	2	0.0027	0.4314
1150	íñ	2	0.0027	0.4314
1150	îf	2	0.0027	0.4314
1150	îä	2	0.0027	0.4314
1150	îë	2	0.0027	0.4314
1150	îñ	2	0.0027	0.4314
1150	ðì	2	0.0027	0.4314
1150	ðî	2	0.0027	0.4314
1150	ðó	2	0.0027	0.4314
1150	ñd	2	0.0027	0.4314
1150	ñi	2	0.0027	0.4314
1150	ñè	2	0.0027	0.4314
1150	ñé	2	0.0027	0.4314
1150	ñò	2	0.0027	0.4314
1150	ñÿ	2	0.0027	0.4314
1150	òi	2	0.0027	0.4314
1150	ók	2	0.0027	0.4314
1150	óx	2	0.0027	0.4314
1150	óå	2	0.0027	0.4314
1150	ôj	2	0.0027	0.4314
1150	õ'	2	0.0027	0.4314
1150	õq	2	0.0027	0.4314
1150	õµ	2	0.0027	0.4314
1150	õì	2	0.0027	0.4314
1150	øü	2	0.0027	0.4314
1150	úr	2	0.0027	0.4314
1150	úõ	2	0.0027	0.4314
1150	úú	2	0.0027	0.4314
1150	ûk	2	0.0027	0.4314
1150	ýh	2	0.0027	0.4314
1150	ýl	2	0.0027	0.4314
1150	ýò	2	0.0027	0.4314
1150	þv	2	0.0027	0.4314
1150	ÿa	2	0.0027	0.4314
1150	ÿr	2	0.0027	0.4314
1150	ćm	2	0.0027	0.4314
1150	ēz	2	0.0027	0.4314
1150	ės	2	0.0027	0.4314
1150	ěj	2	0.0027	0.4314
1150	ńa	2	0.0027	0.4314
1150	ōj	2	0.0027	0.4314
1150	œj	2	0.0027	0.4314
1150	ře	2	0.0027	0.4314
1150	śe	2	0.0027	0.4314
1150	śś	2	0.0027	0.4314
1150	šj	2	0.0027	0.4314
1150	šú	2	0.0027	0.4314
1150	ūn	2	0.0027	0.4314
1150	ūt	2	0.0027	0.4314
1150	ųl	2	0.0027	0.4314
1150	żd	2	0.0027	0.4314
1150	ž-	2	0.0027	0.4314
1150	žl	2	0.0027	0.4314
1150	žm	2	0.0027	0.4314
1150	žz	2	0.0027	0.4314
1150	ˇ$	2	0.0027	0.4314
1150	ηm	2	0.0027	0.4314
1150	ι$	2	0.0027	0.4314
1150	τe	2	0.0027	0.4314
1150	τr	2	0.0027	0.4314
1150	аn	2	0.0027	0.4314
1150	аt	2	0.0027	0.4314
1150	аѕ	2	0.0027	0.4314
1150	др	2	0.0027	0.4314
1150	еr	2	0.0027	0.4314
1150	еѕ	2	0.0027	0.4314
1150	оu	2	0.0027	0.4314
1150	ру	2	0.0027	0.4314
1150	со	2	0.0027	0.4314
1150	уг	2	0.0027	0.4314
1150	цl	2	0.0027	0.4314
1150	цr	2	0.0027	0.4314
1150	юi	2	0.0027	0.4314
1150	ѕt	2	0.0027	0.4314
1150	іс	2	0.0027	0.4314
1151	'è	1	0.0014	0.1461
1151	'í	1	0.0014	0.1461
1151	'š	1	0.0014	0.1461
1151	-ž	1	0.0014	0.1461
1151	^ā	1	0.0014	0.1461
1151	^ķ	1	0.0014	0.1461
1151	^ń	1	0.0014	0.1461
1151	^ō	1	0.0014	0.1461
1151	^ţ	1	0.0014	0.1461
1151	^ų	1	0.0014	0.1461
1151	^ˇ	1	0.0014	0.1461
1151	^а	1	0.0014	0.1461
1151	^з	1	0.0014	0.1461
1151	^к	1	0.0014	0.1461
1151	^н	1	0.0014	0.1461
1151	^о	1	0.0014	0.1461
1151	^ѕ	1	0.0014	0.1461
1151	^ј	1	0.0014	0.1461
1151	^ආ	1	0.0014	0.1461
1151	^ජ	1	0.0014	0.1461
1151	^ව	1	0.0014	0.1461
1151	aå	1	0.0014	0.1461
1151	ač	1	0.0014	0.1461
1151	ađ	1	0.0014	0.1461
1151	aţ	1	0.0014	0.1461
1151	aю	1	0.0014	0.1461
1151	aя	1	0.0014	0.1461
1151	aḥ	1	0.0014	0.1461
1151	bã	1	0.0014	0.1461
1151	bú	1	0.0014	0.1461
1151	bš	1	0.0014	0.1461
1151	cè	1	0.0014	0.1461
1151	dç	1	0.0014	0.1461
1151	dø	1	0.0014	0.1461
1151	dż	1	0.0014	0.1461
1151	dη	1	0.0014	0.1461
1151	eà	1	0.0014	0.1461
1151	eè	1	0.0014	0.1461
1151	eï	1	0.0014	0.1461
1151	eû	1	0.0014	0.1461
1151	eś	1	0.0014	0.1461
1151	eю	1	0.0014	0.1461
1151	fć	1	0.0014	0.1461
1151	fš	1	0.0014	0.1461
1151	gã	1	0.0014	0.1461
1151	gæ	1	0.0014	0.1461
1151	gí	1	0.0014	0.1461
1151	gð	1	0.0014	0.1461
1151	gø	1	0.0014	0.1461
1151	gų	1	0.0014	0.1461
1151	hð	1	0.0014	0.1461
1151	hÿ	1	0.0014	0.1461
1151	hē	1	0.0014	0.1461
1151	iå	1	0.0014	0.1461
1151	iį	1	0.0014	0.1461
1151	iı	1	0.0014	0.1461
1151	iő	1	0.0014	0.1461
1151	iœ	1	0.0014	0.1461
1151	jß	1	0.0014	0.1461
1151	jâ	1	0.0014	0.1461
1151	jò	1	0.0014	0.1461
1151	jÿ	1	0.0014	0.1461
1151	jų	1	0.0014	0.1461
1151	kç	1	0.0014	0.1461
1151	kì	1	0.0014	0.1461
1151	kā	1	0.0014	0.1461
1151	kі	1	0.0014	0.1461
1151	kﬂ	1	0.0014	0.1461
1151	lç	1	0.0014	0.1461
1151	lò	1	0.0014	0.1461
1151	lú	1	0.0014	0.1461
1151	lû	1	0.0014	0.1461
1151	lį	1	0.0014	0.1461
1151	lе	1	0.0014	0.1461
1151	mç	1	0.0014	0.1461
1151	mì	1	0.0014	0.1461
1151	mû	1	0.0014	0.1461
1151	mē	1	0.0014	0.1461
1151	mų	1	0.0014	0.1461
1151	mž	1	0.0014	0.1461
1151	mе	1	0.0014	0.1461
1151	nå	1	0.0014	0.1461
1151	nė	1	0.0014	0.1461
1151	nī	1	0.0014	0.1461
1151	nа	1	0.0014	0.1461
1151	nо	1	0.0014	0.1461
1151	nѕ	1	0.0014	0.1461
1151	oß	1	0.0014	0.1461
1151	oê	1	0.0014	0.1461
1151	oē	1	0.0014	0.1461
1151	oī	1	0.0014	0.1461
1151	oł	1	0.0014	0.1461
1151	oř	1	0.0014	0.1461
1151	pí	1	0.0014	0.1461
1151	pú	1	0.0014	0.1461
1151	pō	1	0.0014	0.1461
1151	př	1	0.0014	0.1461
1151	pр	1	0.0014	0.1461
1151	pц	1	0.0014	0.1461
1151	qm	1	0.0014	0.1461
1151	rî	1	0.0014	0.1461
1151	rč	1	0.0014	0.1461
1151	rō	1	0.0014	0.1461
1151	rų	1	0.0014	0.1461
1151	rź	1	0.0014	0.1461
1151	rž	1	0.0014	0.1461
1151	rа	1	0.0014	0.1461
1151	rе	1	0.0014	0.1461
1151	rі	1	0.0014	0.1461
1151	sï	1	0.0014	0.1461
1151	sù	1	0.0014	0.1461
1151	sē	1	0.0014	0.1461
1151	sł	1	0.0014	0.1461
1151	sž	1	0.0014	0.1461
1151	tæ	1	0.0014	0.1461
1151	tç	1	0.0014	0.1461
1151	tè	1	0.0014	0.1461
1151	tř	1	0.0014	0.1461
1151	tо	1	0.0014	0.1461
1151	uß	1	0.0014	0.1461
1151	uè	1	0.0014	0.1461
1151	uë	1	0.0014	0.1461
1151	uó	1	0.0014	0.1461
1151	uć	1	0.0014	0.1461
1151	uđ	1	0.0014	0.1461
1151	uė	1	0.0014	0.1461
1151	uį	1	0.0014	0.1461
1151	uų	1	0.0014	0.1461
1151	uż	1	0.0014	0.1461
1151	uѕ	1	0.0014	0.1461
1151	vÿ	1	0.0014	0.1461
1151	vė	1	0.0014	0.1461
1151	wð	1	0.0014	0.1461
1151	wš	1	0.0014	0.1461
1151	xâ	1	0.0014	0.1461
1151	xš	1	0.0014	0.1461
1151	yá	1	0.0014	0.1461
1151	yâ	1	0.0014	0.1461
1151	yð	1	0.0014	0.1461
1151	yô	1	0.0014	0.1461
1151	yú	1	0.0014	0.1461
1151	yе	1	0.0014	0.1461
1151	zß	1	0.0014	0.1461
1151	µo	1	0.0014	0.1461
1151	µç	1	0.0014	0.1461
1151	º-	1	0.0014	0.1461
1151	ßd	1	0.0014	0.1461
1151	ßg	1	0.0014	0.1461
1151	ßi	1	0.0014	0.1461
1151	ßl	1	0.0014	0.1461
1151	ßm	1	0.0014	0.1461
1151	ßo	1	0.0014	0.1461
1151	ßä	1	0.0014	0.1461
1151	àa	1	0.0014	0.1461
1151	àe	1	0.0014	0.1461
1151	àh	1	0.0014	0.1461
1151	àr	1	0.0014	0.1461
1151	àå	1	0.0014	0.1461
1151	àí	1	0.0014	0.1461
1151	àð	1	0.0014	0.1461
1151	àþ	1	0.0014	0.1461
1151	àÿ	1	0.0014	0.1461
1151	áe	1	0.0014	0.1461
1151	áq	1	0.0014	0.1461
1151	áv	1	0.0014	0.1461
1151	áå	1	0.0014	0.1461
1151	áê	1	0.0014	0.1461
1151	áð	1	0.0014	0.1461
1151	áñ	1	0.0014	0.1461
1151	áô	1	0.0014	0.1461
1151	âh	1	0.0014	0.1461
1151	âµ	1	0.0014	0.1461
1151	âè	1	0.0014	0.1461
1151	âî	1	0.0014	0.1461
1151	ãu	1	0.0014	0.1461
1151	ãå	1	0.0014	0.1461
1151	äx	1	0.0014	0.1461
1151	äß	1	0.0014	0.1461
1151	äé	1	0.0014	0.1461
1151	äî	1	0.0014	0.1461
1151	å'	1	0.0014	0.1461
1151	åe	1	0.0014	0.1461
1151	åá	1	0.0014	0.1461
1151	åã	1	0.0014	0.1461
1151	åê	1	0.0014	0.1461
1151	åò	1	0.0014	0.1461
1151	åø	1	0.0014	0.1461
1151	æn	1	0.0014	0.1461
1151	æà	1	0.0014	0.1461
1151	æå	1	0.0014	0.1461
1151	æí	1	0.0014	0.1461
1151	çb	1	0.0014	0.1461
1151	çd	1	0.0014	0.1461
1151	çe	1	0.0014	0.1461
1151	çl	1	0.0014	0.1461
1151	çá	1	0.0014	0.1461
1151	çí	1	0.0014	0.1461
1151	èâ	1	0.0014	0.1461
1151	èä	1	0.0014	0.1461
1151	èå	1	0.0014	0.1461
1151	èç	1	0.0014	0.1461
1151	èè	1	0.0014	0.1461
1151	èê	1	0.0014	0.1461
1151	èñ	1	0.0014	0.1461
1151	èò	1	0.0014	0.1461
1151	èõ	1	0.0014	0.1461
1151	èö	1	0.0014	0.1461
1151	èø	1	0.0014	0.1461
1151	èþ	1	0.0014	0.1461
1151	éw	1	0.0014	0.1461
1151	éá	1	0.0014	0.1461
1151	éê	1	0.0014	0.1461
1151	éì	1	0.0014	0.1461
1151	éï	1	0.0014	0.1461
1151	éñ	1	0.0014	0.1461
1151	éò	1	0.0014	0.1461
1151	êo	1	0.0014	0.1461
1151	êë	1	0.0014	0.1461
1151	êõ	1	0.0014	0.1461
1151	ër	1	0.0014	0.1461
1151	ëv	1	0.0014	0.1461
1151	ëà	1	0.0014	0.1461
1151	ëè	1	0.0014	0.1461
1151	ëî	1	0.0014	0.1461
1151	ëó	1	0.0014	0.1461
1151	ëû	1	0.0014	0.1461
1151	ëü	1	0.0014	0.1461
1151	ìa	1	0.0014	0.1461
1151	ìh	1	0.0014	0.1461
1151	ìj	1	0.0014	0.1461
1151	ìk	1	0.0014	0.1461
1151	ìs	1	0.0014	0.1461
1151	ìà	1	0.0014	0.1461
1151	ìè	1	0.0014	0.1461
1151	ìý	1	0.0014	0.1461
1151	íè	1	0.0014	0.1461
1151	íÿ	1	0.0014	0.1461
1151	íš	1	0.0014	0.1461
1151	îh	1	0.0014	0.1461
1151	îs	1	0.0014	0.1461
1151	îá	1	0.0014	0.1461
1151	îæ	1	0.0014	0.1461
1151	îé	1	0.0014	0.1461
1151	îê	1	0.0014	0.1461
1151	îï	1	0.0014	0.1461
1151	îó	1	0.0014	0.1461
1151	îÿ	1	0.0014	0.1461
1151	ïi	1	0.0014	0.1461
1151	ïm	1	0.0014	0.1461
1151	ïà	1	0.0014	0.1461
1151	ïð	1	0.0014	0.1461
1151	ïñ	1	0.0014	0.1461
1151	ïû	1	0.0014	0.1461
1151	ðf	1	0.0014	0.1461
1151	ðà	1	0.0014	0.1461
1151	ðã	1	0.0014	0.1461
1151	ðé	1	0.0014	0.1461
1151	ðû	1	0.0014	0.1461
1151	ðÿ	1	0.0014	0.1461
1151	ñn	1	0.0014	0.1461
1151	ñä	1	0.0014	0.1461
1151	ñå	1	0.0014	0.1461
1151	ñë	1	0.0014	0.1461
1151	ñí	1	0.0014	0.1461
1151	ñï	1	0.0014	0.1461
1151	ñø	1	0.0014	0.1461
1151	òh	1	0.0014	0.1461
1151	òû	1	0.0014	0.1461
1151	óo	1	0.0014	0.1461
1151	óµ	1	0.0014	0.1461
1151	óá	1	0.0014	0.1461
1151	óì	1	0.0014	0.1461
1151	óô	1	0.0014	0.1461
1151	óø	1	0.0014	0.1461
1151	óþ	1	0.0014	0.1461
1151	ôg	1	0.0014	0.1461
1151	ôñ	1	0.0014	0.1461
1151	õà	1	0.0014	0.1461
1151	õá	1	0.0014	0.1461
1151	õî	1	0.0014	0.1461
1151	õñ	1	0.0014	0.1461
1151	ö'	1	0.0014	0.1461
1151	öî	1	0.0014	0.1461
1151	öð	1	0.0014	0.1461
1151	öû	1	0.0014	0.1461
1151	øk	1	0.0014	0.1461
1151	øu	1	0.0014	0.1461
1151	øè	1	0.0014	0.1461
1151	øé	1	0.0014	0.1461
1151	øø	1	0.0014	0.1461
1151	ùa	1	0.0014	0.1461
1151	ùè	1	0.0014	0.1461
1151	ú-	1	0.0014	0.1461
1151	úe	1	0.0014	0.1461
1151	úk	1	0.0014	0.1461
1151	úu	1	0.0014	0.1461
1151	úz	1	0.0014	0.1461
1151	úü	1	0.0014	0.1461
1151	ûg	1	0.0014	0.1461
1151	ûj	1	0.0014	0.1461
1151	ûí	1	0.0014	0.1461
1151	ûò	1	0.0014	0.1461
1151	ûõ	1	0.0014	0.1461
1151	üí	1	0.0014	0.1461
1151	üò	1	0.0014	0.1461
1151	üö	1	0.0014	0.1461
1151	ýé	1	0.0014	0.1461
1151	ýë	1	0.0014	0.1461
1151	ýí	1	0.0014	0.1461
1151	þj	1	0.0014	0.1461
1151	þp	1	0.0014	0.1461
1151	þó	1	0.0014	0.1461
1151	þù	1	0.0014	0.1461
1151	þþ	1	0.0014	0.1461
1151	þž	1	0.0014	0.1461
1151	ÿf	1	0.0014	0.1461
1151	ÿj	1	0.0014	0.1461
1151	ÿä	1	0.0014	0.1461
1151	ÿö	1	0.0014	0.1461
1151	ā$	1	0.0014	0.1461
1151	ān	1	0.0014	0.1461
1151	ć$	1	0.0014	0.1461
1151	čc	1	0.0014	0.1461
1151	če	1	0.0014	0.1461
1151	čk	1	0.0014	0.1461
1151	čr	1	0.0014	0.1461
1151	ču	1	0.0014	0.1461
1151	čí	1	0.0014	0.1461
1151	ēd	1	0.0014	0.1461
1151	ēi	1	0.0014	0.1461
1151	ēj	1	0.0014	0.1461
1151	ēn	1	0.0014	0.1461
1151	ėn	1	0.0014	0.1461
1151	īm	1	0.0014	0.1461
1151	įa	1	0.0014	0.1461
1151	įr	1	0.0014	0.1461
1151	įz	1	0.0014	0.1461
1151	ıg	1	0.0014	0.1461
1151	ķl	1	0.0014	0.1461
1151	ł$	1	0.0014	0.1461
1151	łu	1	0.0014	0.1461
1151	ńs	1	0.0014	0.1461
1151	ō$	1	0.0014	0.1461
1151	ōb	1	0.0014	0.1461
1151	ōl	1	0.0014	0.1461
1151	ōs	1	0.0014	0.1461
1151	œa	1	0.0014	0.1461
1151	œb	1	0.0014	0.1461
1151	œv	1	0.0014	0.1461
1151	ř$	1	0.0014	0.1461
1151	řj	1	0.0014	0.1461
1151	řo	1	0.0014	0.1461
1151	ří	1	0.0014	0.1461
1151	śi	1	0.0014	0.1461
1151	śõ	1	0.0014	0.1461
1151	ţe	1	0.0014	0.1461
1151	ţi	1	0.0014	0.1461
1151	ūf	1	0.0014	0.1461
1151	ūh	1	0.0014	0.1461
1151	ūk	1	0.0014	0.1461
1151	ūl	1	0.0014	0.1461
1151	ūs	1	0.0014	0.1461
1151	ų$	1	0.0014	0.1461
1151	ųk	1	0.0014	0.1461
1151	źt	1	0.0014	0.1461
1151	ża	1	0.0014	0.1461
1151	żb	1	0.0014	0.1461
1151	žd	1	0.0014	0.1461
1151	žr	1	0.0014	0.1461
1151	ˇe	1	0.0014	0.1461
1151	η$	1	0.0014	0.1461
1151	τ$	1	0.0014	0.1461
1151	τu	1	0.0014	0.1461
1151	аb	1	0.0014	0.1461
1151	аy	1	0.0014	0.1461
1151	ае	1	0.0014	0.1461
1151	ай	1	0.0014	0.1461
1151	ар	1	0.0014	0.1461
1151	аі	1	0.0014	0.1461
1151	вд	1	0.0014	0.1461
1151	во	1	0.0014	0.1461
1151	вы	1	0.0014	0.1461
1151	г$	1	0.0014	0.1461
1151	га	1	0.0014	0.1461
1151	да	1	0.0014	0.1461
1151	дв	1	0.0014	0.1461
1151	ды	1	0.0014	0.1461
1151	е'	1	0.0014	0.1461
1151	еt	1	0.0014	0.1461
1151	ет	1	0.0014	0.1461
1151	зн	1	0.0014	0.1461
1151	й$	1	0.0014	0.1461
1151	кe	1	0.0014	0.1461
1151	ку	1	0.0014	0.1461
1151	м$	1	0.0014	0.1461
1151	на	1	0.0014	0.1461
1151	но	1	0.0014	0.1461
1151	о$	1	0.0014	0.1461
1151	оm	1	0.0014	0.1461
1151	оw	1	0.0014	0.1461
1151	ое	1	0.0014	0.1461
1151	ом	1	0.0014	0.1461
1151	ос	1	0.0014	0.1461
1151	от	1	0.0014	0.1461
1151	оі	1	0.0014	0.1461
1151	рi	1	0.0014	0.1461
1151	рk	1	0.0014	0.1461
1151	рo	1	0.0014	0.1461
1151	рt	1	0.0014	0.1461
1151	ро	1	0.0014	0.1461
1151	са	1	0.0014	0.1461
1151	те	1	0.0014	0.1461
1151	тк	1	0.0014	0.1461
1151	уд	1	0.0014	0.1461
1151	ха	1	0.0014	0.1461
1151	ц$	1	0.0014	0.1461
1151	цb	1	0.0014	0.1461
1151	цg	1	0.0014	0.1461
1151	цp	1	0.0014	0.1461
1151	ы$	1	0.0014	0.1461
1151	ых	1	0.0014	0.1461
1151	я$	1	0.0014	0.1461
1151	ѕе	1	0.0014	0.1461
1151	іg	1	0.0014	0.1461
1151	јu	1	0.0014	0.1461
1151	ආය	1	0.0014	0.1461
1151	ජය	1	0.0014	0.1461
1151	න්	1	0.0014	0.1461
1151	බෝ	1	0.0014	0.1461
1151	ය$	1	0.0014	0.1461
1151	යු	1	0.0014	0.1461
1151	වන	1	0.0014	0.1461
1151	වා	1	0.0014	0.1461
1151	වේ	1	0.0014	0.1461
1151	්$	1	0.0014	0.1461
1151	ා$	1	0.0014	0.1461
1151	ුබ	1	0.0014	0.1461
1151	ේව	1	0.0014	0.1461
1151	ෝව	1	0.0014	0.1461
1151	ḥ$	1	0.0014	0.1461
1151	ﬂ$	1	0.0014	0.1461
1151	ﬂm	1	0.0014	0.1461
1151	ﬂs	1	0.0014	0.1461
