Rank	Character	Frequency	Frequency per million	Zipf value
1	e	370686744	145097.5377	8.1617
2	s	212805906	83298.4008	7.9206
3	a	203015296	79466.0722	7.9002
4	i	183721413	71913.8871	7.8568
5	t	172932754	67690.8932	7.8305
6	n	168995500	66149.7378	7.8205
7	u	168337152	65892.0413	7.8188
8	r	162285125	63523.1025	7.8029
9	o	155217922	60756.7944	7.7836
10	l	121409893	47523.3517	7.6769
11	c	81279936	31815.3232	7.5026
12	m	77089750	30175.163	7.4796
13	d	77035358	30153.8723	7.4793
14	p	75857601	29692.8641	7.4727
15	v	54933065	21502.3941	7.3325
16	é	39730641	15551.7247	7.1918
17	q	31864608	12472.7313	7.096
18	j	31187514	12207.6971	7.0866
19	f	25630912	10032.682	7.0014
20	b	23364046	9145.3649	6.9612
21	h	23067186	9029.1653	6.9556
22	g	20205267	7908.9272	6.8981
23	z	11377143	4453.3436	6.6487
24	à	10750582	4208.0895	6.6241
25	y	10373629	4060.5391	6.6086
26	x	9680030	3789.0444	6.5785
27	è	7231768	2830.7236	6.4519
28	ê	6303442	2467.3499	6.3922
29	ç	6175411	2417.2349	6.3833
30	k	3805125	1489.4362	6.173
31	w	1788855	700.2097	5.8452
32	ù	1311922	513.5243	5.7106
33	ô	1310240	512.8659	5.71
34	û	1284910	502.951	5.7015
35	î	1069109	418.4803	5.6217
36	â	861802	337.3343	5.5281
37	œ	278130	108.8681	5.0369
38	ï	192058	75.1771	4.8761
39	ë	82486	32.2874	4.509
40	ã	54010	21.1411	4.3251
41	á	38136	14.9275	4.174
42	ü	16185	6.3353	3.8018
43	ñ	12379	4.8455	3.6853
44	ó	11081	4.3374	3.6372
45	í	10854	4.2486	3.6282
46	ª	8755	3.427	3.5349
47	ö	7372	2.8856	3.4602
48	ä	6331	2.4781	3.3941
49	ì	4511	1.7657	3.2469
50	ú	4063	1.5904	3.2015
51	ø	3723	1.4573	3.1635
52	ο	2444	0.9567	2.9808
53	å	1443	0.5648	2.7519
54	º	1384	0.5417	2.7338
55	ŕ	1104	0.4321	2.6356
56	æ	1064	0.4165	2.6196
57	ﬁ	979	0.3832	2.5834
58	μ	958	0.375	2.574
59	а	862	0.3374	2.5281
60	е	849	0.3323	2.5215
61	ę	814	0.3186	2.5032
62	ѕ	765	0.2994	2.4763
63	і	743	0.2908	2.4636
64	茅	713	0.2791	2.4458
65	о	683	0.2673	2.427
66	ν	677	0.265	2.4232
67	š	665	0.2603	2.4155
68	õ	654	0.256	2.4082
69	ß	643	0.2517	2.4009
70	ò	642	0.2513	2.4002
71	č	631	0.247	2.3927
72	ε	628	0.2458	2.3906
73	̃	477	0.1867	2.2711
74	ʁ	476	0.1863	2.2702
75	τ	469	0.1836	2.2639
76	й	453	0.1773	2.2487
77	ι	445	0.1742	2.241
78	þ	411	0.1609	2.2066
79	ﬂ	403	0.1577	2.1978
80	α	399	0.1562	2.1937
81	с	387	0.1515	2.1804
82	ҫ	363	0.1421	2.1526
83	β	360	0.1409	2.1489
84	ə	357	0.1397	2.1452
85	ɛ	340	0.1331	2.1242
86	ÿ	329	0.1288	2.1099
87	ă	306	0.1198	2.0785
88	ý	296	0.1159	2.0641
89	ˆ	276	0.108	2.0334
90	ɑ	272	0.1065	2.0273
91	ž	255	0.0998	1.9991
92	η	225	0.0881	1.945
93	ɔ	221	0.0865	1.937
94	ð	194	0.0759	1.8802
95	い	183	0.0716	1.8549
96	ů	180	0.0705	1.8482
97	θ	170	0.0665	1.8228
98	κ	163	0.0638	1.8048
99	な	158	0.0618	1.791
100	ğ	157	0.0615	1.7889
101	脿	150	0.0587	1.7686
102	ō	131	0.0513	1.7101
103	ű	126	0.0493	1.6928
104	の	125	0.0489	1.6893
105	ş	124	0.0485	1.6857
105	и	124	0.0485	1.6857
106	猫	119	0.0466	1.6684
107	て	118	0.0462	1.6646
108	た	116	0.0454	1.6571
109	з	112	0.0438	1.6415
109	х	112	0.0438	1.6415
110	δ	98	0.0384	1.5843
110	к	98	0.0384	1.5843
111	µ	97	0.038	1.5798
112	锚	94	0.0368	1.5658
113	р	91	0.0356	1.5514
114	も	87	0.0341	1.5328
115	ʒ	81	0.0317	1.5011
115	ρ	81	0.0317	1.5011
116	ら	75	0.0294	1.4683
117	ė	70	0.0274	1.4378
118	ј	68	0.0266	1.4249
118	で	68	0.0266	1.4249
119	し	67	0.0262	1.4183
120	か	62	0.0243	1.3856
120	る	62	0.0243	1.3856
121	が	61	0.0239	1.3784
122	ł	60	0.0235	1.3711
122	う	60	0.0235	1.3711
123	を	59	0.0231	1.3636
124	ΰ	57	0.0223	1.3483
125	ζ	56	0.0219	1.3404
125	だ	56	0.0219	1.3404
126	っ	53	0.0207	1.316
127	と	47	0.0184	1.2648
128	き	40	0.0157	1.1959
128	ど	40	0.0157	1.1959
129	ś	38	0.0149	1.1732
129	ƒ	38	0.0149	1.1732
129	么	38	0.0149	1.1732
129	莽	38	0.0149	1.1732
130	れ	37	0.0145	1.1614
130	ん	37	0.0145	1.1614
131	に	36	0.0141	1.1492
131	강	36	0.0141	1.1492
131	력	36	0.0141	1.1492
131	반	36	0.0141	1.1492
132	け	35	0.0137	1.1367
133	ま	34	0.0133	1.1239
134	ń	31	0.0121	1.0828
134	ř	31	0.0121	1.0828
135	ʃ	30	0.0117	1.0682
135	あ	30	0.0117	1.0682
135	く	30	0.0117	1.0682
136	ɥ	29	0.0114	1.0569
136	え	29	0.0114	1.0569
136	こ	29	0.0114	1.0569
137	ď	28	0.011	1.0414
138	ɡ	27	0.0106	1.0253
138	見	27	0.0106	1.0253
139	り	26	0.0102	1.0086
140	芒	24	0.0094	0.9731
141	м	23	0.009	0.9542
141	何	23	0.009	0.9542
142	没	22	0.0086	0.9345
143	ż	20	0.0078	0.8921
143	ф	20	0.0078	0.8921
143	ا	20	0.0078	0.8921
143	わ	20	0.0078	0.8921
143	今	20	0.0078	0.8921
144	ū	19	0.0074	0.8692
144	ω	19	0.0074	0.8692
144	н	19	0.0074	0.8692
144	無	19	0.0074	0.8692
145	は	18	0.007	0.8451
145	君	18	0.007	0.8451
145	私	18	0.007	0.8451
145	霉	18	0.007	0.8451
145	류	18	0.007	0.8451
145	시	18	0.007	0.8451
145	원	18	0.007	0.8451
145	한	18	0.007	0.8451
146	そ	17	0.0067	0.8261
146	つ	17	0.0067	0.8261
146	一	17	0.0067	0.8261
147	щ	16	0.0063	0.7993
147	よ	16	0.0063	0.7993
147	ﬀ	16	0.0063	0.7993
148	в	15	0.0059	0.7709
148	ば	15	0.0059	0.7709
148	伝	15	0.0059	0.7709
148	分	15	0.0059	0.7709
148	卯	15	0.0059	0.7709
149	ě	14	0.0055	0.7404
149	ı	14	0.0055	0.7404
149	д	14	0.0055	0.7404
149	さ	14	0.0055	0.7404
149	め	14	0.0055	0.7404
150	ξ	13	0.0051	0.7076
150	ϋ	13	0.0051	0.7076
150	せ	13	0.0051	0.7076
150	散	13	0.0051	0.7076
151	ć	12	0.0047	0.6721
151	ȧ	12	0.0047	0.6721
151	л	12	0.0047	0.6721
151	ょ	12	0.0047	0.6721
151	会	12	0.0047	0.6721
151	側	12	0.0047	0.6721
151	眠	12	0.0047	0.6721
151	艙	12	0.0047	0.6721
151	花	12	0.0047	0.6721
151	開	12	0.0047	0.6721
152	ť	11	0.0043	0.6335
152	̂	11	0.0043	0.6335
152	π	11	0.0043	0.6335
152	や	11	0.0043	0.6335
152	ン	11	0.0043	0.6335
152	終	11	0.0043	0.6335
153	ā	10	0.0039	0.5911
153	̇	10	0.0039	0.5911
153	ہ	10	0.0039	0.5911
153	㨰	10	0.0039	0.5911
153	二	10	0.0039	0.5911
153	度	10	0.0039	0.5911
153	日	10	0.0039	0.5911
153	自	10	0.0039	0.5911
154	̣	9	0.0035	0.5441
154	т	9	0.0035	0.5441
154	じ	9	0.0035	0.5441
154	ね	9	0.0035	0.5441
154	㤹	9	0.0035	0.5441
154	叶	9	0.0035	0.5441
154	場	9	0.0035	0.5441
154	年	9	0.0035	0.5441
154	所	9	0.0035	0.5441
154	聞	9	0.0035	0.5441
154	脟	9	0.0035	0.5441
154	言	9	0.0035	0.5441
154	願	9	0.0035	0.5441
155	ī	8	0.0031	0.4914
155	ȼ	8	0.0031	0.4914
155	ʹ	8	0.0031	0.4914
155	λ	8	0.0031	0.4914
155	χ	8	0.0031	0.4914
155	я	8	0.0031	0.4914
155	ず	8	0.0031	0.4914
155	ち	8	0.0031	0.4914
155	僕	8	0.0031	0.4914
155	声	8	0.0031	0.4914
155	少	8	0.0031	0.4914
156	ǁ	7	0.0027	0.4314
156	υ	7	0.0027	0.4314
156	ї	7	0.0027	0.4314
156	ぬ	7	0.0027	0.4314
156	怖	7	0.0027	0.4314
156	晦	7	0.0027	0.4314
156	気	7	0.0027	0.4314
156	生	7	0.0027	0.4314
156	目	7	0.0027	0.4314
156	立	7	0.0027	0.4314
156	美	7	0.0027	0.4314
156	足	7	0.0027	0.4314
157	ź	6	0.0023	0.3617
157	ς	6	0.0023	0.3617
157	б	6	0.0023	0.3617
157	г	6	0.0023	0.3617
157	п	6	0.0023	0.3617
157	ы	6	0.0023	0.3617
157	ぶ	6	0.0023	0.3617
157	ー	6	0.0023	0.3617
157	世	6	0.0023	0.3617
157	中	6	0.0023	0.3617
157	信	6	0.0023	0.3617
157	健	6	0.0023	0.3617
157	全	6	0.0023	0.3617
157	喜	6	0.0023	0.3617
157	女	6	0.0023	0.3617
157	守	6	0.0023	0.3617
157	心	6	0.0023	0.3617
157	念	6	0.0023	0.3617
157	思	6	0.0023	0.3617
157	愛	6	0.0023	0.3617
157	早	6	0.0023	0.3617
157	木	6	0.0023	0.3617
157	欲	6	0.0023	0.3617
157	残	6	0.0023	0.3617
157	湯	6	0.0023	0.3617
157	瀬	6	0.0023	0.3617
157	界	6	0.0023	0.3617
157	知	6	0.0023	0.3617
157	続	6	0.0023	0.3617
157	脡	6	0.0023	0.3617
157	街	6	0.0023	0.3617
157	迷	6	0.0023	0.3617
157	逸	6	0.0023	0.3617
157	遣	6	0.0023	0.3617
157	音	6	0.0023	0.3617
157	響	6	0.0023	0.3617
158	ː	5	0.002	0.301
158	̀	5	0.002	0.301
158	ъ	5	0.002	0.301
158	タ	5	0.002	0.301
158	上	5	0.002	0.301
158	儚	5	0.002	0.301
158	是	5	0.002	0.301
158	産	5	0.002	0.301
158	行	5	0.002	0.301
159	ɲ	4	0.0016	0.2041
159	γ	4	0.0016	0.2041
159	ⰰ	4	0.0016	0.2041
159	ⰲ	4	0.0016	0.2041
159	ⴭ	4	0.0016	0.2041
159	〵	4	0.0016	0.2041
159	ぎ	4	0.0016	0.2041
159	み	4	0.0016	0.2041
159	ィ	4	0.0016	0.2041
159	ポ	4	0.0016	0.2041
159	什	4	0.0016	0.2041
159	仕	4	0.0016	0.2041
159	園	4	0.0016	0.2041
159	在	4	0.0016	0.2041
159	子	4	0.0016	0.2041
159	性	4	0.0016	0.2041
159	楽	4	0.0016	0.2041
159	眉	4	0.0016	0.2041
159	睷	4	0.0016	0.2041
159	茂	4	0.0016	0.2041
159	話	4	0.0016	0.2041
159	誰	4	0.0016	0.2041
159	過	4	0.0016	0.2041
159	麼	4	0.0016	0.2041
160	ί	3	0.0012	0.0792
160	у	3	0.0012	0.0792
160	ч	3	0.0012	0.0792
160	ш	3	0.0012	0.0792
160	ў	3	0.0012	0.0792
160	ạ	3	0.0012	0.0792
160	ộ	3	0.0012	0.0792
160	々	3	0.0012	0.0792
160	ゃ	3	0.0012	0.0792
160	ろ	3	0.0012	0.0792
160	イ	3	0.0012	0.0792
160	ガ	3	0.0012	0.0792
160	ス	3	0.0012	0.0792
160	プ	3	0.0012	0.0792
160	マ	3	0.0012	0.0792
160	ム	3	0.0012	0.0792
160	モ	3	0.0012	0.0792
160	ラ	3	0.0012	0.0792
160	リ	3	0.0012	0.0792
160	ㄽ	3	0.0012	0.0792
160	㱴	3	0.0012	0.0792
160	㵲	3	0.0012	0.0792
160	㸴	3	0.0012	0.0792
160	㹴	3	0.0012	0.0792
160	値	3	0.0012	0.0792
160	元	3	0.0012	0.0792
160	光	3	0.0012	0.0792
160	別	3	0.0012	0.0792
160	夢	3	0.0012	0.0792
160	好	3	0.0012	0.0792
160	始	3	0.0012	0.0792
160	寝	3	0.0012	0.0792
160	弾	3	0.0012	0.0792
160	損	3	0.0012	0.0792
160	敬	3	0.0012	0.0792
160	敮	3	0.0012	0.0792
160	敺	3	0.0012	0.0792
160	新	3	0.0012	0.0792
160	方	3	0.0012	0.0792
160	昼	3	0.0012	0.0792
160	最	3	0.0012	0.0792
160	根	3	0.0012	0.0792
160	楳	3	0.0012	0.0792
160	構	3	0.0012	0.0792
160	消	3	0.0012	0.0792
160	涙	3	0.0012	0.0792
160	潣	3	0.0012	0.0792
160	潬	3	0.0012	0.0792
160	瑢	3	0.0012	0.0792
160	瑩	3	0.0012	0.0792
160	畳	3	0.0012	0.0792
160	癴	3	0.0012	0.0792
160	経	3	0.0012	0.0792
160	結	3	0.0012	0.0792
160	肝	3	0.0012	0.0792
160	覚	3	0.0012	0.0792
160	調	3	0.0012	0.0792
160	載	3	0.0012	0.0792
160	近	3	0.0012	0.0792
160	銃	3	0.0012	0.0792
160	頬	3	0.0012	0.0792
160	験	3	0.0012	0.0792
161	ň	2	0.0008	-0.0969
161	ȋ	2	0.0008	-0.0969
161	ά	2	0.0008	-0.0969
161	σ	2	0.0008	-0.0969
161	ύ	2	0.0008	-0.0969
161	ц	2	0.0008	-0.0969
161	ю	2	0.0008	-0.0969
161	њ	2	0.0008	-0.0969
161	ة	2	0.0008	-0.0969
161	س	2	0.0008	-0.0969
161	ế	2	0.0008	-0.0969
161	ῖ	2	0.0008	-0.0969
161	げ	2	0.0008	-0.0969
161	ご	2	0.0008	-0.0969
161	す	2	0.0008	-0.0969
161	ゆ	2	0.0008	-0.0969
161	キ	2	0.0008	-0.0969
161	セ	2	0.0008	-0.0969
161	ダ	2	0.0008	-0.0969
161	テ	2	0.0008	-0.0969
161	デ	2	0.0008	-0.0969
161	ブ	2	0.0008	-0.0969
161	ュ	2	0.0008	-0.0969
161	ロ	2	0.0008	-0.0969
161	亡	2	0.0008	-0.0969
161	体	2	0.0008	-0.0969
161	你	2	0.0008	-0.0969
161	偽	2	0.0008	-0.0969
161	像	2	0.0008	-0.0969
161	呢	2	0.0008	-0.0969
161	品	2	0.0008	-0.0969
161	囚	2	0.0008	-0.0969
161	國	2	0.0008	-0.0969
161	宝	2	0.0008	-0.0969
161	察	2	0.0008	-0.0969
161	引	2	0.0008	-0.0969
161	影	2	0.0008	-0.0969
161	彼	2	0.0008	-0.0969
161	後	2	0.0008	-0.0969
161	恐	2	0.0008	-0.0969
161	想	2	0.0008	-0.0969
161	打	2	0.0008	-0.0969
161	持	2	0.0008	-0.0969
161	指	2	0.0008	-0.0969
161	枚	2	0.0008	-0.0969
161	殺	2	0.0008	-0.0969
161	毛	2	0.0008	-0.0969
161	潜	2	0.0008	-0.0969
161	潦	2	0.0008	-0.0969
161	王	2	0.0008	-0.0969
161	瑮	2	0.0008	-0.0969
161	眩	2	0.0008	-0.0969
161	石	2	0.0008	-0.0969
161	碇	2	0.0008	-0.0969
161	祭	2	0.0008	-0.0969
161	給	2	0.0008	-0.0969
161	色	2	0.0008	-0.0969
161	血	2	0.0008	-0.0969
161	要	2	0.0008	-0.0969
161	說	2	0.0008	-0.0969
161	警	2	0.0008	-0.0969
161	轟	2	0.0008	-0.0969
161	銅	2	0.0008	-0.0969
161	錆	2	0.0008	-0.0969
161	閃	2	0.0008	-0.0969
161	陰	2	0.0008	-0.0969
161	電	2	0.0008	-0.0969
161	霊	2	0.0008	-0.0969
161	青	2	0.0008	-0.0969
161	静	2	0.0008	-0.0969
161	面	2	0.0008	-0.0969
161	餵	2	0.0008	-0.0969
161	駆	2	0.0008	-0.0969
161	鳥	2	0.0008	-0.0969
162	ą	1	0.0004	-0.3979
162	ĉ	1	0.0004	-0.3979
162	đ	1	0.0004	-0.3979
162	ē	1	0.0004	-0.3979
162	ĕ	1	0.0004	-0.3979
162	ģ	1	0.0004	-0.3979
162	ĥ	1	0.0004	-0.3979
162	ĺ	1	0.0004	-0.3979
162	ņ	1	0.0004	-0.3979
162	ŝ	1	0.0004	-0.3979
162	ţ	1	0.0004	-0.3979
162	ș	1	0.0004	-0.3979
162	ˀ	1	0.0004	-0.3979
162	ˁ	1	0.0004	-0.3979
162	ˇ	1	0.0004	-0.3979
162	ˋ	1	0.0004	-0.3979
162	́	1	0.0004	-0.3979
162	̐	1	0.0004	-0.3979
162	̥	1	0.0004	-0.3979
162	έ	1	0.0004	-0.3979
162	ή	1	0.0004	-0.3979
162	φ	1	0.0004	-0.3979
162	ό	1	0.0004	-0.3979
162	ώ	1	0.0004	-0.3979
162	ж	1	0.0004	-0.3979
162	ь	1	0.0004	-0.3979
162	ت	1	0.0004	-0.3979
162	د	1	0.0004	-0.3979
162	ر	1	0.0004	-0.3979
162	ف	1	0.0004	-0.3979
162	ك	1	0.0004	-0.3979
162	م	1	0.0004	-0.3979
162	ن	1	0.0004	-0.3979
162	ه	1	0.0004	-0.3979
162	و	1	0.0004	-0.3979
162	ي	1	0.0004	-0.3979
162	ی	1	0.0004	-0.3979
162	ഊ	1	0.0004	-0.3979
162	ര	1	0.0004	-0.3979
162	ഹ	1	0.0004	-0.3979
162	ാ	1	0.0004	-0.3979
162	ආ	1	0.0004	-0.3979
162	න	1	0.0004	-0.3979
162	බ	1	0.0004	-0.3979
162	ය	1	0.0004	-0.3979
162	ව	1	0.0004	-0.3979
162	්	1	0.0004	-0.3979
162	ු	1	0.0004	-0.3979
162	ෝ	1	0.0004	-0.3979
162	ᴥ	1	0.0004	-0.3979
162	ḥ	1	0.0004	-0.3979
162	ṁ	1	0.0004	-0.3979
162	ả	1	0.0004	-0.3979
162	ầ	1	0.0004	-0.3979
162	⃕	1	0.0004	-0.3979
162	ⴠ	1	0.0004	-0.3979
162	〬	1	0.0004	-0.3979
162	づ	1	0.0004	-0.3979
162	ぼ	1	0.0004	-0.3979
162	ァ	1	0.0004	-0.3979
162	エ	1	0.0004	-0.3979
162	オ	1	0.0004	-0.3979
162	ゲ	1	0.0004	-0.3979
162	シ	1	0.0004	-0.3979
162	ジ	1	0.0004	-0.3979
162	ッ	1	0.0004	-0.3979
162	ト	1	0.0004	-0.3979
162	パ	1	0.0004	-0.3979
162	ヴ	1	0.0004	-0.3979
162	㐱	1	0.0004	-0.3979
162	㔬	1	0.0004	-0.3979
162	㤊	1	0.0004	-0.3979
162	㰊	1	0.0004	-0.3979
162	㵥	1	0.0004	-0.3979
162	㸭	1	0.0004	-0.3979
162	丸	1	0.0004	-0.3979
162	乱	1	0.0004	-0.3979
162	付	1	0.0004	-0.3979
162	令	1	0.0004	-0.3979
162	作	1	0.0004	-0.3979
162	倉	1	0.0004	-0.3979
162	先	1	0.0004	-0.3979
162	八	1	0.0004	-0.3979
162	出	1	0.0004	-0.3979
162	初	1	0.0004	-0.3979
162	十	1	0.0004	-0.3979
162	千	1	0.0004	-0.3979
162	取	1	0.0004	-0.3979
162	叫	1	0.0004	-0.3979
162	可	1	0.0004	-0.3979
162	号	1	0.0004	-0.3979
162	司	1	0.0004	-0.3979
162	吃	1	0.0004	-0.3979
162	吸	1	0.0004	-0.3979
162	呼	1	0.0004	-0.3979
162	問	1	0.0004	-0.3979
162	囲	1	0.0004	-0.3979
162	夕	1	0.0004	-0.3979
162	夜	1	0.0004	-0.3979
162	大	1	0.0004	-0.3979
162	失	1	0.0004	-0.3979
162	奥	1	0.0004	-0.3979
162	孤	1	0.0004	-0.3979
162	寂	1	0.0004	-0.3979
162	寶	1	0.0004	-0.3979
162	尊	1	0.0004	-0.3979
162	廻	1	0.0004	-0.3979
162	怯	1	0.0004	-0.3979
162	息	1	0.0004	-0.3979
162	悩	1	0.0004	-0.3979
162	意	1	0.0004	-0.3979
162	感	1	0.0004	-0.3979
162	慣	1	0.0004	-0.3979
162	戦	1	0.0004	-0.3979
162	扵	1	0.0004	-0.3979
162	択	1	0.0004	-0.3979
162	挠	1	0.0004	-0.3979
162	捨	1	0.0004	-0.3979
162	探	1	0.0004	-0.3979
162	接	1	0.0004	-0.3979
162	揮	1	0.0004	-0.3979
162	改	1	0.0004	-0.3979
162	敗	1	0.0004	-0.3979
162	整	1	0.0004	-0.3979
162	昣	1	0.0004	-0.3979
162	暮	1	0.0004	-0.3979
162	暴	1	0.0004	-0.3979
162	望	1	0.0004	-0.3979
162	来	1	0.0004	-0.3979
162	柮	1	0.0004	-0.3979
162	栄	1	0.0004	-0.3979
162	楴	1	0.0004	-0.3979
162	機	1	0.0004	-0.3979
162	正	1	0.0004	-0.3979
162	死	1	0.0004	-0.3979
162	汯	1	0.0004	-0.3979
162	汴	1	0.0004	-0.3979
162	浮	1	0.0004	-0.3979
162	渮	1	0.0004	-0.3979
162	灭	1	0.0004	-0.3979
162	煩	1	0.0004	-0.3979
162	牯	1	0.0004	-0.3979
162	独	1	0.0004	-0.3979
162	猠	1	0.0004	-0.3979
162	獥	1	0.0004	-0.3979
162	獶	1	0.0004	-0.3979
162	琮	1	0.0004	-0.3979
162	瑥	1	0.0004	-0.3979
162	留	1	0.0004	-0.3979
162	直	1	0.0004	-0.3979
162	真	1	0.0004	-0.3979
162	眾	1	0.0004	-0.3979
162	穏	1	0.0004	-0.3979
162	穩	1	0.0004	-0.3979
162	籥	1	0.0004	-0.3979
162	粋	1	0.0004	-0.3979
162	系	1	0.0004	-0.3979
162	純	1	0.0004	-0.3979
162	統	1	0.0004	-0.3979
162	繋	1	0.0004	-0.3979
162	肢	1	0.0004	-0.3979
162	肥	1	0.0004	-0.3979
162	能	1	0.0004	-0.3979
162	脛	1	0.0004	-0.3979
162	膨	1	0.0004	-0.3979
162	虚	1	0.0004	-0.3979
162	袩	1	0.0004	-0.3979
162	袬	1	0.0004	-0.3979
162	觩	1	0.0004	-0.3979
162	詰	1	0.0004	-0.3979
162	識	1	0.0004	-0.3979
162	躇	1	0.0004	-0.3979
162	躊	1	0.0004	-0.3979
162	込	1	0.0004	-0.3979
162	追	1	0.0004	-0.3979
162	逃	1	0.0004	-0.3979
162	選	1	0.0004	-0.3979
162	酸	1	0.0004	-0.3979
162	金	1	0.0004	-0.3979
162	隠	1	0.0004	-0.3979
162	集	1	0.0004	-0.3979
162	頭	1	0.0004	-0.3979
162	題	1	0.0004	-0.3979
162	飼	1	0.0004	-0.3979
162	ａ	1	0.0004	-0.3979
162	ｂ	1	0.0004	-0.3979
162	ｃ	1	0.0004	-0.3979
162	ｄ	1	0.0004	-0.3979
162	ｅ	1	0.0004	-0.3979
162	ｆ	1	0.0004	-0.3979
162	ｇ	1	0.0004	-0.3979
162	ｈ	1	0.0004	-0.3979
162	ｉ	1	0.0004	-0.3979
162	ｊ	1	0.0004	-0.3979
162	ｋ	1	0.0004	-0.3979
162	ｌ	1	0.0004	-0.3979
162	ｍ	1	0.0004	-0.3979
162	ｎ	1	0.0004	-0.3979
162	ｏ	1	0.0004	-0.3979
162	ｐ	1	0.0004	-0.3979
162	ｑ	1	0.0004	-0.3979
162	ｒ	1	0.0004	-0.3979
162	ｓ	1	0.0004	-0.3979
162	ｔ	1	0.0004	-0.3979
162	ｕ	1	0.0004	-0.3979
162	ｖ	1	0.0004	-0.3979
162	ｗ	1	0.0004	-0.3979
162	ｘ	1	0.0004	-0.3979
162	ｙ	1	0.0004	-0.3979
162	ｚ	1	0.0004	-0.3979
