Rank	Character	Frequency	Frequency per million	Zipf value
1	α	319629208	104002.5876	8.017
2	ε	247964034	80683.8065	7.9068
3	τ	218994230	71257.4634	7.8528
4	ο	216029084	70292.649	7.8469
5	ι	215539585	70133.3733	7.8459
6	ν	193557906	62980.8621	7.7992
7	σ	131256206	42708.8161	7.6305
8	ρ	121051776	39388.4464	7.5954
9	π	120613919	39245.9743	7.5938
10	μ	119287046	38814.2296	7.589
11	κ	100557776	32720.0038	7.5148
12	υ	96739487	31477.5894	7.498
13	λ	87076369	28333.3546	7.4523
14	ς	85390229	27784.7098	7.4438
15	ί	83187011	27067.8154	7.4325
16	ά	83078092	27032.3748	7.4319
17	έ	70445034	22921.7657	7.3602
18	ό	67301936	21899.0484	7.3404
19	η	66872309	21759.2542	7.3376
20	γ	51896001	16886.1864	7.2275
21	δ	50053024	16286.5091	7.2118
22	ω	44210044	14385.2904	7.1579
23	χ	38769895	12615.1469	7.1009
24	θ	38697418	12591.5639	7.1001
25	ή	33954489	11048.2854	7.0433
26	ύ	29812158	9700.4326	6.9868
27	ώ	25108540	8169.9453	6.9122
28	φ	24510855	7975.4675	6.9018
29	β	19722047	6417.2606	6.8073
30	ξ	17296224	5627.9339	6.7503
31	ζ	15004080	4882.1043	6.6886
32	ψ	4833783	1572.8411	6.1967
33	o	4121108	1340.9472	6.1274
34	e	3210183	1044.5458	6.0189
35	a	3145899	1023.6287	6.0101
36	i	2104606	684.8075	5.8356
37	t	2026235	659.3067	5.8191
38	n	2013189	655.0617	5.8163
39	r	1930322	628.0981	5.798
40	s	1913973	622.7783	5.7943
41	v	1906803	620.4453	5.7927
42	l	1504926	489.6805	5.6899
43	m	1281276	416.9081	5.62
44	d	1057085	343.9597	5.5365
45	h	1042338	339.1613	5.5304
46	c	951865	309.7227	5.491
47	u	819162	266.5431	5.4258
48	b	737811	240.0727	5.3803
49	k	730075	237.5555	5.3758
50	g	729225	237.279	5.3753
51	y	707168	230.1019	5.3619
52	p	663693	215.9558	5.3344
53	ϊ	573953	186.7558	5.2713
54	f	461491	150.1623	5.1766
55	w	367704	119.6454	5.0779
56	j	227933	74.166	4.8702
57	x	187157	60.8981	4.7846
58	z	161712	52.6187	4.7211
59	ΐ	73337	23.8628	4.3777
60	ϋ	53523	17.4156	4.2409
61	q	37351	12.1535	4.0847
62	ı	11303	3.6778	3.5656
63	í	8110	2.6389	3.4214
64	ΰ	7307	2.3776	3.3761
65	ó	6349	2.0659	3.3151
66	ʼ	5144	1.6738	3.2237
67	ï	4298	1.3985	3.1457
68	á	3622	1.1785	3.0713
69	т	3401	1.1066	3.044
70	é	3317	1.0793	3.0331
71	ô	2665	0.8672	2.9381
72	å	2594	0.844	2.9263
73	ü	1902	0.6189	2.7916
74	ͺ	1702	0.5538	2.7434
75	ñ	1687	0.5489	2.7395
76	́	1535	0.4995	2.6985
77	ì	1433	0.4663	2.6687
78	ð	1418	0.4614	2.6641
79	ὶ	1350	0.4393	2.6428
80	ὰ	1330	0.4328	2.6363
81	µ	1292	0.4204	2.6237
82	ἀ	1227	0.3992	2.6012
83	õ	1162	0.3781	2.5776
84	ý	1120	0.3644	2.5616
85	ê	1119	0.3641	2.5612
86	ὸ	1097	0.3569	2.5525
87	ë	1064	0.3462	2.5393
88	ã	908	0.2954	2.4704
89	ὲ	907	0.2951	2.47
90	ò	893	0.2906	2.4633
91	ß	874	0.2844	2.4539
92	ä	837	0.2723	2.435
93	ç	777	0.2528	2.4028
94	ʹ	770	0.2505	2.3988
95	â	708	0.2304	2.3625
96	ὴ	679	0.2209	2.3442
97	ϛ	673	0.219	2.3404
98	þ	658	0.2141	2.3306
99	ὁ	651	0.2118	2.3259
100	è	604	0.1965	2.2934
101	ⁿ	574	0.1868	2.2714
102	ὺ	551	0.1793	2.2536
103	ö	550	0.179	2.2529
104	ἱ	510	0.1659	2.2198
105	ῖ	500	0.1627	2.2114
106	ὐ	491	0.1598	2.2036
107	ù	471	0.1533	2.1855
108	î	433	0.1409	2.1489
109	ἐ	386	0.1256	2.099
110	ὡ	381	0.124	2.0934
111	ú	311	0.1012	2.0052
111	ὼ	311	0.1012	2.0052
112	ἰ	274	0.0892	1.9504
113	ῦ	216	0.0703	1.847
114	à	199	0.0648	1.8116
115	ἑ	198	0.0644	1.8089
116	š	185	0.0602	1.7796
117	ί	177	0.0576	1.7604
118	æ	171	0.0556	1.7451
119	ῶ	166	0.054	1.7324
120	ž	140	0.0456	1.659
121	ø	131	0.0426	1.6294
122	ά	126	0.041	1.6128
123	ἡ	113	0.0368	1.5658
124	ƒ	92	0.0299	1.4757
125	έ	87	0.0283	1.4518
126	ª	85	0.0277	1.4425
127	い	84	0.0273	1.4362
128	ｇ	81	0.0264	1.4216
128	ｏ	81	0.0264	1.4216
129	̃	80	0.026	1.415
130	て	75	0.0244	1.3874
131	ύ	74	0.0241	1.382
132	º	72	0.0234	1.3692
132	ό	72	0.0234	1.3692
132	ῆ	72	0.0234	1.3692
133	ἔ	68	0.0221	1.3444
134	ἕ	67	0.0218	1.3385
135	ὅ	66	0.0215	1.3324
136	ῳ	62	0.0202	1.3054
137	た	60	0.0195	1.29
138	ὑ	58	0.0189	1.2765
139	の	55	0.0179	1.2529
140	ἄ	51	0.0166	1.2201
141	㨰	50	0.0163	1.2122
142	し	48	0.0156	1.1931
142	な	48	0.0156	1.1931
143	ᾶ	46	0.015	1.1761
144	ῃ	45	0.0146	1.1644
144	か	45	0.0146	1.1644
144	っ	45	0.0146	1.1644
145	ῷ	44	0.0143	1.1553
146	ἶ	42	0.0137	1.1367
146	ῇ	42	0.0137	1.1367
147	㤹	41	0.0133	1.1239
147	晦	41	0.0133	1.1239
148	ł	39	0.0127	1.1038
148	に	39	0.0127	1.1038
149	ź	37	0.012	1.0792
150	湯	36	0.0117	1.0682
151	̨	32	0.0104	1.017
152	く	30	0.0098	0.9912
152	る	30	0.0098	0.9912
153	だ	27	0.0088	0.9445
153	ま	27	0.0088	0.9445
154	ώ	25	0.0081	0.9085
154	睷	25	0.0081	0.9085
155	り	24	0.0078	0.8921
155	を	24	0.0078	0.8921
156	ή	23	0.0075	0.8751
157	是	22	0.0072	0.8573
158	ť	21	0.0068	0.8325
158	え	21	0.0068	0.8325
158	は	21	0.0068	0.8325
158	よ	21	0.0068	0.8325
158	ら	21	0.0068	0.8325
158	ん	21	0.0068	0.8325
159	ὄ	19	0.0062	0.7924
159	人	19	0.0062	0.7924
160	ὀ	18	0.0059	0.7709
160	ῥ	18	0.0059	0.7709
160	う	18	0.0059	0.7709
160	も	18	0.0059	0.7709
160	空	18	0.0059	0.7709
161	㹴	17	0.0055	0.7404
161	潣	17	0.0055	0.7404
161	潦	17	0.0055	0.7404
161	瑮	17	0.0055	0.7404
162	č	16	0.0052	0.716
162	ⰰ	16	0.0052	0.716
162	ⰲ	16	0.0052	0.716
162	ⴭ	16	0.0052	0.716
162	〵	16	0.0052	0.716
162	ㄽ	16	0.0052	0.716
162	㱴	16	0.0052	0.716
162	㵲	16	0.0052	0.716
162	㸴	16	0.0052	0.716
162	敬	16	0.0052	0.716
162	敮	16	0.0052	0.716
162	敺	16	0.0052	0.716
162	昼	16	0.0052	0.716
162	楳	16	0.0052	0.716
162	潬	16	0.0052	0.716
162	瑢	16	0.0052	0.716
162	瑩	16	0.0052	0.716
162	畳	16	0.0052	0.716
162	癴	16	0.0052	0.716
163	き	15	0.0049	0.6902
163	す	15	0.0049	0.6902
163	つ	15	0.0049	0.6902
163	や	15	0.0049	0.6902
163	生	15	0.0049	0.6902
164	ᾳ	14	0.0046	0.6628
165	ἠ	12	0.0039	0.5911
165	ず	12	0.0039	0.5911
165	で	12	0.0039	0.5911
165	ょ	12	0.0039	0.5911
165	出	12	0.0039	0.5911
165	無	12	0.0039	0.5911
166	ě	11	0.0036	0.5563
166	ἤ	11	0.0036	0.5563
166	ἴ	11	0.0036	0.5563
166	ῲ	11	0.0036	0.5563
167	ἁ	10	0.0033	0.5185
168	œ	9	0.0029	0.4624
168	а	9	0.0029	0.4624
168	ഊ	9	0.0029	0.4624
168	ര	9	0.0029	0.4624
168	ഹ	9	0.0029	0.4624
168	ἦ	9	0.0029	0.4624
168	ⴠ	9	0.0029	0.4624
168	〬	9	0.0029	0.4624
168	あ	9	0.0029	0.4624
168	こ	9	0.0029	0.4624
168	じ	9	0.0029	0.4624
168	ね	9	0.0029	0.4624
168	み	9	0.0029	0.4624
168	ゃ	9	0.0029	0.4624
168	れ	9	0.0029	0.4624
168	㐱	9	0.0029	0.4624
168	㔬	9	0.0029	0.4624
168	㤊	9	0.0029	0.4624
168	㰊	9	0.0029	0.4624
168	㵥	9	0.0029	0.4624
168	㸭	9	0.0029	0.4624
168	扵	9	0.0029	0.4624
168	挠	9	0.0029	0.4624
168	昣	9	0.0029	0.4624
168	楴	9	0.0029	0.4624
168	汯	9	0.0029	0.4624
168	汴	9	0.0029	0.4624
168	牯	9	0.0029	0.4624
168	猠	9	0.0029	0.4624
168	獥	9	0.0029	0.4624
168	眾	9	0.0029	0.4624
168	穩	9	0.0029	0.4624
168	見	9	0.0029	0.4624
168	長	9	0.0029	0.4624
169	đ	8	0.0026	0.415
169	ാ	8	0.0026	0.415
169	ὕ	8	0.0026	0.415
169	ὠ	8	0.0026	0.415
169	渮	8	0.0026	0.415
169	獶	8	0.0026	0.415
169	琮	8	0.0026	0.415
169	瑥	8	0.0026	0.415
170	û	7	0.0023	0.3617
170	ń	7	0.0023	0.3617
170	ś	7	0.0023	0.3617
170	ὗ	7	0.0023	0.3617
170	了	7	0.0023	0.3617
170	白	7	0.0023	0.3617
171	ğ	6	0.002	0.301
171	ʻ	6	0.002	0.301
171	ἵ	6	0.002	0.301
171	が	6	0.002	0.301
171	け	6	0.002	0.301
171	せ	6	0.002	0.301
171	づ	6	0.002	0.301
171	と	6	0.002	0.301
171	び	6	0.002	0.301
171	め	6	0.002	0.301
171	わ	6	0.002	0.301
171	ト	6	0.002	0.301
171	ー	6	0.002	0.301
171	二	6	0.002	0.301
171	待	6	0.002	0.301
171	感	6	0.002	0.301
171	日	6	0.002	0.301
171	束	6	0.002	0.301
171	直	6	0.002	0.301
171	約	6	0.002	0.301
171	色	6	0.002	0.301
171	茜	6	0.002	0.301
171	負	6	0.002	0.301
171	顔	6	0.002	0.301
172	ă	5	0.0016	0.2041
172	ň	5	0.0016	0.2041
172	ş	5	0.0016	0.2041
172	̇	5	0.0016	0.2041
172	е	5	0.0016	0.2041
172	і	5	0.0016	0.2041
172	ἅ	5	0.0016	0.2041
172	ὥ	5	0.0016	0.2041
172	道	5	0.0016	0.2041
172	ﬁ	5	0.0016	0.2041
173	ą	4	0.0013	0.1139
173	м	4	0.0013	0.1139
173	н	4	0.0013	0.1139
173	о	4	0.0013	0.1139
173	с	4	0.0013	0.1139
173	ἷ	4	0.0013	0.1139
173	ῴ	4	0.0013	0.1139
173	全	4	0.0013	0.1139
173	想	4	0.0013	0.1139
174	ő	3	0.001	0.0
174	̓	3	0.001	0.0
174	и	3	0.001	0.0
174	к	3	0.001	0.0
174	ч	3	0.001	0.0
174	ठ	3	0.001	0.0
174	র	3	0.001	0.0
174	മ	3	0.001	0.0
174	ἳ	3	0.001	0.0
174	ὃ	3	0.001	0.0
174	ὤ	3	0.001	0.0
174	さ	3	0.001	0.0
174	ち	3	0.001	0.0
174	ぬ	3	0.001	0.0
174	ふ	3	0.001	0.0
174	ぶ	3	0.001	0.0
174	む	3	0.001	0.0
174	コ	3	0.001	0.0
174	テ	3	0.001	0.0
174	ノ	3	0.001	0.0
174	ブ	3	0.001	0.0
174	ル	3	0.001	0.0
174	上	3	0.001	0.0
174	不	3	0.001	0.0
174	中	3	0.001	0.0
174	伸	3	0.001	0.0
174	何	3	0.001	0.0
174	供	3	0.001	0.0
174	優	3	0.001	0.0
174	再	3	0.001	0.0
174	初	3	0.001	0.0
174	包	3	0.001	0.0
174	口	3	0.001	0.0
174	叫	3	0.001	0.0
174	叶	3	0.001	0.0
174	吐	3	0.001	0.0
174	君	3	0.001	0.0
174	場	3	0.001	0.0
174	夏	3	0.001	0.0
174	夜	3	0.001	0.0
174	夢	3	0.001	0.0
174	契	3	0.001	0.0
174	実	3	0.001	0.0
174	寄	3	0.001	0.0
174	帰	3	0.001	0.0
174	強	3	0.001	0.0
174	影	3	0.001	0.0
174	後	3	0.001	0.0
174	思	3	0.001	0.0
174	悲	3	0.001	0.0
174	情	3	0.001	0.0
174	懐	3	0.001	0.0
174	戻	3	0.001	0.0
174	所	3	0.001	0.0
174	抱	3	0.001	0.0
174	探	3	0.001	0.0
174	提	3	0.001	0.0
174	曲	3	0.001	0.0
174	最	3	0.001	0.0
174	朝	3	0.001	0.0
174	来	3	0.001	0.0
174	果	3	0.001	0.0
174	欺	3	0.001	0.0
174	歓	3	0.001	0.0
174	歩	3	0.001	0.0
174	残	3	0.001	0.0
174	毒	3	0.001	0.0
174	気	3	0.001	0.0
174	消	3	0.001	0.0
174	涙	3	0.001	0.0
174	添	3	0.001	0.0
174	燉	3	0.001	0.0
174	牲	3	0.001	0.0
174	犠	3	0.001	0.0
174	現	3	0.001	0.0
174	理	3	0.001	0.0
174	痛	3	0.001	0.0
174	知	3	0.001	0.0
174	笑	3	0.001	0.0
174	素	3	0.001	0.0
174	細	3	0.001	0.0
174	続	3	0.001	0.0
174	綴	3	0.001	0.0
174	罪	3	0.001	0.0
174	聞	3	0.001	0.0
174	肉	3	0.001	0.0
174	背	3	0.001	0.0
174	苦	3	0.001	0.0
174	裏	3	0.001	0.0
174	覚	3	0.001	0.0
174	訳	3	0.001	0.0
174	誰	3	0.001	0.0
174	謝	3	0.001	0.0
174	路	3	0.001	0.0
174	迎	3	0.001	0.0
174	迷	3	0.001	0.0
174	追	3	0.001	0.0
174	逃	3	0.001	0.0
174	選	3	0.001	0.0
174	部	3	0.001	0.0
174	難	3	0.001	0.0
174	震	3	0.001	0.0
174	頃	3	0.001	0.0
174	風	3	0.001	0.0
175	ů	2	0.0007	-0.1549
175	ʖ	2	0.0007	-0.1549
175	͡	2	0.0007	-0.1549
175	я	2	0.0007	-0.1549
175	জ	2	0.0007	-0.1549
175	য	2	0.0007	-0.1549
175	স	2	0.0007	-0.1549
175	া	2	0.0007	-0.1549
175	ἢ	2	0.0007	-0.1549
175	ὓ	2	0.0007	-0.1549
175	ὦ	2	0.0007	-0.1549
175	ᾧ	2	0.0007	-0.1549
175	ᾷ	2	0.0007	-0.1549
175	到	2	0.0007	-0.1549
175	吗	2	0.0007	-0.1549
175	听	2	0.0007	-0.1549
175	墜	2	0.0007	-0.1549
175	我	2	0.0007	-0.1549
175	有	2	0.0007	-0.1549
175	火	2	0.0007	-0.1549
175	的	2	0.0007	-0.1549
175	能	2	0.0007	-0.1549
175	蒼	2	0.0007	-0.1549
175	鬼	2	0.0007	-0.1549
175	ﬂ	2	0.0007	-0.1549
176	ć	1	0.0003	-0.5229
176	ę	1	0.0003	-0.5229
176	ŕ	1	0.0003	-0.5229
176	ř	1	0.0003	-0.5229
176	ū	1	0.0003	-0.5229
176	ż	1	0.0003	-0.5229
176	ư	1	0.0003	-0.5229
176	ʚ	1	0.0003	-0.5229
176	̈	1	0.0003	-0.5229
176	в	1	0.0003	-0.5229
176	г	1	0.0003	-0.5229
176	з	1	0.0003	-0.5229
176	й	1	0.0003	-0.5229
176	л	1	0.0003	-0.5229
176	п	1	0.0003	-0.5229
176	р	1	0.0003	-0.5229
176	ь	1	0.0003	-0.5229
176	ю	1	0.0003	-0.5229
176	ঘ	1	0.0003	-0.5229
176	ত	1	0.0003	-0.5229
176	ল	1	0.0003	-0.5229
176	়	1	0.0003	-0.5229
176	ি	1	0.0003	-0.5229
176	ে	1	0.0003	-0.5229
176	্	1	0.0003	-0.5229
176	ৎ	1	0.0003	-0.5229
176	ഡ	1	0.0003	-0.5229
176	ഩ	1	0.0003	-0.5229
176	഻	1	0.0003	-0.5229
176	ി	1	0.0003	-0.5229
176	ợ	1	0.0003	-0.5229
176	ἂ	1	0.0003	-0.5229
176	ἓ	1	0.0003	-0.5229
176	ἥ	1	0.0003	-0.5229
176	ὔ	1	0.0003	-0.5229
176	ὢ	1	0.0003	-0.5229
176	ὧ	1	0.0003	-0.5229
176	ᾅ	1	0.0003	-0.5229
176	ῤ	1	0.0003	-0.5229
176	ゝ	1	0.0003	-0.5229
176	ヽ	1	0.0003	-0.5229
176	㱭	1	0.0003	-0.5229
176	个	1	0.0003	-0.5229
176	丹	1	0.0003	-0.5229
176	也	1	0.0003	-0.5229
176	们	1	0.0003	-0.5229
176	伍	1	0.0003	-0.5229
176	兴	1	0.0003	-0.5229
176	典	1	0.0003	-0.5229
176	内	1	0.0003	-0.5229
176	刀	1	0.0003	-0.5229
176	参	1	0.0003	-0.5229
176	唇	1	0.0003	-0.5229
176	地	1	0.0003	-0.5229
176	大	1	0.0003	-0.5229
176	奇	1	0.0003	-0.5229
176	完	1	0.0003	-0.5229
176	宝	1	0.0003	-0.5229
176	容	1	0.0003	-0.5229
176	对	1	0.0003	-0.5229
176	尔	1	0.0003	-0.5229
176	就	1	0.0003	-0.5229
176	局	1	0.0003	-0.5229
176	序	1	0.0003	-0.5229
176	扫	1	0.0003	-0.5229
176	换	1	0.0003	-0.5229
176	捲	1	0.0003	-0.5229
176	方	1	0.0003	-0.5229
176	没	1	0.0003	-0.5229
176	爱	1	0.0003	-0.5229
176	献	1	0.0003	-0.5229
176	用	1	0.0003	-0.5229
176	畯	1	0.0003	-0.5229
176	盾	1	0.0003	-0.5229
176	睛	1	0.0003	-0.5229
176	神	1	0.0003	-0.5229
176	程	1	0.0003	-0.5229
176	穰	1	0.0003	-0.5229
176	舞	1	0.0003	-0.5229
176	覃	1	0.0003	-0.5229
176	话	1	0.0003	-0.5229
176	读	1	0.0003	-0.5229
176	费	1	0.0003	-0.5229
176	过	1	0.0003	-0.5229
176	还	1	0.0003	-0.5229
176	这	1	0.0003	-0.5229
176	队	1	0.0003	-0.5229
176	音	1	0.0003	-0.5229
176	频	1	0.0003	-0.5229
