Rank	Bigram	Frequency	Frequency per million	Zipf value
1	े$	117582	32749.1615	7.5152
2	^क	114748	31959.8305	7.5046
3	ा$	106183	29574.2904	7.4709
4	^ह	97835	27249.1896	7.4354
5	ं$	84690	23588.0193	7.3727
6	^म	67713	18859.5531	7.2755
7	ी$	58405	16267.0713	7.2113
8	है	55549	15471.6128	7.1895
9	र$	51921	14461.1353	7.1602
10	^स	48341	13464.0269	7.1292
11	ै$	41411	11533.8702	7.062
12	ैं	33887	9438.2715	6.9749
13	ो$	32989	9188.1588	6.9632
14	^प	32733	9116.8572	6.9598
15	^ब	30692	8548.394	6.9319
16	या	30196	8410.2472	6.9248
17	^ल	27711	7718.1202	6.8875
18	^न	27160	7564.6547	6.8788
19	^ज	26561	7397.8201	6.8691
20	के	25828	7193.6635	6.857
21	^त	25636	7140.1873	6.8537
22	क$	25584	7125.7042	6.8528
23	^आ	25210	7021.537	6.8464
24	ें	24982	6958.034	6.8425
25	ही	23418	6522.4257	6.8144
26	मे	23304	6490.6743	6.8123
27	^अ	23002	6406.5606	6.8066
28	ह$	22508	6268.9708	6.7972
29	ने	22136	6165.3607	6.79
30	ार	22041	6138.9011	6.7881
31	कर	22028	6135.2803	6.7878
32	म$	21908	6101.8577	6.7855
33	न$	21888	6096.2872	6.7851
34	^र	21646	6028.8849	6.7802
35	^व	21542	5999.9187	6.7781
36	हा	21360	5949.2277	6.7745
37	^द	20768	5784.3427	6.7623
38	ता	20573	5730.031	6.7582
39	मै	20372	5674.0481	6.7539
40	से	19859	5531.1663	6.7428
41	्य	19405	5404.7174	6.7328
42	^य	19197	5346.7848	6.7281
43	कि	18553	5167.4167	6.7133
44	ीं	18118	5046.2597	6.703
45	क्	17539	4884.9955	6.6889
46	नह	17282	4813.4154	6.6825
47	त$	17048	4748.2413	6.6765
48	ना	15778	4394.5185	6.6429
49	रह	15315	4265.5628	6.63
50	ए$	15158	4221.8349	6.6255
51	^ए	15122	4211.8081	6.6245
52	ान	14929	4158.0534	6.6189
53	हो	14742	4105.9698	6.6134
54	जा	14605	4067.8123	6.6094
55	का	14599	4066.1412	6.6092
56	रे	14438	4021.2991	6.6044
57	स$	14381	4005.4234	6.6026
58	तु	14309	3985.3698	6.6005
59	ुम	14179	3949.162	6.5965
60	ँ$	14100	3927.1587	6.5941
61	प$	14021	3905.1555	6.5916
62	आप	14014	3903.2058	6.5914
63	^च	13828	3851.4008	6.5856
64	लि	13725	3822.713	6.5824
65	यह	13647	3800.9883	6.5799
66	एक	13387	3728.5726	6.5715
67	^उ	13386	3728.2941	6.5715
68	को	13073	3641.1167	6.5612
69	िए	12923	3599.3385	6.5562
70	ल$	12472	3473.7251	6.5408
71	ि$	12072	3362.3163	6.5266
72	की	12045	3354.7962	6.5257
73	्र	11719	3263.9981	6.5137
74	ों	11603	3231.6896	6.5094
75	ते	11571	3222.7769	6.5082
76	वा	11567	3221.6628	6.5081
77	रा	11400	3175.1496	6.5018
78	िय	11307	3149.2471	6.4982
79	मा	11236	3129.472	6.4955
80	हम	10956	3051.4859	6.4845
81	र्	10779	3002.1875	6.4774
82	^ग	10542	2936.1778	6.4678
83	ले	10393	2894.6781	6.4616
84	हे	10272	2860.9769	6.4565
85	और	10059	2801.6517	6.4474
86	^भ	10056	2800.8162	6.4473
87	^इ	10055	2800.5377	6.4472
88	^औ	10031	2793.8531	6.4462
89	सा	9645	2686.3437	6.4292
90	बा	9554	2660.9982	6.425
91	स्	9373	2610.5857	6.4167
92	ाँ	9332	2599.1663	6.4148
93	^थ	9074	2527.3077	6.4027
94	मु	9056	2522.2943	6.4018
95	सक	8853	2465.7543	6.3919
96	री	8824	2457.6772	6.3905
97	भी	8625	2402.2513	6.3806
98	ला	8547	2380.5266	6.3767
99	ाह	8493	2365.4865	6.3739
100	पर	8480	2361.8657	6.3733
101	ब$	8468	2358.5234	6.3726
102	वह	8081	2250.7354	6.3523
103	दे	8041	2239.5946	6.3502
104	चा	7993	2226.2255	6.3476
105	ेर	7824	2179.1553	6.3383
106	ड़	7742	2156.3165	6.3337
107	गा	7600	2116.7664	6.3257
108	द$	7598	2116.2094	6.3256
109	ुझ	7486	2085.0149	6.3191
110	्त	7164	1995.3309	6.3
111	ात	7146	1990.3175	6.2989
112	पन	7116	1981.9618	6.2971
113	इस	7112	1980.8477	6.2969
114	उस	7052	1964.1364	6.2932
115	्ह	6989	1946.5895	6.2893
116	ाल	6930	1930.1567	6.2856
117	झे	6920	1927.3715	6.285
118	^श	6700	1866.0967	6.2709
119	^ख	6677	1859.6907	6.2694
120	अप	6676	1859.4122	6.2694
121	था	6640	1849.3854	6.267
122	िल	6604	1839.3586	6.2647
123	रन	6494	1808.7212	6.2574
124	प्	6467	1801.2011	6.2556
125	हू	6412	1785.8824	6.2519
126	म्	6397	1781.7046	6.2508
127	नी	5750	1601.5009	6.2045
128	ूँ	5717	1592.3097	6.202
129	िन	5691	1585.0681	6.2
130	ई$	5644	1571.9776	6.1964
131	कत	5637	1570.0279	6.1959
132	रत	5626	1566.9642	6.1951
133	य$	5546	1544.6824	6.1888
134	िक	5508	1534.0986	6.1859
135	ोग	5463	1521.5651	6.1823
136	रो	5297	1475.3305	6.1689
137	कह	5272	1468.3674	6.1668
138	ंग	5258	1464.4681	6.1657
139	लो	5219	1453.6058	6.1624
140	दि	5191	1445.8072	6.1601
141	ट$	5134	1429.9314	6.1553
142	ित	5105	1421.8543	6.1529
143	यो	5101	1420.7402	6.1525
144	मि	5028	1400.4081	6.1463
145	कु	4858	1353.0594	6.1313
146	ाद	4839	1347.7675	6.1296
147	हत	4819	1342.197	6.1278
148	न्	4771	1328.828	6.1235
149	िर	4755	1324.3716	6.122
150	त्	4691	1306.5462	6.1161
151	पा	4671	1300.9758	6.1143
152	हु	4635	1290.949	6.1109
153	ंद	4559	1269.7813	6.1037
154	ां	4527	1260.8686	6.1007
155	ास	4525	1260.3116	6.1005
156	ीक	4494	1251.6774	6.0975
157	तो	4472	1245.5499	6.0954
158	ाम	4417	1230.2312	6.09
159	तर	4402	1226.0534	6.0885
160	^फ	4367	1216.3051	6.085
161	ग$	4333	1206.8354	6.0816
162	सम	4331	1206.2783	6.0814
163	ाय	4313	1201.2649	6.0796
164	्ट	4225	1176.755	6.0707
165	रि	4223	1176.198	6.0705
166	ूर	4160	1158.6511	6.064
167	िस	4111	1145.0035	6.0588
168	नि	4108	1144.1679	6.0585
169	ेक	4052	1128.5707	6.0525
170	ेख	4021	1119.9365	6.0492
171	वि	3997	1113.252	6.0466
172	छ$	3971	1106.0104	6.0438
173	ओ$	3958	1102.3897	6.0423
174	ाओ	3897	1085.3998	6.0356
175	शा	3872	1078.4368	6.0328
176	रू	3866	1076.7656	6.0321
177	गय	3858	1074.5375	6.0312
178	चल	3831	1067.0174	6.0282
179	लग	3828	1066.1818	6.0278
180	ुछ	3816	1062.8396	6.0265
181	ाथ	3810	1061.1684	6.0258
182	थ$	3795	1056.9906	6.0241
183	सी	3788	1055.0409	6.0233
184	च्	3767	1049.192	6.0209
185	्व	3763	1048.0779	6.0204
186	वे	3730	1038.8867	6.0166
187	ुर	3646	1015.4908	6.0067
188	हर	3639	1013.5412	6.0058
189	^ड	3607	1004.6285	6.002
190	^ठ	3602	1003.2359	6.0014
191	ती	3587	999.058	5.9996
192	पत	3573	995.1587	5.9979
193	ठी	3498	974.2696	5.9887
194	उन	3443	958.9509	5.9818
195	ति	3386	943.0751	5.9745
196	गे	3378	940.847	5.9735
197	दा	3370	938.6188	5.9725
198	्म	3244	903.525	5.9559
199	हि	3239	902.1324	5.9553
200	ैस	3196	890.156	5.9495
201	ली	3164	881.2433	5.9451
202	्ष	3153	878.1795	5.9436
203	दो	3144	875.6728	5.9423
204	खा	3110	866.2031	5.9376
205	पक	3086	859.5186	5.9343
206	ोन	2978	829.4382	5.9188
207	मी	2969	826.9315	5.9175
208	़$	2964	825.5389	5.9167
209	ाप	2961	824.7033	5.9163
210	e$	2960	824.4248	5.9162
211	सु	2957	823.5892	5.9157
212	ल्	2946	820.5255	5.9141
213	बह	2942	819.4114	5.9135
214	श्	2924	814.398	5.9108
215	बे	2902	808.2705	5.9076
216	सं	2856	795.4585	5.9006
217	भा	2825	786.8244	5.8959
218	^छ	2771	771.7842	5.8875
219	सब	2768	770.9486	5.887
220	जी	2758	768.1634	5.8855
221	ुत	2695	750.6165	5.8754
222	गत	2677	745.6031	5.8725
223	्क	2662	741.4253	5.8701
224	सि	2660	740.8682	5.8697
225	पह	2618	729.1703	5.8628
226	ाज	2597	723.3214	5.8593
227	च$	2594	722.4858	5.8588
228	्छ	2580	718.5865	5.8565
229	व$	2570	715.8013	5.8548
230	ंत	2539	707.1671	5.8495
231	ोई	2534	705.7745	5.8487
232	ज$	2525	703.2678	5.8471
233	अच	2485	692.1269	5.8402
234	िश	2482	691.2913	5.8397
235	अब	2476	689.6202	5.8386
236	श$	2473	688.7846	5.8381
237	ण$	2463	685.9994	5.8363
237	ाए	2463	685.9994	5.8363
238	मत	2459	684.8853	5.8356
239	^ट	2450	682.3786	5.834
240	खो	2400	668.4525	5.8251
241	ुक	2387	664.8318	5.8227
242	^घ	2378	662.3251	5.8211
243	ेश	2361	657.5902	5.818
244	ुन	2341	652.0198	5.8143
245	ये	2334	650.0701	5.813
246	जो	2313	644.2211	5.809
247	दी	2312	643.9426	5.8088
248	गर	2309	643.1071	5.8083
249	आ$	2299	640.3218	5.8064
250	्स	2258	628.9024	5.7986
251	ोड	2223	619.1542	5.7918
252	्ल	2209	615.2549	5.7891
253	^ध	2198	612.1911	5.7869
254	मन	2193	610.7985	5.7859
255	ंक	2181	607.4563	5.7835
256	कै	2172	604.9496	5.7817
257	़ा	2168	603.8355	5.7809
258	ेल	2167	603.5569	5.7807
259	पस	2161	601.8858	5.7795
260	छा	2129	592.9731	5.773
261	बस	2115	589.0738	5.7702
262	दू	2100	584.896	5.7671
263	ंन	2099	584.6175	5.7669
264	ेन	2090	582.1108	5.765
265	ीन	2085	580.7182	5.764
266	सर	2077	578.49	5.7623
267	गी	2066	575.4262	5.76
268	मह	2056	572.641	5.7579
269	द्	2040	568.1847	5.7545
269	फ$	2040	568.1847	5.7545
270	पि	2022	563.1713	5.7506
271	दर	2021	562.8928	5.7504
272	a$	2012	560.3861	5.7485
273	्च	1994	555.3727	5.7446
274	लत	1990	554.2586	5.7437
275	ाई	1971	548.9667	5.7395
276	पू	1964	547.017	5.738
277	जब	1952	543.6747	5.7353
278	नत	1934	538.6613	5.7313
279	चे	1931	537.8258	5.7306
280	रक	1904	530.3057	5.7245
281	ुल	1888	525.8493	5.7209
282	s$	1883	524.4567	5.7197
283	ाव	1875	522.2286	5.7179
284	ाक	1870	520.8359	5.7167
285	ड$	1859	517.7722	5.7141
286	ाइ	1850	515.2655	5.712
287	हल	1832	510.2521	5.7078
288	गो	1825	508.3025	5.7061
289	ाग	1821	507.1884	5.7052
290	^ओ	1818	506.3528	5.7045
291	हन	1814	505.2387	5.7035
292	दम	1809	503.8461	5.7023
293	छो	1800	501.3394	5.7001
294	िं	1797	500.5038	5.6994
294	ूं	1797	500.5038	5.6994
295	ेट	1787	497.7186	5.697
296	^k	1779	495.4905	5.695
297	फि	1766	491.8697	5.6919
298	कम	1759	489.92	5.6901
298	नो	1759	489.92	5.6901
299	टी	1754	488.5274	5.6889
300	आद	1737	483.7925	5.6847
301	ू$	1724	480.1717	5.6814
302	बं	1720	479.0577	5.6804
303	तन	1719	478.7791	5.6801
304	अग	1715	477.6651	5.6791
304	रु	1715	477.6651	5.6791
305	गल	1704	474.6013	5.6763
306	ज़	1695	472.0946	5.674
307	तक	1685	469.3094	5.6715
308	पु	1674	466.2457	5.6686
309	बन	1668	464.5745	5.6671
310	^s	1657	461.5108	5.6642
311	बत	1655	460.9537	5.6637
312	एग	1646	458.447	5.6613
313	सो	1644	457.89	5.6608
314	ट्	1643	457.6115	5.6605
315	ख$	1641	457.0544	5.66
316	नक	1622	451.7625	5.6549
317	जन	1618	450.6484	5.6538
318	^m	1617	450.3699	5.6536
319	ोल	1602	446.1921	5.6495
320	्द	1601	445.9136	5.6493
321	बच	1591	443.1283	5.6465
322	पी	1590	442.8498	5.6463
323	बि	1587	442.0142	5.6454
324	टा	1572	437.8364	5.6413
325	मर	1571	437.5579	5.641
326	er	1569	437.0009	5.6405
327	जि	1563	435.3297	5.6388
328	लड	1558	433.9371	5.6374
329	^h	1551	431.9875	5.6355
330	ंड	1548	431.1519	5.6346
331	ोर	1545	430.3163	5.6338
332	ेव	1537	428.0882	5.6315
333	ंट	1523	424.1888	5.6276
334	चि	1515	421.9607	5.6253
335	थे	1499	417.5043	5.6207
336	अभ	1497	416.9473	5.6201
337	रण	1485	413.605	5.6166
338	जर	1476	411.0983	5.6139
339	धि	1459	406.3634	5.6089
340	ंस	1457	405.8064	5.6083
341	ष्	1456	405.5279	5.608
342	वर	1453	404.6923	5.6071
343	टे	1436	399.9574	5.602
344	अर	1430	398.2863	5.6002
344	शि	1430	398.2863	5.6002
345	अं	1429	398.0078	5.5999
346	दु	1425	396.8937	5.5987
347	रख	1424	396.6152	5.5984
348	मय	1405	391.3233	5.5925
349	ाफ	1400	389.9307	5.591
350	कभ	1396	388.8166	5.5897
350	़क	1396	388.8166	5.5897
351	लन	1393	387.981	5.5888
352	ोट	1383	385.1958	5.5857
353	्प	1381	384.6387	5.5851
354	सह	1377	383.5247	5.5838
355	ेत	1374	382.6891	5.5828
356	ग्	1368	381.018	5.5809
357	ेग	1358	378.2327	5.5778
357	्फ	1358	378.2327	5.5778
358	कल	1344	374.3334	5.5733
359	ब्	1339	372.9408	5.5716
360	an	1327	369.5986	5.5677
361	ूप	1324	368.763	5.5667
362	r$	1311	365.1422	5.5625
363	यक	1307	364.0281	5.5611
364	ीव	1296	360.9644	5.5575
365	खे	1292	359.8503	5.5561
366	^ऐ	1286	358.1792	5.5541
367	n$	1284	357.6221	5.5534
368	ar	1277	355.6725	5.5511
369	शु	1267	352.8872	5.5476
370	in	1244	346.4812	5.5397
371	िम	1238	344.8101	5.5376
371	्थ	1238	344.8101	5.5376
372	ोत	1231	342.8605	5.5351
373	ुद	1228	342.0249	5.5341
374	डा	1223	340.6323	5.5323
375	ीच	1221	340.0752	5.5316
376	अध	1214	338.1256	5.5291
377	मस	1212	337.5685	5.5284
378	ोस	1210	337.0115	5.5276
379	पै	1202	334.7833	5.5248
380	घर	1200	334.2263	5.524
381	थी	1195	332.8337	5.5222
382	बी	1185	330.0484	5.5186
382	िव	1185	330.0484	5.5186
383	जे	1180	328.6558	5.5167
383	ेज	1180	328.6558	5.5167
384	बर	1175	327.2632	5.5149
385	खन	1171	326.1491	5.5134
386	ीत	1163	323.921	5.5104
387	वन	1154	321.4143	5.5071
388	जै	1150	320.3002	5.5056
389	ूस	1149	320.0217	5.5052
390	यद	1141	317.7935	5.5021
391	सभ	1130	314.7297	5.4979
392	फ़	1121	312.223	5.4945
393	ैर	1109	308.8808	5.4898
394	चु	1105	307.7667	5.4882
394	व्	1105	307.7667	5.4882
395	इन	1102	306.9311	5.487
396	ऐस	1100	306.3741	5.4863
397	सू	1099	306.0956	5.4859
398	^a	1093	304.4244	5.4835
399	वी	1090	303.5889	5.4823
400	धा	1089	303.3103	5.4819
401	ाब	1083	301.6392	5.4795
402	अन	1075	299.411	5.4763
403	ष$	1072	298.5755	5.4751
404	खु	1070	298.0184	5.4742
405	़ी	1069	297.7399	5.4738
406	धन	1064	296.3473	5.4718
407	बु	1057	294.3976	5.4689
408	खत	1050	292.448	5.466
409	ुआ	1046	291.3339	5.4644
410	वो	1044	290.7769	5.4636
411	ीर	1040	289.6628	5.4619
412	ज्	1037	288.8272	5.4606
413	^p	1031	287.1561	5.4581
414	^t	1030	286.8776	5.4577
415	ोच	1027	286.042	5.4564
416	ेह	1025	285.4849	5.4556
417	तल	1020	284.0923	5.4535
418	जल	1017	283.2568	5.4522
419	पय	1016	282.9782	5.4518
420	भग	1015	282.6997	5.4513
421	कृ	1014	282.4212	5.4509
422	यव	1011	281.5856	5.4496
423	ढ़	1007	280.4715	5.4479
424	ु$	1002	279.0789	5.4457
425	ची	1001	278.8004	5.4453
426	़े	1000	278.5219	5.4449
427	आत	996	277.4078	5.4431
427	ओह	996	277.4078	5.4431
428	्न	992	276.2937	5.4414
429	ीज	981	273.23	5.4365
430	ूल	973	271.0018	5.433
431	ोज	971	270.4448	5.4321
432	ंच	970	270.1662	5.4316
433	ैन	963	268.2166	5.4285
434	^c	958	266.824	5.4262
435	टि	957	266.5455	5.4258
436	सल	956	266.2669	5.4253
436	ैक	956	266.2669	5.4253
437	टर	955	265.9884	5.4249
438	इं	946	263.4817	5.4208
439	्ड	943	262.6461	5.4194
440	िख	934	260.1395	5.4152
441	ौन	933	259.8609	5.4147
442	रव	932	259.5824	5.4143
443	गव	929	258.7468	5.4129
444	पे	927	258.1898	5.4119
445	बो	922	256.7972	5.4096
446	नु	910	253.4549	5.4039
447	मझ	905	252.0623	5.4015
448	ुश	904	251.7838	5.401
449	कौ	903	251.5053	5.4005
450	आय	902	251.2267	5.4001
450	सन	902	251.2267	5.4001
450	ेड	902	251.2267	5.4001
451	फ्	901	250.9482	5.3996
452	o$	899	250.3912	5.3986
453	^l	893	248.7201	5.3957
454	्ज	887	247.0489	5.3928
455	डी	886	246.7704	5.3923
456	ṇ$	884	246.2134	5.3913
457	t$	877	244.2637	5.3879
458	^b	875	243.7067	5.3869
459	ध$	869	242.0355	5.3839
460	बै	863	240.3644	5.3809
461	इत	861	239.8074	5.3799
461	ीम	861	239.8074	5.3799
462	जह	852	237.3007	5.3753
463	चो	848	236.1866	5.3733
463	डर	848	236.1866	5.3733
464	ध्	845	235.351	5.3717
465	^r	843	234.794	5.3707
466	यू	839	233.6799	5.3686
467	फो	835	232.5658	5.3665
468	रम	834	232.2873	5.366
469	कॉ	831	231.4517	5.3645
470	^n	828	230.6161	5.3629
471	ha	822	228.945	5.3597
472	टो	819	228.1094	5.3581
473	डि	806	224.4886	5.3512
473	लब	806	224.4886	5.3512
474	मद	800	222.8175	5.3479
475	^d	798	222.2605	5.3469
476	्ध	791	220.3108	5.343
477	ोश	788	219.4753	5.3414
478	ुं	785	218.6397	5.3397
479	षा	783	218.0826	5.3386
480	गि	780	217.2471	5.337
481	आज	776	216.133	5.3347
482	अल	774	215.5759	5.3336
483	भू	773	215.2974	5.333
484	अस	772	215.0189	5.3325
485	ृप	769	214.1833	5.3308
486	on	766	213.3478	5.3291
486	ेम	766	213.3478	5.3291
487	बक	761	211.9552	5.3262
488	बद	760	211.6766	5.3257
489	re	754	210.0055	5.3222
490	वल	751	209.1699	5.3205
491	d$	750	208.8914	5.3199
492	de	748	208.3344	5.3188
493	तव	746	207.7773	5.3176
494	ng	741	206.3847	5.3147
494	यु	741	206.3847	5.3147
495	ta	739	205.8277	5.3135
495	ुष	739	205.8277	5.3135
496	कड	738	205.5492	5.3129
496	छे	738	205.5492	5.3129
496	िप	738	205.5492	5.3129
497	आओ	728	202.7639	5.307
498	ँग	726	202.2069	5.3058
499	गु	721	200.8143	5.3028
499	सच	721	200.8143	5.3028
500	दल	716	199.4217	5.2998
501	बड	715	199.1432	5.2992
502	एं	713	198.5861	5.2979
503	शी	711	198.0291	5.2967
504	ड्	710	197.7505	5.2961
505	गह	708	197.1935	5.2949
506	कू	707	196.915	5.2943
507	दद	702	195.5224	5.2912
508	y$	697	194.1298	5.2881
509	u$	696	193.8512	5.2875
510	ओं	688	191.6231	5.2824
510	जग	688	191.6231	5.2824
511	फी	687	191.3445	5.2818
512	ाश	686	191.066	5.2812
512	ील	686	191.066	5.2812
513	ाध	682	189.9519	5.2786
514	nd	680	189.3949	5.2774
514	ून	680	189.3949	5.2774
515	रस	675	188.0023	5.2742
516	ंब	674	187.7238	5.2735
516	मो	674	187.7238	5.2735
516	ुप	674	187.7238	5.2735
517	एम	665	185.2171	5.2677
518	हस	664	184.9385	5.267
519	g$	663	184.66	5.2664
519	नर	663	184.66	5.2664
520	ne	660	183.8245	5.2644
520	मल	660	183.8245	5.2644
521	ra	655	182.4318	5.2611
522	ंध	651	181.3178	5.2584
522	ृत	651	181.3178	5.2584
523	ेस	647	180.2037	5.2558
524	ंज	645	179.6466	5.2544
525	टन	644	179.3681	5.2537
526	ख्	642	178.8111	5.2524
527	ुए	641	178.5325	5.2517
528	यर	639	177.9755	5.2504
529	li	635	176.8614	5.2476
529	शन	635	176.8614	5.2476
530	he	630	175.4688	5.2442
531	खि	629	175.1903	5.2435
532	sa	628	174.9118	5.2428
533	me	627	174.6332	5.2421
533	ीय	627	174.6332	5.2421
534	^ऊ	625	174.0762	5.2407
534	झ$	625	174.0762	5.2407
534	ोक	625	174.0762	5.2407
535	मज	623	173.5191	5.2393
536	सप	620	172.6836	5.2373
537	ंप	615	171.291	5.2337
537	छी	615	171.291	5.2337
538	ma	606	168.7843	5.2273
539	आग	603	167.9487	5.2252
539	गए	603	167.9487	5.2252
539	डे	603	167.9487	5.2252
539	िट	603	167.9487	5.2252
540	hé	602	167.6702	5.2245
541	ठ$	600	167.1131	5.223
541	नन	600	167.1131	5.223
542	ॉल	599	166.8346	5.2223
543	^i	596	165.999	5.2201
543	th	596	165.999	5.2201
544	ंभ	593	165.1635	5.2179
545	कव	592	164.885	5.2172
546	िज	591	164.6064	5.2164
546	ीद	591	164.6064	5.2164
547	ke	587	163.4924	5.2135
548	सस	586	163.2138	5.2128
549	is	585	162.9353	5.212
549	आर	585	162.9353	5.212
550	बू	584	162.6568	5.2113
551	hi	581	161.8212	5.209
551	उत	581	161.8212	5.209
551	ुस	581	161.8212	5.209
552	^y	580	161.5427	5.2083
552	तै	580	161.5427	5.2083
552	़ो	580	161.5427	5.2083
553	te	578	160.9857	5.2068
554	ीब	573	159.593	5.203
555	थि	570	158.7575	5.2007
555	ॉन	570	158.7575	5.2007
556	^झ	566	157.6434	5.1977
556	पड	566	157.6434	5.1977
556	लक	566	157.6434	5.1977
557	कं	565	157.3649	5.1969
557	मू	565	157.3649	5.1969
557	यन	565	157.3649	5.1969
558	षि	564	157.0863	5.1961
559	en	561	156.2508	5.1938
559	ैल	561	156.2508	5.1938
560	le	559	155.6937	5.1923
561	लू	558	155.4152	5.1915
562	i$	554	154.3011	5.1884
562	शक	554	154.3011	5.1884
563	ri	553	154.0226	5.1876
563	ैय	553	154.0226	5.1876
564	मक	552	153.7441	5.1868
565	as	549	152.9085	5.1844
566	h$	548	152.63	5.1836
566	ाड	548	152.63	5.1836
567	l$	545	151.7944	5.1813
567	ूछ	545	151.7944	5.1813
567	ेद	545	151.7944	5.1813
568	भर	544	151.5159	5.1805
569	शर	540	150.4018	5.1773
570	^w	539	150.1233	5.1764
570	पो	539	150.1233	5.1764
571	उप	537	149.5663	5.1748
572	नम	536	149.2877	5.174
573	m$	534	148.7307	5.1724
574	आन	533	148.4522	5.1716
575	खर	532	148.1736	5.1708
576	रं	531	147.8951	5.17
577	es	528	147.0596	5.1675
578	ya	526	146.5025	5.1658
578	भे	526	146.5025	5.1658
579	at	523	145.667	5.1634
580	मौ	520	144.8314	5.1609
581	कन	518	144.2743	5.1592
581	यम	518	144.2743	5.1592
582	़ि	516	143.7173	5.1575
583	p$	515	143.4388	5.1567
584	ैठ	513	142.8817	5.155
585	ूट	512	142.6032	5.1541
586	or	510	142.0462	5.1524
587	co	508	141.4891	5.1507
587	सै	508	141.4891	5.1507
588	ll	507	141.2106	5.1499
589	k$	504	140.375	5.1473
590	st	502	139.818	5.1456
590	í$	502	139.818	5.1456
591	la	501	139.5395	5.1447
591	शे	501	139.5395	5.1447
592	ou	499	138.9824	5.143
593	िद	493	137.3113	5.1377
594	it	491	136.7543	5.1359
594	एल	491	136.7543	5.1359
595	्श	487	135.6402	5.1324
596	ीट	486	135.3616	5.1315
597	ॉक	482	134.2476	5.1279
598	ीछ	481	133.969	5.127
598	ूम	481	133.969	5.127
599	़न	480	133.6905	5.1261
600	थो	473	131.7409	5.1197
600	ूत	473	131.7409	5.1197
601	्ब	463	128.9556	5.1104
602	se	461	128.3986	5.1086
603	ोद	459	127.8416	5.1067
604	ाच	457	127.2845	5.1048
605	आश	455	126.7275	5.1029
605	रै	455	126.7275	5.1029
606	वक	452	125.8919	5.1
607	ka	451	125.6134	5.099
607	मं	451	125.6134	5.099
607	िच	451	125.6134	5.099
607	ूक	451	125.6134	5.099
608	^e	449	125.0563	5.0971
608	ro	449	125.0563	5.0971
609	गं	448	124.7778	5.0961
610	लं	446	124.2208	5.0942
611	^g	445	123.9422	5.0932
612	फा	444	123.6637	5.0922
612	िष	444	123.6637	5.0922
613	ठा	443	123.3852	5.0913
614	भु	441	122.8282	5.0893
615	el	438	121.9926	5.0863
615	धे	438	121.9926	5.0863
615	ेब	438	121.9926	5.0863
616	to	436	121.4355	5.0843
616	चर	436	121.4355	5.0843
617	ऊप	430	119.7644	5.0783
617	खै	430	119.7644	5.0783
617	़र	430	119.7644	5.0783
617	ाउ	430	119.7644	5.0783
618	ca	429	119.4859	5.0773
618	sh	429	119.4859	5.0773
619	ie	428	119.2074	5.0763
620	चन	427	118.9288	5.0753
620	्ण	427	118.9288	5.0753
621	^f	426	118.6503	5.0743
622	ru	425	118.3718	5.0732
622	अम	425	118.3718	5.0732
622	कस	425	118.3718	5.0732
623	बढ	424	118.0933	5.0722
624	na	423	117.8148	5.0712
624	ँच	423	117.8148	5.0712
624	नव	423	117.8148	5.0712
625	सव	421	117.2577	5.0691
626	यी	419	116.7007	5.0671
627	षण	416	115.8651	5.064
627	ीड	416	115.8651	5.064
627	ौक	416	115.8651	5.064
628	al	414	115.3081	5.0619
628	टक	414	115.3081	5.0619
628	ाष	414	115.3081	5.0619
629	उम	413	115.0295	5.0608
630	ho	411	114.4725	5.0587
630	अक	411	114.4725	5.0587
630	गई	411	114.4725	5.0587
631	बल	409	113.9155	5.0566
632	^j	407	113.3584	5.0545
632	छल	407	113.3584	5.0545
633	वत	405	112.8014	5.0523
634	ki	404	112.5228	5.0512
634	é$	404	112.5228	5.0512
635	ॉर	402	111.9658	5.0491
636	éṇ	400	111.4088	5.0469
636	ुख	400	111.4088	5.0469
637	दय	397	110.5732	5.0436
638	आस	396	110.2947	5.0426
638	ाट	396	110.2947	5.0426
639	^v	395	110.0161	5.0415
639	जू	395	110.0161	5.0415
640	गन	393	109.4591	5.0393
640	्ग	393	109.4591	5.0393
641	^'	390	108.6235	5.0359
642	रॉ	387	107.788	5.0326
643	वस	385	107.2309	5.0303
644	सत	384	106.9524	5.0292
645	आव	382	106.3954	5.0269
645	ौर	382	106.3954	5.0269
646	ओर	381	106.1168	5.0258
647	ti	380	105.8383	5.0246
647	भव	380	105.8383	5.0246
648	^o	379	105.5598	5.0235
649	ko	377	105.0028	5.0212
649	नट	377	105.0028	5.0212
650	िग	375	104.4457	5.0189
651	ba	373	103.8887	5.0166
652	ak	372	103.6101	5.0154
653	oo	369	102.7746	5.0119
653	जु	369	102.7746	5.0119
653	डॉ	369	102.7746	5.0119
654	इक	368	102.4961	5.0107
655	तज	367	102.2175	5.0095
656	उठ	365	101.6605	5.0072
656	धी	365	101.6605	5.0072
657	वै	362	100.8249	5.0036
658	लव	361	100.5464	5.0024
659	झस	358	99.7108	4.9987
660	षम	357	99.4323	4.9975
661	ुग	356	99.1538	4.9963
662	रद	352	98.0397	4.9914
663	कद	351	97.7612	4.9902
664	ोह	350	97.4827	4.9889
665	दस	349	97.2041	4.9877
666	am	343	95.533	4.9802
667	us	341	94.976	4.9776
668	ve	339	94.4189	4.9751
669	ोम	338	94.1404	4.9738
670	ni	337	93.8619	4.9725
670	रभ	337	93.8619	4.9725
671	ुब	335	93.3048	4.9699
671	ैम	335	93.3048	4.9699
672	^ढ	334	93.0263	4.9686
672	हं	334	93.0263	4.9686
672	ौत	334	93.0263	4.9686
673	nk	333	92.7478	4.9673
673	खी	333	92.7478	4.9673
673	तब	333	92.7478	4.9673
673	शह	333	92.7478	4.9673
673	ुई	333	92.7478	4.9673
674	^á	332	92.4693	4.966
674	लै	332	92.4693	4.966
675	ed	331	92.1907	4.9647
675	un	331	92.1907	4.9647
675	इल	331	92.1907	4.9647
676	il	329	91.6337	4.9621
677	ur	326	90.7981	4.9581
678	खू	325	90.5196	4.9567
678	ीस	325	90.5196	4.9567
679	बज	324	90.2411	4.9554
680	पल	323	89.9626	4.9541
681	lo	322	89.6841	4.9527
682	कब	321	89.4055	4.9514
682	घं	321	89.4055	4.9514
682	ुट	321	89.4055	4.9514
683	ch	320	89.127	4.95
684	rm	319	88.8485	4.9487
685	कट	318	88.57	4.9473
685	वज	318	88.57	4.9473
686	pe	316	88.0129	4.9445
686	कप	316	88.0129	4.9445
687	ोप	314	87.4559	4.9418
688	शॉ	313	87.1774	4.9404
689	rs	312	86.8988	4.939
690	ai	311	86.6203	4.9376
690	उड	311	86.6203	4.9376
690	ाऊ	311	86.6203	4.9376
691	mu	310	86.3418	4.9362
691	yo	310	86.3418	4.9362
691	बॉ	310	86.3418	4.9362
692	िछ	308	85.7847	4.9334
693	फर	307	85.5062	4.932
694	जं	306	85.2277	4.9306
695	झा	305	84.9492	4.9292
695	दन	305	84.9492	4.9292
695	मब	305	84.9492	4.9292
695	ुड	305	84.9492	4.9292
696	^ऑ	304	84.6707	4.9277
696	भि	304	84.6707	4.9277
697	इट	301	83.8351	4.9234
698	ीख	300	83.5566	4.922
699	रप	299	83.278	4.9205
700	फे	298	82.9995	4.9191
701	चत	297	82.721	4.9176
702	ea	296	82.4425	4.9162
702	डो	296	82.4425	4.9162
703	लय	294	81.8854	4.9132
703	ाण	294	81.8854	4.9132
704	आए	293	81.6069	4.9117
704	लर	293	81.6069	4.9117
705	et	291	81.0499	4.9088
705	दग	291	81.0499	4.9088
705	़त	291	81.0499	4.9088
706	kr	290	80.7713	4.9073
706	बख	290	80.7713	4.9073
706	ैग	290	80.7713	4.9073
707	नौ	289	80.4928	4.9058
708	ीप	285	79.3787	4.8997
708	्ञ	285	79.3787	4.8997
709	आह	284	79.1002	4.8982
709	मृ	284	79.1002	4.8982
710	यं	283	78.8217	4.8966
711	ुँ	282	78.5432	4.8951
712	उह	281	78.2647	4.8936
713	ूठ	279	77.7076	4.8905
714	घु	277	77.1506	4.8873
715	एँ	275	76.5935	4.8842
716	जव	274	76.315	4.8826
717	ac	273	76.0365	4.881
717	रफ	273	76.0365	4.881
717	ेच	273	76.0365	4.881
718	िड	272	75.758	4.8794
719	षो	271	75.4794	4.8778
720	ूब	270	75.2009	4.8762
721	खड	269	74.9224	4.8746
722	रब	268	74.6439	4.873
723	अज	266	74.0868	4.8697
723	ेष	266	74.0868	4.8697
724	तम	265	73.8083	4.8681
724	्ख	265	73.8083	4.8681
725	आई	263	73.2513	4.8648
725	नस	263	73.2513	4.8648
725	शो	263	73.2513	4.8648
726	कई	262	72.9727	4.8632
726	टू	262	72.9727	4.8632
727	da	261	72.6942	4.8615
727	्ठ	261	72.6942	4.8615
728	अव	260	72.4157	4.8598
729	mi	258	71.8586	4.8565
730	ir	257	71.5801	4.8548
730	om	257	71.5801	4.8548
730	ot	257	71.5801	4.8548
730	आं	257	71.5801	4.8548
730	ूद	257	71.5801	4.8548
731	मम	255	71.0231	4.8514
732	तं	253	70.466	4.848
732	ॉट	253	70.466	4.848
733	हट	252	70.1875	4.8463
734	^ई	251	69.909	4.8445
734	ad	251	69.909	4.8445
734	ph	251	69.909	4.8445
734	सौ	251	69.909	4.8445
734	ीआ	251	69.909	4.8445
735	di	249	69.352	4.8411
735	pa	249	69.352	4.8411
735	झू	249	69.352	4.8411
735	ैद	249	69.352	4.8411
736	ge	248	69.0734	4.8393
737	आध	246	68.5164	4.8358
737	दौ	246	68.5164	4.8358
737	नज	246	68.5164	4.8358
737	रल	246	68.5164	4.8358
738	no	244	67.9593	4.8322
738	si	244	67.9593	4.8322
738	ss	244	67.9593	4.8322
738	थ्	244	67.9593	4.8322
739	ञा	243	67.6808	4.8305
740	यत	242	67.4023	4.8287
741	ce	241	67.1238	4.8269
741	nt	241	67.1238	4.8269
741	वश	241	67.1238	4.8269
741	ैड	241	67.1238	4.8269
742	णा	240	66.8453	4.8251
743	^u	239	66.5667	4.8233
743	be	239	66.5667	4.8233
743	pr	239	66.5667	4.8233
743	ठो	239	66.5667	4.8233
744	़्	238	66.2882	4.8214
744	ाख	238	66.2882	4.8214
744	ूफ	238	66.2882	4.8214
745	mé	237	66.0097	4.8196
745	टल	237	66.0097	4.8196
745	नए	237	66.0097	4.8196
745	हव	237	66.0097	4.8196
745	िध	237	66.0097	4.8196
745	ोध	237	66.0097	4.8196
746	ay	235	65.4526	4.8159
747	जय	234	65.1741	4.8141
747	तस	234	65.1741	4.8141
748	छु	233	64.8956	4.8122
749	नं	232	64.6171	4.8103
750	go	231	64.3386	4.8085
750	ोष	231	64.3386	4.8085
751	ap	230	64.06	4.8066
752	ic	229	63.7815	4.8047
752	mo	229	63.7815	4.8047
752	ंख	229	63.7815	4.8047
752	सफ	229	63.7815	4.8047
753	फल	228	63.503	4.8028
753	ोब	228	63.503	4.8028
754	op	227	63.2245	4.8009
754	rt	227	63.2245	4.8009
754	tt	227	63.2245	4.8009
755	लौ	226	62.9459	4.799
756	नद	225	62.6674	4.797
756	नय	225	62.6674	4.797
757	áp	224	62.3889	4.7951
758	do	223	62.1104	4.7932
758	ee	223	62.1104	4.7932
758	आँ	223	62.1104	4.7932
758	आक	223	62.1104	4.7932
758	िह	223	62.1104	4.7932
758	ीश	223	62.1104	4.7932
759	ut	222	61.8319	4.7912
759	टॉ	222	61.8319	4.7912
760	rh	221	61.5533	4.7893
761	os	220	61.2748	4.7873
761	ँस	220	61.2748	4.7873
761	ंह	220	61.2748	4.7873
761	धो	220	61.2748	4.7873
762	eṇ	219	60.9963	4.7853
762	घा	219	60.9963	4.7853
762	रश	219	60.9963	4.7853
763	लॉ	218	60.7178	4.7833
764	शब	217	60.4393	4.7813
765	ck	216	60.1607	4.7793
765	ja	216	60.1607	4.7793
765	va	216	60.1607	4.7793
765	रय	216	60.1607	4.7793
766	ंव	215	59.8822	4.7773
766	थन	215	59.8822	4.7773
766	ॉप	215	59.8822	4.7773
766	्भ	215	59.8822	4.7773
767	िफ	214	59.6037	4.7753
767	ुव	214	59.6037	4.7753
768	ek	213	59.3252	4.7732
768	ुभ	213	59.3252	4.7732
769	ik	212	59.0466	4.7712
769	rए	212	59.0466	4.7712
769	उद	212	59.0466	4.7712
770	दब	211	58.7681	4.7691
770	फ़$	211	58.7681	4.7691
771	ag	210	58.4896	4.7671
772	इम	209	58.2111	4.765
773	ku	208	57.9326	4.7629
773	tr	208	57.9326	4.7629
774	io	207	57.654	4.7608
774	भ$	207	57.654	4.7608
775	wi	206	57.3755	4.7587
775	घो	206	57.3755	4.7587
775	ीफ	206	57.3755	4.7587
776	od	205	57.097	4.7566
777	ok	204	56.8185	4.7545
777	धर	204	56.8185	4.7545
777	नू	204	56.8185	4.7545
778	bo	203	56.5399	4.7524
778	डै	203	56.5399	4.7524
778	तृ	203	56.5399	4.7524
778	ोख	203	56.5399	4.7524
779	ns	202	56.2614	4.7502
779	षे	202	56.2614	4.7502
780	dr	200	55.7044	4.7459
781	vi	199	55.4259	4.7437
782	ga	198	55.1473	4.7415
782	hí	198	55.1473	4.7415
782	पढ	198	55.1473	4.7415
783	^ि	197	54.8688	4.7393
783	हथ	197	54.8688	4.7393
784	सज	196	54.5903	4.7371
784	ैट	196	54.5903	4.7371
785	उल	195	54.3118	4.7349
785	ॉ$	195	54.3118	4.7349
786	चू	194	54.0332	4.7327
786	लट	194	54.0332	4.7327
787	ol	193	53.7547	4.7304
788	um	192	53.4762	4.7282
788	जम	192	53.4762	4.7282
789	पृ	191	53.1977	4.7259
789	सड	191	53.1977	4.7259
790	hm	190	52.9192	4.7236
790	hu	190	52.9192	4.7236
790	लए	190	52.9192	4.7236
790	ोड़	190	52.9192	4.7236
791	ँख	189	52.6406	4.7213
791	जॉ	189	52.6406	4.7213
791	ठि	189	52.6406	4.7213
791	लु	189	52.6406	4.7213
792	kö	188	52.3621	4.719
792	ö$	188	52.3621	4.719
792	öö	188	52.3621	4.719
792	चक	188	52.3621	4.719
793	टु	187	52.0836	4.7167
793	िभ	187	52.0836	4.7167
793	ेप	187	52.0836	4.7167
793	ॉब	187	52.0836	4.7167
794	रर	186	51.8051	4.7144
795	nn	185	51.5266	4.712
796	br	184	51.248	4.7097
796	ऊँ	184	51.248	4.7097
796	ओग	184	51.248	4.7097
797	तू	183	50.9695	4.7073
797	पं	183	50.9695	4.7073
798	दक	182	50.691	4.7049
798	यल	182	50.691	4.7049
799	छन	181	50.4125	4.7025
800	nh	180	50.1339	4.7001
800	ंय	180	50.1339	4.7001
801	^फ़	179	49.8554	4.6977
801	पष	179	49.8554	4.6977
802	नल	178	49.5769	4.6953
803	av	177	49.2984	4.6928
803	mn	177	49.2984	4.6928
803	wo	177	49.2984	4.6928
804	^ज़	176	49.0199	4.6904
804	रज	176	49.0199	4.6904
805	ऊं	175	48.7413	4.6879
805	पश	175	48.7413	4.6879
805	ुच	175	48.7413	4.6879
806	गड	174	48.4628	4.6854
807	ंघ	173	48.1843	4.6829
807	अत	173	48.1843	4.6829
808	iy	172	47.9058	4.6804
808	षक	172	47.9058	4.6804
808	हक	172	47.9058	4.6804
809	so	171	47.6272	4.6779
809	छि	171	47.6272	4.6779
810	rn	169	47.0702	4.6727
810	गध	169	47.0702	4.6727
811	उं	167	46.5132	4.6676
811	नफ	167	46.5132	4.6676
812	ig	166	46.2346	4.665
812	घट	166	46.2346	4.665
812	भो	166	46.2346	4.665
813	su	165	45.9561	4.6623
813	खब	165	45.9561	4.6623
813	झत	165	45.9561	4.6623
814	nc	164	45.6776	4.6597
814	नष	164	45.6776	4.6597
815	fe	163	45.3991	4.657
815	गू	163	45.3991	4.657
816	ia	162	45.1205	4.6544
816	ul	162	45.1205	4.6544
816	फै	162	45.1205	4.6544
816	ड़क	162	45.1205	4.6544
817	एस	161	44.842	4.6517
818	कठ	160	44.5635	4.649
818	धक	160	44.5635	4.649
818	लम	160	44.5635	4.649
819	^z	159	44.285	4.6463
819	आख	159	44.285	4.6463
819	वप	159	44.285	4.6463
819	सद	159	44.285	4.6463
819	ाफ़	159	44.285	4.6463
820	sk	158	44.0065	4.6435
820	wh	158	44.0065	4.6435
820	जक	158	44.0065	4.6435
820	िण	158	44.0065	4.6435
821	gh	157	43.7279	4.6408
821	ूख	157	43.7279	4.6408
821	ेय	157	43.7279	4.6408
821	ड़ा	157	43.7279	4.6408
822	tu	156	43.4494	4.638
823	धू	155	43.1709	4.6352
823	ूच	155	43.1709	4.6352
824	ृथ	154	42.8924	4.6324
825	एन	153	42.6139	4.6296
825	छत	153	42.6139	4.6296
825	छू	153	42.6139	4.6296
825	ीध	153	42.6139	4.6296
825	ौट	153	42.6139	4.6296
825	ज़ा	153	42.6139	4.6296
826	íṇ	150	41.7783	4.621
826	पट	150	41.7783	4.621
826	पद	150	41.7783	4.621
827	इव	149	41.4998	4.618
827	षी	149	41.4998	4.618
828	ah	148	41.2212	4.6151
828	ly	148	41.2212	4.6151
829	og	147	40.9427	4.6122
829	rp	147	40.9427	4.6122
830	़ब	146	40.6642	4.6092
831	टै	145	40.3857	4.6062
832	ठे	143	39.8286	4.6002
833	अद	142	39.5501	4.5971
833	आइ	142	39.5501	4.5971
833	भय	142	39.5501	4.5971
833	वध	142	39.5501	4.5971
833	ूड	142	39.5501	4.5971
834	यस	141	39.2716	4.5941
834	हब	141	39.2716	4.5941
835	उच	140	38.9931	4.591
835	तौ	140	38.9931	4.591
835	धत	140	38.9931	4.591
835	भ्	140	38.9931	4.591
836	डम	139	38.7145	4.5879
836	तह	139	38.7145	4.5879
836	िब	139	38.7145	4.5879
837	इड	138	38.436	4.5847
837	चम	138	38.436	4.5847
838	bl	137	38.1575	4.5816
838	ep	137	38.1575	4.5816
838	gr	137	38.1575	4.5816
838	दव	137	38.1575	4.5816
838	शू	137	38.1575	4.5816
839	गभ	136	37.879	4.5784
840	bu	135	37.6005	4.5752
840	ht	135	37.6005	4.5752
840	id	135	37.6005	4.5752
840	ुज	135	37.6005	4.5752
840	ूह	135	37.6005	4.5752
840	ज़$	135	37.6005	4.5752
841	wa	134	37.3219	4.572
841	आम	134	37.3219	4.572
841	ीठ	134	37.3219	4.572
842	gi	133	37.0434	4.5687
842	ीए	133	37.0434	4.5687
842	ड़$	133	37.0434	4.5687
843	ub	132	36.7649	4.5654
843	ोव	132	36.7649	4.5654
843	ṃ$	132	36.7649	4.5654
844	ks	131	36.4864	4.5621
844	pi	131	36.4864	4.5621
844	rk	131	36.4864	4.5621
844	ry	131	36.4864	4.5621
844	थर	131	36.4864	4.5621
844	दृ	131	36.4864	4.5621
844	हज	131	36.4864	4.5621
844	ड़े	131	36.4864	4.5621
845	फन	130	36.2078	4.5588
845	ॉस	130	36.2078	4.5588
846	क़	129	35.9293	4.5554
846	शै	129	35.9293	4.5554
846	ड़ी	129	35.9293	4.5554
847	oṇ	128	35.6508	4.5521
847	पड़	128	35.6508	4.5521
848	ey	127	35.3723	4.5487
848	रग	127	35.3723	4.5487
848	ौं	127	35.3723	4.5487
849	ju	126	35.0938	4.5452
849	वॉ	126	35.0938	4.5452
850	पम	125	34.8152	4.5418
850	ृष	125	34.8152	4.5418
851	ov	124	34.5367	4.5383
851	इच	124	34.5367	4.5383
851	गद	124	34.5367	4.5383
851	ृभ	124	34.5367	4.5383
852	ow	123	34.2582	4.5348
852	अफ	123	34.2582	4.5348
852	ढू	123	34.2582	4.5348
853	ky	122	33.9797	4.5312
853	rd	122	33.9797	4.5312
853	वृ	122	33.9797	4.5312
853	ैप	122	33.9797	4.5312
854	em	121	33.7011	4.5276
854	ts	121	33.7011	4.5276
854	थक	121	33.7011	4.5276
855	yh	120	33.4226	4.524
855	ओक	120	33.4226	4.524
856	ld	119	33.1441	4.5204
856	lu	119	33.1441	4.5204
857	b$	118	32.8656	4.5167
857	im	118	32.8656	4.5167
857	pn	118	32.8656	4.5167
857	za	118	32.8656	4.5167
857	टम	118	32.8656	4.5167
857	ूढ	118	32.8656	4.5167
857	ॉफ	118	32.8656	4.5167
858	ab	117	32.5871	4.513
858	नश	117	32.5871	4.513
858	फु	117	32.5871	4.513
858	हॉ	117	32.5871	4.513
858	ाभ	117	32.5871	4.513
858	िथ	117	32.5871	4.513
858	ुह	117	32.5871	4.513
859	ह्	116	32.3085	4.5093
859	ूअ	116	32.3085	4.5093
859	ेफ	116	32.3085	4.5093
859	ज़र	116	32.3085	4.5093
860	f$	115	32.03	4.5056
860	एह	115	32.03	4.5056
860	हच	115	32.03	4.5056
860	्$	115	32.03	4.5056
861	kí	114	31.7515	4.5018
861	ौ$	114	31.7515	4.5018
862	ye	113	31.473	4.4979
862	णु	113	31.473	4.4979
862	हद	113	31.473	4.4979
862	ुफ	113	31.473	4.4979
862	ौग	113	31.473	4.4979
863	cl	112	31.1945	4.4941
863	rl	112	31.1945	4.4941
863	ंश	112	31.1945	4.4941
863	ोय	112	31.1945	4.4941
864	rr	111	30.9159	4.4902
864	छह	111	30.9159	4.4902
865	we	110	30.6374	4.4863
865	कक	110	30.6374	4.4863
865	डल	110	30.6374	4.4863
866	of	109	30.3589	4.4823
866	sc	109	30.3589	4.4823
866	ख़	109	30.3589	4.4823
866	गज	109	30.3589	4.4823
866	नई	109	30.3589	4.4823
867	ev	108	30.0804	4.4783
867	इय	108	30.0804	4.4783
868	eb	107	29.8018	4.4742
868	वच	107	29.8018	4.4742
869	यब	106	29.5233	4.4702
869	यश	106	29.5233	4.4702
870	v$	105	29.2448	4.466
870	एर	105	29.2448	4.466
870	गै	105	29.2448	4.466
870	डौ	105	29.2448	4.466
870	तय	105	29.2448	4.466
870	ीह	105	29.2448	4.466
871	cr	104	28.9663	4.4619
871	jo	104	28.9663	4.4619
871	uc	104	28.9663	4.4619
871	खक	104	28.9663	4.4619
871	फं	104	28.9663	4.4619
871	बड़	104	28.9663	4.4619
871	षस	104	28.9663	4.4619
871	ैत	104	28.9663	4.4619
872	hr	103	28.6878	4.4577
872	ठक	103	28.6878	4.4577
872	डन	103	28.6878	4.4577
872	ुओ	103	28.6878	4.4577
872	ौद	103	28.6878	4.4577
873	fi	102	28.4092	4.4535
873	zo	102	28.4092	4.4535
873	एज	102	28.4092	4.4535
873	घू	102	28.4092	4.4535
873	ठं	102	28.4092	4.4535
873	ूज	102	28.4092	4.4535
873	ॉम	102	28.4092	4.4535
874	मश	101	28.1307	4.4492
874	्घ	101	28.1307	4.4492
875	दत	100	27.8522	4.4449
875	बढ़	100	27.8522	4.4449
876	ei	99	27.5737	4.4405
876	ex	99	27.5737	4.4405
876	po	99	27.5737	4.4405
876	लस	99	27.5737	4.4405
876	लड़	99	27.5737	4.4405
877	au	98	27.2951	4.4361
877	fr	98	27.2951	4.4361
877	ौज	98	27.2951	4.4361
878	^ख़	97	27.0166	4.4316
878	खल	97	27.0166	4.4316
878	चौ	97	27.0166	4.4316
878	डब	97	27.0166	4.4316
878	हफ	97	27.0166	4.4316
879	डु	96	26.7381	4.4271
879	न-	96	26.7381	4.4271
879	बम	96	26.7381	4.4271
880	oi	95	26.4596	4.4226
880	ूग	95	26.4596	4.4226
881	my	94	26.1811	4.418
881	लच	94	26.1811	4.418
881	शल	94	26.1811	4.418
882	fo	93	25.9025	4.4133
882	ih	93	25.9025	4.4133
882	kt	93	25.9025	4.4133
882	oc	93	25.9025	4.4133
882	मछ	93	25.9025	4.4133
882	ेथ	93	25.9025	4.4133
883	if	92	25.624	4.4086
883	ij	92	25.624	4.4086
883	पण	92	25.624	4.4086
883	र-	92	25.624	4.4086
884	ae	91	25.3455	4.4039
884	fl	91	25.3455	4.4039
884	फस	91	25.3455	4.4039
884	ीज़	91	25.3455	4.4039
885	sp	90	25.067	4.3991
885	ऊ$	90	25.067	4.3991
885	थम	90	25.067	4.3991
885	भल	90	25.067	4.3991
885	हड	90	25.067	4.3991
886	kl	89	24.7884	4.3942
886	इए	89	24.7884	4.3942
886	णय	89	24.7884	4.3942
886	मॉ	89	24.7884	4.3942
887	^ť	88	24.5099	4.3893
887	ईं	88	24.5099	4.3893
887	ठन	88	24.5099	4.3893
887	णी	88	24.5099	4.3893
887	पच	88	24.5099	4.3893
887	वं	88	24.5099	4.3893
888	du	87	24.2314	4.3844
888	धम	87	24.2314	4.3844
889	ईस	86	23.9529	4.3794
889	ऐल	86	23.9529	4.3794
889	कच	86	23.9529	4.3794
889	पव	86	23.9529	4.3794
889	फू	86	23.9529	4.3794
889	मच	86	23.9529	4.3794
890	's	85	23.6744	4.3743
890	dd	85	23.6744	4.3743
890	ईम	85	23.6744	4.3743
890	फ़्	85	23.6744	4.3743
891	-स	84	23.3958	4.3691
891	pl	84	23.3958	4.3691
891	ór	84	23.3958	4.3691
891	दफ	84	23.3958	4.3691
892	^ó	83	23.1173	4.3639
892	aṇ	83	23.1173	4.3639
892	iv	83	23.1173	4.3639
892	ny	83	23.1173	4.3639
892	़ॉ	83	23.1173	4.3639
892	ृद	83	23.1173	4.3639
893	ec	82	22.8388	4.3587
893	ƀí	82	22.8388	4.3587
893	तत	82	22.8388	4.3587
893	नब	82	22.8388	4.3587
893	बग	82	22.8388	4.3587
893	ीग	82	22.8388	4.3587
894	ud	81	22.5603	4.3533
894	w$	81	22.5603	4.3533
894	ऑफ	81	22.5603	4.3533
894	ुअ	81	22.5603	4.3533
894	ौस	81	22.5603	4.3533
895	ds	80	22.2818	4.348
895	kh	80	22.2818	4.348
895	चै	80	22.2818	4.348
895	पॉ	80	22.2818	4.348
896	^ƀ	79	22.0032	4.3425
896	ci	79	22.0032	4.3425
896	rb	79	22.0032	4.3425
896	ंम	79	22.0032	4.3425
896	एड	79	22.0032	4.3425
896	ॉय	79	22.0032	4.3425
896	ोण	79	22.0032	4.3425
896	ोफ	79	22.0032	4.3425
896	ौल	79	22.0032	4.3425
897	ंर	78	21.7247	4.337
897	पप	78	21.7247	4.337
898	eh	77	21.4462	4.3314
898	इर	77	21.4462	4.3314
898	ओम	77	21.4462	4.3314
898	ैश	77	21.4462	4.3314
899	c$	76	21.1677	4.3257
899	ff	76	21.1677	4.3257
899	ls	76	21.1677	4.3257
899	lt	76	21.1677	4.3257
899	ps	76	21.1677	4.3257
899	ंफ	76	21.1677	4.3257
899	ठत	76	21.1677	4.3257
899	रघ	76	21.1677	4.3257
899	ीढ	76	21.1677	4.3257
900	mm	75	20.8891	4.3199
900	ń$	75	20.8891	4.3199
901	ug	74	20.6106	4.3141
901	चढ	74	20.6106	4.3141
901	झु	74	20.6106	4.3141
901	ोइ	74	20.6106	4.3141
902	aṃ	73	20.3321	4.3082
902	rí	73	20.3321	4.3082
902	इग	73	20.3321	4.3082
902	खभ	73	20.3321	4.3082
902	टत	73	20.3321	4.3082
902	भै	73	20.3321	4.3082
902	हँ	73	20.3321	4.3082
903	aa	72	20.0536	4.3022
903	ťa	72	20.0536	4.3022
903	गठ	72	20.0536	4.3022
903	घ$	72	20.0536	4.3022
903	चं	72	20.0536	4.3022
903	जत	72	20.0536	4.3022
903	बट	72	20.0536	4.3022
903	यप	72	20.0536	4.3022
903	षर	72	20.0536	4.3022
903	ाज़	72	20.0536	4.3022
903	ड़त	72	20.0536	4.3022
904	fa	71	19.7751	4.2961
904	kk	71	19.7751	4.2961
904	ँढ	71	19.7751	4.2961
904	घन	71	19.7751	4.2961
904	दं	71	19.7751	4.2961
904	नग	71	19.7751	4.2961
904	बध	71	19.7751	4.2961
904	लप	71	19.7751	4.2961
904	वु	71	19.7751	4.2961
904	़ै	71	19.7751	4.2961
904	ैच	71	19.7751	4.2961
905	rg	70	19.4965	4.29
905	ty	70	19.4965	4.29
905	इ$	70	19.4965	4.29
905	णि	70	19.4965	4.29
905	़ू	70	19.4965	4.29
906	mp	69	19.218	4.2837
906	nu	69	19.218	4.2837
906	ँह	69	19.218	4.2837
907	fu	68	18.9395	4.2774
907	ip	68	18.9395	4.2774
907	pu	68	18.9395	4.2774
908	'क	67	18.661	4.2709
908	^x	67	18.661	4.2709
908	bi	67	18.661	4.2709
908	cc	67	18.661	4.2709
908	डव	67	18.661	4.2709
908	रए	67	18.661	4.2709
908	हय	67	18.661	4.2709
908	ाड़	67	18.661	4.2709
908	ौड	67	18.661	4.2709
908	फ़ी	67	18.661	4.2709
909	ji	66	18.3824	4.2644
909	शत	66	18.3824	4.2644
909	ूथ	66	18.3824	4.2644
910	-प	65	18.1039	4.2578
910	eg	65	18.1039	4.2578
910	hy	65	18.1039	4.2578
910	sm	65	18.1039	4.2578
910	ys	65	18.1039	4.2578
910	ओव	65	18.1039	4.2578
910	णो	65	18.1039	4.2578
910	धु	65	18.1039	4.2578
910	नै	65	18.1039	4.2578
910	रध	65	18.1039	4.2578
910	ैव	65	18.1039	4.2578
910	ॉव	65	18.1039	4.2578
911	'$	64	17.8254	4.251
911	pt	64	17.8254	4.251
911	झन	64	17.8254	4.251
912	vh	63	17.5469	4.2442
912	आठ	63	17.5469	4.2442
912	क-	63	17.5469	4.2442
912	डू	63	17.5469	4.2442
912	फत	63	17.5469	4.2442
912	यय	63	17.5469	4.2442
913	-ह	62	17.2684	4.2373
913	l'	62	17.2684	4.2373
913	ln	62	17.2684	4.2373
913	uɉ	62	17.2684	4.2373
913	उध	62	17.2684	4.2373
913	ऊर	62	17.2684	4.2373
913	थल	62	17.2684	4.2373
913	पौ	62	17.2684	4.2373
913	लह	62	17.2684	4.2373
913	सॉ	62	17.2684	4.2373
914	mb	61	16.9898	4.2302
914	ue	61	16.9898	4.2302
914	ईए	61	16.9898	4.2302
914	घड	61	16.9898	4.2302
914	रच	61	16.9898	4.2302
914	सट	61	16.9898	4.2302
914	ाठ	61	16.9898	4.2302
915	cu	60	16.7113	4.223
915	इध	60	16.7113	4.223
915	मज़	60	16.7113	4.223
915	शं	60	16.7113	4.223
915	ृश	60	16.7113	4.223
915	फ़ि	60	16.7113	4.223
916	'm	59	16.4328	4.2157
916	dm	59	16.4328	4.2157
916	úṃ	59	16.4328	4.2157
916	ɉe	59	16.4328	4.2157
916	ऐ$	59	16.4328	4.2157
916	कड़	59	16.4328	4.2157
916	मग	59	16.4328	4.2157
916	रअ	59	16.4328	4.2157
916	वय	59	16.4328	4.2157
916	िड़	59	16.4328	4.2157
916	्ज़	59	16.4328	4.2157
917	af	58	16.1543	4.2083
917	gg	58	16.1543	4.2083
917	gs	58	16.1543	4.2083
917	hú	58	16.1543	4.2083
917	ob	58	16.1543	4.2083
917	qu	58	16.1543	4.2083
917	tl	58	16.1543	4.2083
918	ze	57	15.8757	4.2007
918	कश	57	15.8757	4.2007
918	जद	57	15.8757	4.2007
918	टस	57	15.8757	4.2007
918	तथ	57	15.8757	4.2007
918	मण	57	15.8757	4.2007
918	ैज	57	15.8757	4.2007
919	n'	56	15.5972	4.193
919	ní	56	15.5972	4.193
919	up	56	15.5972	4.193
919	x$	56	15.5972	4.193
919	ँव	56	15.5972	4.193
919	मn	56	15.5972	4.193
919	ढ़ि	56	15.5972	4.193
920	चट	55	15.3187	4.1852
920	मध	55	15.3187	4.1852
920	ुइ	55	15.3187	4.1852
921	'l	54	15.0402	4.1773
921	ct	54	15.0402	4.1773
921	kş	54	15.0402	4.1773
921	oa	54	15.0402	4.1773
921	xa	54	15.0402	4.1773
921	चय	54	15.0402	4.1773
921	चस	54	15.0402	4.1773
921	मए	54	15.0402	4.1773
921	़ल	54	15.0402	4.1773
921	ीभ	54	15.0402	4.1773
921	्फ़	54	15.0402	4.1773
922	rc	53	14.7617	4.1691
922	आल	53	14.7617	4.1691
922	झी	53	14.7617	4.1691
922	तच	53	14.7617	4.1691
922	रथ	53	14.7617	4.1691
922	षत	53	14.7617	4.1691
923	je	52	14.4831	4.1609
923	अह	52	14.4831	4.1609
923	एय	52	14.4831	4.1609
923	कज	52	14.4831	4.1609
923	चप	52	14.4831	4.1609
923	डक	52	14.4831	4.1609
923	फट	52	14.4831	4.1609
923	ुध	52	14.4831	4.1609
924	^q	51	14.2046	4.1524
924	aj	51	14.2046	4.1524
924	ंए	51	14.2046	4.1524
924	इश	51	14.2046	4.1524
924	ीउ	51	14.2046	4.1524
925	^ś	50	13.9261	4.1438
925	mr	50	13.9261	4.1438
925	oy	50	13.9261	4.1438
925	py	50	13.9261	4.1438
925	आऊ	50	13.9261	4.1438
925	णन	50	13.9261	4.1438
925	नृ	50	13.9261	4.1438
925	म-	50	13.9261	4.1438
925	ुण	50	13.9261	4.1438
925	ॉड	50	13.9261	4.1438
926	ao	49	13.6476	4.1351
926	dl	49	13.6476	4.1351
926	nb	49	13.6476	4.1351
926	ढा	49	13.6476	4.1351
926	यॉ	49	13.6476	4.1351
927	^ऋ	48	13.3691	4.1261
927	az	48	13.3691	4.1261
927	pp	48	13.3691	4.1261
927	ui	48	13.3691	4.1261
927	अट	48	13.3691	4.1261
927	एव	48	13.3691	4.1261
927	कअ	48	13.3691	4.1261
927	घृ	48	13.3691	4.1261
927	झो	48	13.3691	4.1261
927	टव	48	13.3691	4.1261
927	िआ	48	13.3691	4.1261
927	ृण	48	13.3691	4.1261
928	i'	47	13.0905	4.117
928	sw	47	13.0905	4.117
928	t'	47	13.0905	4.117
928	इज	47	13.0905	4.117
928	उट	47	13.0905	4.117
928	टब	47	13.0905	4.117
928	लझ	47	13.0905	4.117
929	'म	46	12.812	4.1076
929	dy	46	12.812	4.1076
929	gy	46	12.812	4.1076
929	sn	46	12.812	4.1076
929	uk	46	12.812	4.1076
929	ंअ	46	12.812	4.1076
929	ंआ	46	12.812	4.1076
929	खद	46	12.812	4.1076
929	खय	46	12.812	4.1076
929	गस	46	12.812	4.1076
929	झौ	46	12.812	4.1076
929	ढं	46	12.812	4.1076
929	तट	46	12.812	4.1076
929	मव	46	12.812	4.1076
929	रफ़	46	12.812	4.1076
929	वट	46	12.812	4.1076
929	ैध	46	12.812	4.1076
929	ज़े	46	12.812	4.1076
929	ड़न	46	12.812	4.1076
930	't	45	12.5335	4.0981
930	ať	45	12.5335	4.0981
930	lg	45	12.5335	4.0981
930	ŧ$	45	12.5335	4.0981
930	आभ	45	12.5335	4.0981
930	ऋण	45	12.5335	4.0981
930	तख	45	12.5335	4.0981
930	पए	45	12.5335	4.0981
931	oh	44	12.255	4.0883
931	sl	44	12.255	4.0883
931	गब	44	12.255	4.0883
931	दह	44	12.255	4.0883
931	पथ	44	12.255	4.0883
931	ाढ	44	12.255	4.0883
931	िठ	44	12.255	4.0883
931	ुड़	44	12.255	4.0883
932	bs	43	11.9764	4.0783
932	gu	43	11.9764	4.0783
932	nz	43	11.9764	4.0783
932	tc	43	11.9764	4.0783
932	vs	43	11.9764	4.0783
932	ť$	43	11.9764	4.0783
932	ँक	43	11.9764	4.0783
932	ईट	43	11.9764	4.0783
932	ऊग	43	11.9764	4.0783
932	टौ	43	11.9764	4.0783
932	ोथ	43	11.9764	4.0783
933	j$	42	11.6979	4.0681
933	उ$	42	11.6979	4.0681
933	ठह	42	11.6979	4.0681
933	़ु	42	11.6979	4.0681
933	ाघ	42	11.6979	4.0681
933	ॉग	42	11.6979	4.0681
933	ज़ि	42	11.6979	4.0681
934	gl	41	11.4194	4.0576
934	ođ	41	11.4194	4.0576
934	z$	41	11.4194	4.0576
934	ंल	41	11.4194	4.0576
934	ऑन	41	11.4194	4.0576
934	डं	41	11.4194	4.0576
934	शौ	41	11.4194	4.0576
934	ाझ	41	11.4194	4.0576
934	फ़ो	41	11.4194	4.0576
935	eo	40	11.1409	4.0469
935	kn	40	11.1409	4.0469
935	rv	40	11.1409	4.0469
935	đ$	40	11.1409	4.0469
935	ँत	40	11.1409	4.0469
935	ंढ	40	11.1409	4.0469
935	उज	40	11.1409	4.0469
935	ण्	40	11.1409	4.0469
935	ेअ	40	11.1409	4.0469
935	ेए	40	11.1409	4.0469
935	ैथ	40	11.1409	4.0469
935	ड़ो	40	11.1409	4.0469
936	yi	39	10.8624	4.0359
936	अड	39	10.8624	4.0359
936	उब	39	10.8624	4.0359
936	एफ	39	10.8624	4.0359
936	यथ	39	10.8624	4.0359
936	यि	39	10.8624	4.0359
936	लद	39	10.8624	4.0359
936	षय	39	10.8624	4.0359
936	़व	39	10.8624	4.0359
936	ेआ	39	10.8624	4.0359
936	ौध	39	10.8624	4.0359
937	aw	38	10.5838	4.0246
937	ef	38	10.5838	4.0246
937	ii	38	10.5838	4.0246
937	ua	38	10.5838	4.0246
937	uç	38	10.5838	4.0246
937	ंछ	38	10.5838	4.0246
937	अय	38	10.5838	4.0246
937	ऑप	38	10.5838	4.0246
937	ओल	38	10.5838	4.0246
937	ग-	38	10.5838	4.0246
937	घि	38	10.5838	4.0246
937	हड़	38	10.5838	4.0246
937	ूय	38	10.5838	4.0246
937	ढ़$	38	10.5838	4.0246
937	ṇt	38	10.5838	4.0246
938	-द	37	10.3053	4.0131
938	ç$	37	10.3053	4.0131
938	ः$	37	10.3053	4.0131
938	नॉ	37	10.3053	4.0131
938	़प	37	10.3053	4.0131
938	ज़प	37	10.3053	4.0131
938	ढ़ा	37	10.3053	4.0131
939	-ब	36	10.0268	4.0012
939	bb	36	10.0268	4.0012
939	ft	36	10.0268	4.0012
939	ib	36	10.0268	4.0012
939	ms	36	10.0268	4.0012
939	एश	36	10.0268	4.0012
939	गट	36	10.0268	4.0012
939	झट	36	10.0268	4.0012
939	दश	36	10.0268	4.0012
939	धड	36	10.0268	4.0012
939	नप	36	10.0268	4.0012
939	शस	36	10.0268	4.0012
939	ूफ़	36	10.0268	4.0012
939	फ़े	36	10.0268	4.0012
940	gn	35	9.7483	3.9889
940	hl	35	9.7483	3.9889
940	nl	35	9.7483	3.9889
940	oe	35	9.7483	3.9889
940	rń	35	9.7483	3.9889
940	sṇ	35	9.7483	3.9889
940	vo	35	9.7483	3.9889
940	अश	35	9.7483	3.9889
940	खट	35	9.7483	3.9889
940	गम	35	9.7483	3.9889
940	गश	35	9.7483	3.9889
940	झं	35	9.7483	3.9889
940	ढो	35	9.7483	3.9889
940	वू	35	9.7483	3.9889
940	फ़ा	35	9.7483	3.9889
941	ew	34	9.4697	3.9763
941	lf	34	9.4697	3.9763
941	ym	34	9.4697	3.9763
941	yu	34	9.4697	3.9763
941	úr	34	9.4697	3.9763
941	खं	34	9.4697	3.9763
941	गण	34	9.4697	3.9763
941	ढक	34	9.4697	3.9763
941	मई	34	9.4697	3.9763
941	वफ	34	9.4697	3.9763
942	ax	33	9.1912	3.9634
942	e'	33	9.1912	3.9634
942	lp	33	9.1912	3.9634
942	rf	33	9.1912	3.9634
942	rú	33	9.1912	3.9634
942	इप	33	9.1912	3.9634
942	इब	33	9.1912	3.9634
942	चच	33	9.1912	3.9634
942	चह	33	9.1912	3.9634
942	ढे	33	9.1912	3.9634
942	तद	33	9.1912	3.9634
942	भं	33	9.1912	3.9634
942	भक	33	9.1912	3.9634
942	रौ	33	9.1912	3.9634
942	वव	33	9.1912	3.9634
942	सश	33	9.1912	3.9634
942	ीई	33	9.1912	3.9634
942	ूआ	33	9.1912	3.9634
943	^đ	32	8.9127	3.95
943	sy	32	8.9127	3.95
943	yr	32	8.9127	3.95
943	él	32	8.9127	3.95
943	ँद	32	8.9127	3.95
943	ँध	32	8.9127	3.95
943	एए	32	8.9127	3.95
943	कथ	32	8.9127	3.95
943	खज	32	8.9127	3.95
943	ग़	32	8.9127	3.95
943	चॉ	32	8.9127	3.95
943	झप	32	8.9127	3.95
943	दै	32	8.9127	3.95
943	यज	32	8.9127	3.95
943	हौ	32	8.9127	3.95
944	aď	31	8.6342	3.9362
944	mh	31	8.6342	3.9362
944	mt	31	8.6342	3.9362
944	sí	31	8.6342	3.9362
944	uh	31	8.6342	3.9362
944	खौ	31	8.6342	3.9362
944	छव	31	8.6342	3.9362
944	झद	31	8.6342	3.9362
944	भट	31	8.6342	3.9362
944	भत	31	8.6342	3.9362
944	यट	31	8.6342	3.9362
944	लज	31	8.6342	3.9362
944	फ़र	31	8.6342	3.9362
944	ṇd	31	8.6342	3.9362
945	^ग़	30	8.3557	3.922
945	hh	30	8.3557	3.922
945	jh	30	8.3557	3.922
945	ďi	30	8.3557	3.922
945	ईड	30	8.3557	3.922
945	ईव	30	8.3557	3.922
945	एप	30	8.3557	3.922
945	ठ्	30	8.3557	3.922
945	ढल	30	8.3557	3.922
945	ढी	30	8.3557	3.922
945	पग	30	8.3557	3.922
945	मप	30	8.3557	3.922
945	यड	30	8.3557	3.922
945	शप	30	8.3557	3.922
945	हह	30	8.3557	3.922
945	ीअ	30	8.3557	3.922
945	ेज़	30	8.3557	3.922
945	ज़्	30	8.3557	3.922
946	dw	29	8.0771	3.9073
946	ix	29	8.0771	3.9073
946	lk	29	8.0771	3.9073
946	mc	29	8.0771	3.9073
946	nj	29	8.0771	3.9073
946	nw	29	8.0771	3.9073
946	pk	29	8.0771	3.9073
946	गौ	29	8.0771	3.9073
946	ञ$	29	8.0771	3.9073
946	यौ	29	8.0771	3.9073
946	रआ	29	8.0771	3.9073
946	़स	29	8.0771	3.9073
946	ूष	29	8.0771	3.9073
946	ेइ	29	8.0771	3.9073
946	ख़त	29	8.0771	3.9073
947	-म	28	7.7986	3.892
947	gt	28	7.7986	3.892
947	iś	28	7.7986	3.892
947	jí	28	7.7986	3.892
947	pŧ	28	7.7986	3.892
947	sb	28	7.7986	3.892
947	xt	28	7.7986	3.892
947	ंथ	28	7.7986	3.892
947	अख	28	7.7986	3.892
947	एट	28	7.7986	3.892
947	जस	28	7.7986	3.892
947	त-	28	7.7986	3.892
947	तप	28	7.7986	3.892
947	तभ	28	7.7986	3.892
947	तज़	28	7.7986	3.892
947	धव	28	7.7986	3.892
947	ीओ	28	7.7986	3.892
947	ीघ	28	7.7986	3.892
947	ṭa	28	7.7986	3.892
948	-क	27	7.5201	3.8762
948	uf	27	7.5201	3.8762
948	yl	27	7.5201	3.8762
948	és	27	7.5201	3.8762
948	śa	27	7.5201	3.8762
948	घब	27	7.5201	3.8762
948	छड	27	7.5201	3.8762
948	डस	27	7.5201	3.8762
948	ढ$	27	7.5201	3.8762
948	नच	27	7.5201	3.8762
948	फॉ	27	7.5201	3.8762
948	शद	27	7.5201	3.8762
948	शम	27	7.5201	3.8762
948	सख	27	7.5201	3.8762
949	^ç	26	7.2416	3.8598
949	ंठ	26	7.2416	3.8598
949	उग	26	7.2416	3.8598
949	एच	26	7.2416	3.8598
949	ऑट	26	7.2416	3.8598
949	ऑफ़	26	7.2416	3.8598
949	क'	26	7.2416	3.8598
949	जट	26	7.2416	3.8598
949	डट	26	7.2416	3.8598
949	तः	26	7.2416	3.8598
949	बई	26	7.2416	3.8598
949	लभ	26	7.2416	3.8598
949	षज	26	7.2416	3.8598
949	़य	26	7.2416	3.8598
949	ीr	26	7.2416	3.8598
949	ोझ	26	7.2416	3.8598
949	फ़ै	26	7.2416	3.8598
950	-व	25	6.963	3.8428
950	cy	25	6.963	3.8428
950	iṇ	25	6.963	3.8428
950	ox	25	6.963	3.8428
950	tv	25	6.963	3.8428
950	uv	25	6.963	3.8428
950	uz	25	6.963	3.8428
950	yn	25	6.963	3.8428
950	ंउ	25	6.963	3.8428
950	घे	25	6.963	3.8428
950	घ्	25	6.963	3.8428
950	थै	25	6.963	3.8428
950	भौ	25	6.963	3.8428
950	हए	25	6.963	3.8428
950	हख	25	6.963	3.8428
950	ैब	25	6.963	3.8428
950	ॉइ	25	6.963	3.8428
951	bh	24	6.6845	3.8251
951	bn	24	6.6845	3.8251
951	jn	24	6.6845	3.8251
951	rw	24	6.6845	3.8251
951	tm	24	6.6845	3.8251
951	zi	24	6.6845	3.8251
951	ŧo	24	6.6845	3.8251
951	उर	24	6.6845	3.8251
951	ऑक	24	6.6845	3.8251
951	खड़	24	6.6845	3.8251
951	ठर	24	6.6845	3.8251
951	थप	24	6.6845	3.8251
951	पब	24	6.6845	3.8251
951	बय	24	6.6845	3.8251
951	ल-	24	6.6845	3.8251
951	वम	24	6.6845	3.8251
951	िघ	24	6.6845	3.8251
951	ूध	24	6.6845	3.8251
951	ोभ	24	6.6845	3.8251
951	ौश	24	6.6845	3.8251
951	ṇg	24	6.6845	3.8251
952	-ए	23	6.406	3.8066
952	eu	23	6.406	3.8066
952	yk	23	6.406	3.8066
952	yz	23	6.406	3.8066
952	śi	23	6.406	3.8066
952	झग	23	6.406	3.8066
952	टख	23	6.406	3.8066
952	यभ	23	6.406	3.8066
952	ूए	23	6.406	3.8066
952	ेई	23	6.406	3.8066
952	ोऊ	23	6.406	3.8066
952	ौभ	23	6.406	3.8066
952	ख़र	23	6.406	3.8066
952	ख़ु	23	6.406	3.8066
953	eŧ	22	6.1275	3.7873
953	lm	22	6.1275	3.7873
953	oń	22	6.1275	3.7873
953	tw	22	6.1275	3.7873
953	uj	22	6.1275	3.7873
953	ví	22	6.1275	3.7873
953	zh	22	6.1275	3.7873
953	íp	22	6.1275	3.7873
953	ईआ	22	6.1275	3.7873
953	ऑल	22	6.1275	3.7873
953	वग	22	6.1275	3.7873
953	हअ	22	6.1275	3.7873
953	़ई	22	6.1275	3.7873
953	़म	22	6.1275	3.7873
953	ाआ	22	6.1275	3.7873
953	ीँ	22	6.1275	3.7873
953	ीथ	22	6.1275	3.7873
953	ुढ	22	6.1275	3.7873
953	ुय	22	6.1275	3.7873
953	ूझ	22	6.1275	3.7873
953	ृह	22	6.1275	3.7873
953	ेध	22	6.1275	3.7873
953	ौथ	22	6.1275	3.7873
954	'ए	21	5.849	3.7671
954	by	21	5.849	3.7671
954	eś	21	5.849	3.7671
954	hs	21	5.849	3.7671
954	tk	21	5.849	3.7671
954	tn	21	5.849	3.7671
954	tz	21	5.849	3.7671
954	xc	21	5.849	3.7671
954	ço	21	5.849	3.7671
954	ík	21	5.849	3.7671
954	úp	21	5.849	3.7671
954	đe	21	5.849	3.7671
954	ऑस	21	5.849	3.7671
954	ओय	21	5.849	3.7671
954	ओस	21	5.849	3.7671
954	औप	21	5.849	3.7671
954	खच	21	5.849	3.7671
954	गृ	21	5.849	3.7671
954	झल	21	5.849	3.7671
954	ठभ	21	5.849	3.7671
954	तड	21	5.849	3.7671
954	फव	21	5.849	3.7671
954	मट	21	5.849	3.7671
954	लफ	21	5.849	3.7671
954	हफ़	21	5.849	3.7671
954	ेघ	21	5.849	3.7671
954	ौच	21	5.849	3.7671
955	'उ	20	5.5704	3.7459
955	'न	20	5.5704	3.7459
955	'स	20	5.5704	3.7459
955	-अ	20	5.5704	3.7459
955	bc	20	5.5704	3.7459
955	ej	20	5.5704	3.7459
955	km	20	5.5704	3.7459
955	nr	20	5.5704	3.7459
955	pú	20	5.5704	3.7459
955	rj	20	5.5704	3.7459
955	sg	20	5.5704	3.7459
955	yd	20	5.5704	3.7459
955	đr	20	5.5704	3.7459
955	आउ	20	5.5704	3.7459
955	ईश	20	5.5704	3.7459
955	एब	20	5.5704	3.7459
955	ऑर	20	5.5704	3.7459
955	ओड	20	5.5704	3.7459
955	गॉ	20	5.5704	3.7459
955	गड़	20	5.5704	3.7459
955	घल	20	5.5704	3.7459
955	पछ	20	5.5704	3.7459
955	पढ़	20	5.5704	3.7459
955	मआ	20	5.5704	3.7459
955	रउ	20	5.5704	3.7459
955	रट	20	5.5704	3.7459
955	ूव	20	5.5704	3.7459
955	ृक	20	5.5704	3.7459
955	ोज़	20	5.5704	3.7459
955	ज़ो	20	5.5704	3.7459
956	'r	19	5.2919	3.7236
956	'ह	19	5.2919	3.7236
956	-ग	19	5.2919	3.7236
956	dc	19	5.2919	3.7236
956	iu	19	5.2919	3.7236
956	iz	19	5.2919	3.7236
956	kd	19	5.2919	3.7236
956	pŕ	19	5.2919	3.7236
956	sr	19	5.2919	3.7236
956	ē$	19	5.2919	3.7236
956	şi	19	5.2919	3.7236
956	š$	19	5.2919	3.7236
956	ƀa	19	5.2919	3.7236
956	ँट	19	5.2919	3.7236
956	ँफ	19	5.2919	3.7236
956	ंइ	19	5.2919	3.7236
956	उभ	19	5.2919	3.7236
956	ऊब	19	5.2919	3.7236
956	खव	19	5.2919	3.7236
956	घी	19	5.2919	3.7236
956	जश	19	5.2919	3.7236
956	ट-	19	5.2919	3.7236
956	दख	19	5.2919	3.7236
956	धं	19	5.2919	3.7236
956	भन	19	5.2919	3.7236
956	मड	19	5.2919	3.7236
956	ह-	19	5.2919	3.7236
956	हण	19	5.2919	3.7236
956	हप	19	5.2919	3.7236
956	हज़	19	5.2919	3.7236
956	ाछ	19	5.2919	3.7236
956	ाि	19	5.2919	3.7236
956	ेण	19	5.2919	3.7236
956	ैफ	19	5.2919	3.7236
956	ोठ	19	5.2919	3.7236
956	़्	19	5.2919	3.7236
956	ग़ल	19	5.2919	3.7236
956	ज़ी	19	5.2919	3.7236
957	'ब	18	5.0134	3.7001
957	dn	18	5.0134	3.7001
957	jb	18	5.0134	3.7001
957	ké	18	5.0134	3.7001
957	lc	18	5.0134	3.7001
957	mg	18	5.0134	3.7001
957	xe	18	5.0134	3.7001
957	xn	18	5.0134	3.7001
957	xo	18	5.0134	3.7001
957	á$	18	5.0134	3.7001
957	át	18	5.0134	3.7001
957	ŕť	18	5.0134	3.7001
957	ś$	18	5.0134	3.7001
957	ťv	18	5.0134	3.7001
957	ईओ	18	5.0134	3.7001
957	ईज	18	5.0134	3.7001
957	ईर	18	5.0134	3.7001
957	उथ	18	5.0134	3.7001
957	एआ	18	5.0134	3.7001
957	ओप	18	5.0134	3.7001
957	कफ	18	5.0134	3.7001
957	कय	18	5.0134	3.7001
957	चव	18	5.0134	3.7001
957	टह	18	5.0134	3.7001
957	ठग	18	5.0134	3.7001
957	तफ	18	5.0134	3.7001
957	थग	18	5.0134	3.7001
957	वभ	18	5.0134	3.7001
957	शय	18	5.0134	3.7001
957	़द	18	5.0134	3.7001
957	़ौ	18	5.0134	3.7001
957	ृं	18	5.0134	3.7001
957	ॉश	18	5.0134	3.7001
957	ṇn	18	5.0134	3.7001
957	ṇđ	18	5.0134	3.7001
958	'आ	17	4.7349	3.6753
958	-ल	17	4.7349	3.6753
958	-श	17	4.7349	3.6753
958	aƀ	17	4.7349	3.6753
958	hn	17	4.7349	3.6753
958	mí	17	4.7349	3.6753
958	tí	17	4.7349	3.6753
958	vr	17	4.7349	3.6753
958	ďa	17	4.7349	3.6753
958	đa	17	4.7349	3.6753
958	ईअ	17	4.7349	3.6753
958	गढ	17	4.7349	3.6753
958	झक	17	4.7349	3.6753
958	फब	17	4.7349	3.6753
958	फह	17	4.7349	3.6753
958	मअ	17	4.7349	3.6753
958	मख	17	4.7349	3.6753
958	रृ	17	4.7349	3.6753
958	वद	17	4.7349	3.6753
958	सफ़	17	4.7349	3.6753
958	ाअ	17	4.7349	3.6753
958	ूढ़	17	4.7349	3.6753
959	-d	16	4.4564	3.649
959	aṭ	16	4.4564	3.649
959	lí	16	4.4564	3.649
959	rx	16	4.4564	3.649
959	wr	16	4.4564	3.649
959	y'	16	4.4564	3.649
959	yt	16	4.4564	3.649
959	ऊन	16	4.4564	3.649
959	ऊह	16	4.4564	3.649
959	ओउ	16	4.4564	3.649
959	तग	16	4.4564	3.649
959	दड	16	4.4564	3.649
959	धै	16	4.4564	3.649
959	फड	16	4.4564	3.649
959	यध	16	4.4564	3.649
959	रड	16	4.4564	3.649
959	वण	16	4.4564	3.649
959	षु	16	4.4564	3.649
959	हग	16	4.4564	3.649
959	िज़	16	4.4564	3.649
959	ोए	16	4.4564	3.649
959	ौह	16	4.4564	3.649
959	्ढ	16	4.4564	3.649
960	'ल	15	4.1778	3.6209
960	lr	15	4.1778	3.6209
960	r-	15	4.1778	3.6209
960	sv	15	4.1778	3.6209
960	sƀ	15	4.1778	3.6209
960	uy	15	4.1778	3.6209
960	én	15	4.1778	3.6209
960	úl	15	4.1778	3.6209
960	ŕt	15	4.1778	3.6209
960	ŧa	15	4.1778	3.6209
960	ŧr	15	4.1778	3.6209
960	ंझ	15	4.1778	3.6209
960	इफ	15	4.1778	3.6209
960	ईन	15	4.1778	3.6209
960	उछ	15	4.1778	3.6209
960	गक	15	4.1778	3.6209
960	चब	15	4.1778	3.6209
960	णत	15	4.1778	3.6209
960	थु	15	4.1778	3.6209
960	नड	15	4.1778	3.6209
960	नभ	15	4.1778	3.6209
960	नज़	15	4.1778	3.6209
960	षद	15	4.1778	3.6209
960	स-	15	4.1778	3.6209
960	हउ	15	4.1778	3.6209
960	ुः	15	4.1778	3.6209
960	ूश	15	4.1778	3.6209
960	ॉज	15	4.1778	3.6209
961	'अ	14	3.8993	3.591
961	^ď	14	3.8993	3.591
961	^ţ	14	3.8993	3.591
961	bí	14	3.8993	3.591
961	cç	14	3.8993	3.591
961	gí	14	3.8993	3.591
961	kw	14	3.8993	3.591
961	lj	14	3.8993	3.591
961	lv	14	3.8993	3.591
961	oj	14	3.8993	3.591
961	uś	14	3.8993	3.591
961	vn	14	3.8993	3.591
961	wn	14	3.8993	3.591
961	ín	14	3.8993	3.591
961	ā$	14	3.8993	3.591
961	śv	14	3.8993	3.591
961	ťe	14	3.8993	3.591
961	νe	14	3.8993	3.591
961	ँए	14	3.8993	3.591
961	ँब	14	3.8993	3.591
961	ंं	14	3.8993	3.591
961	ःख	14	3.8993	3.591
961	उँ	14	3.8993	3.591
961	ऐं	14	3.8993	3.591
961	कआ	14	3.8993	3.591
961	कइ	14	3.8993	3.591
961	कग	14	3.8993	3.591
961	घम	14	3.8993	3.591
961	जज	14	3.8993	3.591
961	टप	14	3.8993	3.591
961	तछ	14	3.8993	3.591
961	थौ	14	3.8993	3.591
961	पअ	14	3.8993	3.591
961	फँ	14	3.8993	3.591
961	भद	14	3.8993	3.591
961	रष	14	3.8993	3.591
961	लश	14	3.8993	3.591
961	ाक़	14	3.8993	3.591
961	ुज़	14	3.8993	3.591
961	ेठ	14	3.8993	3.591
961	क़ी	14	3.8993	3.591
961	ज़ब	14	3.8993	3.591
961	ड़ि	14	3.8993	3.591
961	ṇs	14	3.8993	3.591
962	'त	13	3.6208	3.5588
962	'य	13	3.6208	3.5588
962	bd	13	3.6208	3.5588
962	db	13	3.6208	3.5588
962	dď	13	3.6208	3.5588
962	kƀ	13	3.6208	3.5588
962	lb	13	3.6208	3.5588
962	nv	13	3.6208	3.5588
962	oí	13	3.6208	3.5588
962	pé	13	3.6208	3.5588
962	pí	13	3.6208	3.5588
962	sť	13	3.6208	3.5588
962	u'	13	3.6208	3.5588
962	vy	13	3.6208	3.5588
962	yp	13	3.6208	3.5588
962	zz	13	3.6208	3.5588
962	ád	13	3.6208	3.5588
962	śr	13	3.6208	3.5588
962	ँघ	13	3.6208	3.5588
962	अफ़	13	3.6208	3.5588
962	आट	13	3.6208	3.5588
962	आब	13	3.6208	3.5588
962	ई-	13	3.6208	3.5588
962	एथ	13	3.6208	3.5588
962	ऐत	13	3.6208	3.5588
962	ओब	13	3.6208	3.5588
962	कण	13	3.6208	3.5588
962	कष	13	3.6208	3.5588
962	गप	13	3.6208	3.5588
962	जड	13	3.6208	3.5588
962	ढन	13	3.6208	3.5588
962	ढह	13	3.6208	3.5588
962	नअ	13	3.6208	3.5588
962	पज	13	3.6208	3.5588
962	मऊ	13	3.6208	3.5588
962	सए	13	3.6208	3.5588
962	सघ	13	3.6208	3.5588
962	ीढ़	13	3.6208	3.5588
962	ौब	13	3.6208	3.5588
962	क़ा	13	3.6208	3.5588
962	ज़न	13	3.6208	3.5588
962	ढ़ी	13	3.6208	3.5588
962	ṇk	13	3.6208	3.5588
963	-र	12	3.3423	3.524
963	^ŧ	12	3.3423	3.524
963	aš	12	3.3423	3.524
963	bṇ	12	3.3423	3.524
963	dú	12	3.3423	3.524
963	eè	12	3.3423	3.524
963	kp	12	3.3423	3.524
963	kđ	12	3.3423	3.524
963	md	12	3.3423	3.524
963	mz	12	3.3423	3.524
963	oś	12	3.3423	3.524
963	vā	12	3.3423	3.524
963	xf	12	3.3423	3.524
963	xi	12	3.3423	3.524
963	yc	12	3.3423	3.524
963	áv	12	3.3423	3.524
963	èa	12	3.3423	3.524
963	íc	12	3.3423	3.524
963	ív	12	3.3423	3.524
963	ān	12	3.3423	3.524
963	ār	12	3.3423	3.524
963	ŧe	12	3.3423	3.524
963	ŧn	12	3.3423	3.524
963	अ$	12	3.3423	3.524
963	ईब	12	3.3423	3.524
963	उड़	12	3.3423	3.524
963	खम	12	3.3423	3.524
963	छप	12	3.3423	3.524
963	टच	12	3.3423	3.524
963	डह	12	3.3423	3.524
963	ढि	12	3.3423	3.524
963	थू	12	3.3423	3.524
963	ीफ़	12	3.3423	3.524
963	ेछ	12	3.3423	3.524
963	ैअ	12	3.3423	3.524
963	ोअ	12	3.3423	3.524
963	ोओ	12	3.3423	3.524
964	'v	11	3.0637	3.4862
964	'ज	11	3.0637	3.4862
964	-ट	11	3.0637	3.4862
964	^ō	11	3.0637	3.4862
964	^ष	11	3.0637	3.4862
964	aí	11	3.0637	3.4862
964	ez	11	3.0637	3.4862
964	fs	11	3.0637	3.4862
964	gd	11	3.0637	3.4862
964	jy	11	3.0637	3.4862
964	k-	11	3.0637	3.4862
964	kŧ	11	3.0637	3.4862
964	m-	11	3.0637	3.4862
964	mj	11	3.0637	3.4862
964	ml	11	3.0637	3.4862
964	nf	11	3.0637	3.4862
964	nm	11	3.0637	3.4862
964	sक	11	3.0637	3.4862
964	uṇ	11	3.0637	3.4862
964	ça	11	3.0637	3.4862
964	ír	11	3.0637	3.4862
964	đí	11	3.0637	3.4862
964	śu	11	3.0637	3.4862
964	śí	11	3.0637	3.4862
964	ş$	11	3.0637	3.4862
964	ţí	11	3.0637	3.4862
964	ँभ	11	3.0637	3.4862
964	अँ	11	3.0637	3.4862
964	एअ	11	3.0637	3.4862
964	खण	11	3.0637	3.4862
964	चख	11	3.0637	3.4862
964	चश	11	3.0637	3.4862
964	झम	11	3.0637	3.4862
964	ठब	11	3.0637	3.4862
964	णव	11	3.0637	3.4862
964	नः	11	3.0637	3.4862
964	नछ	11	3.0637	3.4862
964	पभ	11	3.0637	3.4862
964	ब-	11	3.0637	3.4862
964	भड	11	3.0637	3.4862
964	य-	11	3.0637	3.4862
964	य्	11	3.0637	3.4862
964	रऔ	11	3.0637	3.4862
964	शख	11	3.0637	3.4862
964	़ह	11	3.0637	3.4862
964	िफ़	11	3.0637	3.4862
964	ुथ	11	3.0637	3.4862
964	ुफ़	11	3.0637	3.4862
964	ेभ	11	3.0637	3.4862
964	ेड़	11	3.0637	3.4862
964	ॉच	11	3.0637	3.4862
964	ṇj	11	3.0637	3.4862
964	ṇŧ	11	3.0637	3.4862
965	'द	10	2.7852	3.4449
965	'प	10	2.7852	3.4449
965	-उ	10	2.7852	3.4449
965	-ज	10	2.7852	3.4449
965	-न	10	2.7852	3.4449
965	-भ	10	2.7852	3.4449
965	cs	10	2.7852	3.4449
965	h-	10	2.7852	3.4449
965	kŕ	10	2.7852	3.4449
965	nē	10	2.7852	3.4449
965	o'	10	2.7852	3.4449
965	pd	10	2.7852	3.4449
965	sj	10	2.7852	3.4449
965	té	10	2.7852	3.4449
965	vu	10	2.7852	3.4449
965	wj	10	2.7852	3.4449
965	xu	10	2.7852	3.4449
965	ók	10	2.7852	3.4449
965	ú$	10	2.7852	3.4449
965	ď$	10	2.7852	3.4449
965	şy	10	2.7852	3.4449
965	ँप	10	2.7852	3.4449
965	ँम	10	2.7852	3.4449
965	ंऊ	10	2.7852	3.4449
965	आड	10	2.7852	3.4449
965	ईल	10	2.7852	3.4449
965	एत	10	2.7852	3.4449
965	टं	10	2.7852	3.4449
965	डत	10	2.7852	3.4449
965	दभ	10	2.7852	3.4449
965	नख	10	2.7852	3.4449
965	पउ	10	2.7852	3.4449
965	फए	10	2.7852	3.4449
965	बौ	10	2.7852	3.4449
965	भप	10	2.7852	3.4449
965	मफ	10	2.7852	3.4449
965	यग	10	2.7852	3.4449
965	व-	10	2.7852	3.4449
965	सँ	10	2.7852	3.4449
965	हआ	10	2.7852	3.4449
965	ीण	10	2.7852	3.4449
965	ृढ	10	2.7852	3.4449
965	ेउ	10	2.7852	3.4449
965	ोफ़	10	2.7852	3.4449
965	क़्	10	2.7852	3.4449
965	ढ़े	10	2.7852	3.4449
965	ḍi	10	2.7852	3.4449
966	'c	9	2.5067	3.3991
966	'g	9	2.5067	3.3991
966	-च	9	2.5067	3.3991
966	bt	9	2.5067	3.3991
966	dv	9	2.5067	3.3991
966	hk	9	2.5067	3.3991
966	qa	9	2.5067	3.3991
966	rş	9	2.5067	3.3991
966	sŧ	9	2.5067	3.3991
966	t-	9	2.5067	3.3991
966	vl	9	2.5067	3.3991
966	ws	9	2.5067	3.3991
966	xy	9	2.5067	3.3991
966	yb	9	2.5067	3.3991
966	ás	9	2.5067	3.3991
966	ék	9	2.5067	3.3991
966	ďn	9	2.5067	3.3991
966	şŧ	9	2.5067	3.3991
966	ťí	9	2.5067	3.3991
966	ƀe	9	2.5067	3.3991
966	ँआ	9	2.5067	3.3991
966	ँज	9	2.5067	3.3991
966	ँड	9	2.5067	3.3991
966	इथ	9	2.5067	3.3991
966	ईक	9	2.5067	3.3991
966	ईग	9	2.5067	3.3991
966	ऑड	9	2.5067	3.3991
966	घड़	9	2.5067	3.3991
966	जध	9	2.5067	3.3991
966	ठव	9	2.5067	3.3991
966	णद	9	2.5067	3.3991
966	तआ	9	2.5067	3.3991
966	थ-	9	2.5067	3.3991
966	धौ	9	2.5067	3.3991
966	प-	9	2.5067	3.3991
966	बव	9	2.5067	3.3991
966	मउ	9	2.5067	3.3991
966	मघ	9	2.5067	3.3991
966	यक़	9	2.5067	3.3991
966	शव	9	2.5067	3.3991
966	षध	9	2.5067	3.3991
966	सआ	9	2.5067	3.3991
966	सड़	9	2.5067	3.3991
966	हश	9	2.5067	3.3991
966	़ख	9	2.5067	3.3991
966	़ग	9	2.5067	3.3991
966	ौख	9	2.5067	3.3991
966	ग़ै	9	2.5067	3.3991
966	फ़स	9	2.5067	3.3991
966	ṇc	9	2.5067	3.3991
967	'd	8	2.2282	3.348
967	-e	8	2.2282	3.348
967	-h	8	2.2282	3.348
967	-इ	8	2.2282	3.348
967	^é	8	2.2282	3.348
967	dh	8	2.2282	3.348
967	dí	8	2.2282	3.348
967	lđ	8	2.2282	3.348
967	mk	8	2.2282	3.348
967	mó	8	2.2282	3.348
967	oŧ	8	2.2282	3.348
967	pń	8	2.2282	3.348
967	rı	8	2.2282	3.348
967	rś	8	2.2282	3.348
967	sq	8	2.2282	3.348
967	ux	8	2.2282	3.348
967	uá	8	2.2282	3.348
967	vk	8	2.2282	3.348
967	vś	8	2.2282	3.348
967	yṇ	8	2.2282	3.348
967	zg	8	2.2282	3.348
967	áy	8	2.2282	3.348
967	æi	8	2.2282	3.348
967	éy	8	2.2282	3.348
967	ít	8	2.2282	3.348
967	íy	8	2.2282	3.348
967	út	8	2.2282	3.348
967	ďy	8	2.2282	3.348
967	đk	8	2.2282	3.348
967	ız	8	2.2282	3.348
967	ťi	8	2.2282	3.348
967	ŧk	8	2.2282	3.348
967	ƀú	8	2.2282	3.348
967	ँठ	8	2.2282	3.348
967	ंऔ	8	2.2282	3.348
967	आच	8	2.2282	3.348
967	ईप	8	2.2282	3.348
967	ऊद	8	2.2282	3.348
967	एइ	8	2.2282	3.348
967	ओए	8	2.2282	3.348
967	ओट	8	2.2282	3.348
967	औस	8	2.2282	3.348
967	कघ	8	2.2282	3.348
967	गज़	8	2.2282	3.348
967	च-	8	2.2282	3.348
967	णक	8	2.2282	3.348
967	णप	8	2.2282	3.348
967	थब	8	2.2282	3.348
967	द-	8	2.2282	3.348
967	दफ़	8	2.2282	3.348
967	ध-	8	2.2282	3.348
967	न'	8	2.2282	3.348
967	बँ	8	2.2282	3.348
967	बछ	8	2.2282	3.348
967	बप	8	2.2282	3.348
967	लघ	8	2.2282	3.348
967	वक़	8	2.2282	3.348
967	शग	8	2.2282	3.348
967	हृ	8	2.2282	3.348
967	हॆ	8	2.2282	3.348
967	़च	8	2.2282	3.348
967	ीt	8	2.2282	3.348
967	ीड़	8	2.2282	3.348
967	ॆ$	8	2.2282	3.348
967	ोघ	8	2.2282	3.348
967	ौड़	8	2.2282	3.348
967	ज़म	8	2.2282	3.348
967	ढ़न	8	2.2282	3.348
967	ḍḍ	8	2.2282	3.348
968	'e	7	1.9497	3.29
968	'ख	7	1.9497	3.29
968	'ड	7	1.9497	3.29
968	'र	7	1.9497	3.29
968	-b	7	1.9497	3.29
968	^ǵ	7	1.9497	3.29
968	ań	7	1.9497	3.29
968	aṁ	7	1.9497	3.29
968	bj	7	1.9497	3.29
968	bú	7	1.9497	3.29
968	cp	7	1.9497	3.29
968	dk	7	1.9497	3.29
968	e-	7	1.9497	3.29
968	eआ	7	1.9497	3.29
968	eḍ	7	1.9497	3.29
968	hb	7	1.9497	3.29
968	hd	7	1.9497	3.29
968	iq	7	1.9497	3.29
968	iš	7	1.9497	3.29
968	iƀ	7	1.9497	3.29
968	jl	7	1.9497	3.29
968	jr	7	1.9497	3.29
968	kó	7	1.9497	3.29
968	kô	7	1.9497	3.29
968	kú	7	1.9497	3.29
968	lw	7	1.9497	3.29
968	lz	7	1.9497	3.29
968	lŧ	7	1.9497	3.29
968	mā	7	1.9497	3.29
968	nक	7	1.9497	3.29
968	oz	7	1.9497	3.29
968	r'	7	1.9497	3.29
968	rđ	7	1.9497	3.29
968	s'	7	1.9497	3.29
968	sd	7	1.9497	3.29
968	sú	7	1.9497	3.29
968	tb	7	1.9497	3.29
968	tj	7	1.9497	3.29
968	uí	7	1.9497	3.29
968	y-	7	1.9497	3.29
968	áś	7	1.9497	3.29
968	éd	7	1.9497	3.29
968	ón	7	1.9497	3.29
968	ör	7	1.9497	3.29
968	śk	7	1.9497	3.29
968	şk	7	1.9497	3.29
968	şń	7	1.9497	3.29
968	ँय	7	1.9497	3.29
968	ंढ़	7	1.9497	3.29
968	इओ	7	1.9497	3.29
968	ईघ	7	1.9497	3.29
968	ईय	7	1.9497	3.29
968	उफ	7	1.9497	3.29
968	एउ	7	1.9497	3.29
968	ऐन	7	1.9497	3.29
968	ओफ	7	1.9497	3.29
968	खप	7	1.9497	3.29
968	चओ	7	1.9497	3.29
968	च़	7	1.9497	3.29
968	चढ़	7	1.9497	3.29
968	छ्	7	1.9497	3.29
968	णभ	7	1.9497	3.29
968	णम	7	1.9497	3.29
968	थं	7	1.9497	3.29
968	थॉ	7	1.9497	3.29
968	धल	7	1.9497	3.29
968	नफ़	7	1.9497	3.29
968	पऔ	7	1.9497	3.29
968	बब	7	1.9497	3.29
968	यण	7	1.9497	3.29
968	रछ	7	1.9497	3.29
968	लख	7	1.9497	3.29
968	लल	7	1.9497	3.29
968	वौ	7	1.9497	3.29
968	शभ	7	1.9497	3.29
968	षड	7	1.9497	3.29
968	षै	7	1.9497	3.29
968	सग	7	1.9497	3.29
968	ाग़	7	1.9497	3.29
968	िओ	7	1.9497	3.29
968	िढ	7	1.9497	3.29
968	ीष	7	1.9497	3.29
968	ुठ	7	1.9497	3.29
968	ेओ	7	1.9497	3.29
968	ोउ	7	1.9497	3.29
968	्ि	7	1.9497	3.29
968	क़$	7	1.9497	3.29
968	ख़य	7	1.9497	3.29
968	ख़ि	7	1.9497	3.29
968	ड़ब	7	1.9497	3.29
969	'च	6	1.6711	3.223
969	'ट	6	1.6711	3.223
969	-आ	6	1.6711	3.223
969	^क़	6	1.6711	3.223
969	aś	6	1.6711	3.223
969	aν	6	1.6711	3.223
969	bđ	6	1.6711	3.223
969	eæ	6	1.6711	3.223
969	eν	6	1.6711	3.223
969	fb	6	1.6711	3.223
969	fh	6	1.6711	3.223
969	iş	6	1.6711	3.223
969	iŧ	6	1.6711	3.223
969	jv	6	1.6711	3.223
969	jö	6	1.6711	3.223
969	kv	6	1.6711	3.223
969	lh	6	1.6711	3.223
969	np	6	1.6711	3.223
969	nā	6	1.6711	3.223
969	o-	6	1.6711	3.223
969	oď	6	1.6711	3.223
969	pm	6	1.6711	3.223
969	sf	6	1.6711	3.223
969	tf	6	1.6711	3.223
969	uw	6	1.6711	3.223
969	uæ	6	1.6711	3.223
969	uđ	6	1.6711	3.223
969	vj	6	1.6711	3.223
969	vv	6	1.6711	3.223
969	yw	6	1.6711	3.223
969	zl	6	1.6711	3.223
969	ár	6	1.6711	3.223
969	çe	6	1.6711	3.223
969	ér	6	1.6711	3.223
969	úm	6	1.6711	3.223
969	đi	6	1.6711	3.223
969	đn	6	1.6711	3.223
969	ōb	6	1.6711	3.223
969	śy	6	1.6711	3.223
969	ƀi	6	1.6711	3.223
969	ंज़	6	1.6711	3.223
969	आख़	6	1.6711	3.223
969	इज़	6	1.6711	3.223
969	ईत	6	1.6711	3.223
969	ईद	6	1.6711	3.223
969	ईध	6	1.6711	3.223
969	उक	6	1.6711	3.223
969	ऑम	6	1.6711	3.223
969	ओओ	6	1.6711	3.223
969	कऔ	6	1.6711	3.223
969	खग	6	1.6711	3.223
969	गढ़	6	1.6711	3.223
969	घश	6	1.6711	3.223
969	ज-	6	1.6711	3.223
969	जौ	6	1.6711	3.223
969	ञत	6	1.6711	3.223
969	टअ	6	1.6711	3.223
969	टट	6	1.6711	3.223
969	टड	6	1.6711	3.223
969	टफ	6	1.6711	3.223
969	डच	6	1.6711	3.223
969	डप	6	1.6711	3.223
969	डश	6	1.6711	3.223
969	नआ	6	1.6711	3.223
969	नउ	6	1.6711	3.223
969	नठ	6	1.6711	3.223
969	ऩ$	6	1.6711	3.223
969	पइ	6	1.6711	3.223
969	पख	6	1.6711	3.223
969	बआ	6	1.6711	3.223
969	बृ	6	1.6711	3.223
969	मओ	6	1.6711	3.223
969	मभ	6	1.6711	3.223
969	रई	6	1.6711	3.223
969	लई	6	1.6711	3.223
969	शट	6	1.6711	3.223
969	सअ	6	1.6711	3.223
969	़फ	6	1.6711	3.223
969	ा'	6	1.6711	3.223
969	ाऔ	6	1.6711	3.223
969	िउ	6	1.6711	3.223
969	ीइ	6	1.6711	3.223
969	ृच	6	1.6711	3.223
969	ेऔ	6	1.6711	3.223
969	ेफ़	6	1.6711	3.223
969	ोg	6	1.6711	3.223
969	ोआ	6	1.6711	3.223
969	ौआ	6	1.6711	3.223
969	ौम	6	1.6711	3.223
969	ौव	6	1.6711	3.223
969	ौष	6	1.6711	3.223
969	क़ि	6	1.6711	3.223
969	ख़ा	6	1.6711	3.223
969	ख़ू	6	1.6711	3.223
969	ढ़ब	6	1.6711	3.223
969	ṇr	6	1.6711	3.223
969	ṇƀ	6	1.6711	3.223
970	-i	5	1.3926	3.1438
970	-t	5	1.3926	3.1438
970	-घ	5	1.3926	3.1438
970	-छ	5	1.3926	3.1438
970	-ठ	5	1.3926	3.1438
970	-ड	5	1.3926	3.1438
970	-त	5	1.3926	3.1438
970	^à	5	1.3926	3.1438
970	^è	5	1.3926	3.1438
970	^ú	5	1.3926	3.1438
970	^ව	5	1.3926	3.1438
970	cn	5	1.3926	3.1438
970	có	5	1.3926	3.1438
970	fí	5	1.3926	3.1438
970	g-	5	1.3926	3.1438
970	gē	5	1.3926	3.1438
970	hg	5	1.3926	3.1438
970	hv	5	1.3926	3.1438
970	hā	5	1.3926	3.1438
970	iw	5	1.3926	3.1438
970	iè	5	1.3926	3.1438
970	iń	5	1.3926	3.1438
970	iν	5	1.3926	3.1438
970	kj	5	1.3926	3.1438
970	lā	5	1.3926	3.1438
970	n-	5	1.3926	3.1438
970	nḍ	5	1.3926	3.1438
970	oओ	5	1.3926	3.1438
970	pf	5	1.3926	3.1438
970	pā	5	1.3926	3.1438
970	sé	5	1.3926	3.1438
970	sā	5	1.3926	3.1438
970	td	5	1.3926	3.1438
970	vt	5	1.3926	3.1438
970	wl	5	1.3926	3.1438
970	yv	5	1.3926	3.1438
970	yā	5	1.3926	3.1438
970	às	5	1.3926	3.1438
970	áí	5	1.3926	3.1438
970	æt	5	1.3926	3.1438
970	çl	5	1.3926	3.1438
970	èe	5	1.3926	3.1438
970	èi	5	1.3926	3.1438
970	íb	5	1.3926	3.1438
970	íl	5	1.3926	3.1438
970	ús	5	1.3926	3.1438
970	āl	5	1.3926	3.1438
970	āv	5	1.3926	3.1438
970	đô	5	1.3926	3.1438
970	ńa	5	1.3926	3.1438
970	śn	5	1.3926	3.1438
970	şe	5	1.3926	3.1438
970	ťk	5	1.3926	3.1438
970	ŧí	5	1.3926	3.1438
970	ƀu	5	1.3926	3.1438
970	ǵr	5	1.3926	3.1438
970	ɉa	5	1.3926	3.1438
970	ँअ	5	1.3926	3.1438
970	ँछ	5	1.3926	3.1438
970	ं'	5	1.3926	3.1438
970	अथ	5	1.3926	3.1438
970	आघ	5	1.3926	3.1438
970	ऐड	5	1.3926	3.1438
970	ऐश	5	1.3926	3.1438
970	ओन	5	1.3926	3.1438
970	औष	5	1.3926	3.1438
970	कख	5	1.3926	3.1438
970	खस	5	1.3926	3.1438
970	चआ	5	1.3926	3.1438
970	चए	5	1.3926	3.1438
970	झड	5	1.3926	3.1438
970	ञो	5	1.3926	3.1438
970	ठप	5	1.3926	3.1438
970	ठु	5	1.3926	3.1438
970	डग	5	1.3926	3.1438
970	ढत	5	1.3926	3.1438
970	थअ	5	1.3926	3.1438
970	धब	5	1.3926	3.1438
970	नऔ	5	1.3926	3.1438
970	फ-	5	1.3926	3.1438
970	फग	5	1.3926	3.1438
970	यच	5	1.3926	3.1438
970	रइ	5	1.3926	3.1438
970	लऊ	5	1.3926	3.1438
970	सय	5	1.3926	3.1438
970	़ं	5	1.3926	3.1438
970	िई	5	1.3926	3.1438
970	ी'	5	1.3926	3.1438
970	ीऑ	5	1.3926	3.1438
970	ॅं	5	1.3926	3.1438
970	ेँ	5	1.3926	3.1438
970	ेऊ	5	1.3926	3.1438
970	ेढ	5	1.3926	3.1438
970	ैऔ	5	1.3926	3.1438
970	ौप	5	1.3926	3.1438
970	ौक़	5	1.3926	3.1438
970	ग़$	5	1.3926	3.1438
970	फ़ं	5	1.3926	3.1438
970	වා	5	1.3926	3.1438
970	වේ	5	1.3926	3.1438
970	ා$	5	1.3926	3.1438
970	ේව	5	1.3926	3.1438
971	'k	4	1.1141	3.0469
971	'फ	4	1.1141	3.0469
971	'व	4	1.1141	3.0469
971	-f	4	1.1141	3.0469
971	-m	4	1.1141	3.0469
971	-ख	4	1.1141	3.0469
971	^ा	4	1.1141	3.0469
971	^ආ	4	1.1141	3.0469
971	a'	4	1.1141	3.0469
971	aŧ	4	1.1141	3.0469
971	bᶁ	4	1.1141	3.0469
971	d'	4	1.1141	3.0469
971	dg	4	1.1141	3.0469
971	dp	4	1.1141	3.0469
971	dt	4	1.1141	3.0469
971	dé	4	1.1141	3.0469
971	dṇ	4	1.1141	3.0469
971	eş	4	1.1141	3.0469
971	eš	4	1.1141	3.0469
971	fé	4	1.1141	3.0469
971	g'	4	1.1141	3.0469
971	gm	4	1.1141	3.0469
971	gṇ	4	1.1141	3.0469
971	hc	4	1.1141	3.0469
971	hť	4	1.1141	3.0469
971	iṭ	4	1.1141	3.0469
971	jú	4	1.1141	3.0469
971	kb	4	1.1141	3.0469
971	kā	4	1.1141	3.0469
971	lx	4	1.1141	3.0469
971	mú	4	1.1141	3.0469
971	mɉ	4	1.1141	3.0469
971	mṇ	4	1.1141	3.0469
971	næ	4	1.1141	3.0469
971	nó	4	1.1141	3.0469
971	nब	4	1.1141	3.0469
971	pş	4	1.1141	3.0469
971	qb	4	1.1141	3.0469
971	ré	4	1.1141	3.0469
971	rô	4	1.1141	3.0469
971	rā	4	1.1141	3.0469
971	rē	4	1.1141	3.0469
971	rť	4	1.1141	3.0469
971	rƀ	4	1.1141	3.0469
971	rṇ	4	1.1141	3.0469
971	sz	4	1.1141	3.0469
971	tp	4	1.1141	3.0469
971	tā	4	1.1141	3.0469
971	tŕ	4	1.1141	3.0469
971	uo	4	1.1141	3.0469
971	uu	4	1.1141	3.0469
971	uş	4	1.1141	3.0469
971	vé	4	1.1141	3.0469
971	wg	4	1.1141	3.0469
971	wk	4	1.1141	3.0469
971	xb	4	1.1141	3.0469
971	xj	4	1.1141	3.0469
971	xl	4	1.1141	3.0469
971	xp	4	1.1141	3.0469
971	xé	4	1.1141	3.0469
971	xđ	4	1.1141	3.0469
971	yg	4	1.1141	3.0469
971	zu	4	1.1141	3.0469
971	ág	4	1.1141	3.0469
971	án	4	1.1141	3.0469
971	áď	4	1.1141	3.0469
971	çn	4	1.1141	3.0469
971	èn	4	1.1141	3.0469
971	èo	4	1.1141	3.0469
971	ém	4	1.1141	3.0469
971	íd	4	1.1141	3.0469
971	ím	4	1.1141	3.0469
971	íŧ	4	1.1141	3.0469
971	ôk	4	1.1141	3.0469
971	ôm	4	1.1141	3.0469
971	ôp	4	1.1141	3.0469
971	úç	4	1.1141	3.0469
971	āg	4	1.1141	3.0469
971	ām	4	1.1141	3.0469
971	ďe	4	1.1141	3.0469
971	đb	4	1.1141	3.0469
971	đt	4	1.1141	3.0469
971	ēr	4	1.1141	3.0469
971	ō$	4	1.1141	3.0469
971	śb	4	1.1141	3.0469
971	śc	4	1.1141	3.0469
971	śh	4	1.1141	3.0469
971	şa	4	1.1141	3.0469
971	şm	4	1.1141	3.0469
971	ŧi	4	1.1141	3.0469
971	ƀg	4	1.1141	3.0469
971	ɉ$	4	1.1141	3.0469
971	νo	4	1.1141	3.0469
971	ँf	4	1.1141	3.0469
971	ँउ	4	1.1141	3.0469
971	ंओ	4	1.1141	3.0469
971	अछ	4	1.1141	3.0469
971	अठ	4	1.1141	3.0469
971	ईभ	4	1.1141	3.0469
971	ईह	4	1.1141	3.0469
971	उ-	4	1.1141	3.0469
971	ऊत	4	1.1141	3.0469
971	ऊध	4	1.1141	3.0469
971	ऋत	4	1.1141	3.0469
971	ऐक	4	1.1141	3.0469
971	ओ'	4	1.1141	3.0469
971	औज	4	1.1141	3.0469
971	औद	4	1.1141	3.0469
971	कउ	4	1.1141	3.0469
971	कछ	4	1.1141	3.0469
971	कझ	4	1.1141	3.0469
971	गग	4	1.1141	3.0469
971	गफ	4	1.1141	3.0469
971	घव	4	1.1141	3.0469
971	घस	4	1.1141	3.0469
971	छम	4	1.1141	3.0469
971	छड़	4	1.1141	3.0469
971	जख	4	1.1141	3.0469
971	टआ	4	1.1141	3.0469
971	टग	4	1.1141	3.0469
971	ठू	4	1.1141	3.0469
971	ड-	4	1.1141	3.0469
971	डफ	4	1.1141	3.0469
971	णे	4	1.1141	3.0469
971	तअ	4	1.1141	3.0469
971	तघ	4	1.1141	3.0469
971	तड़	4	1.1141	3.0469
971	थड	4	1.1141	3.0469
971	थव	4	1.1141	3.0469
971	थस	4	1.1141	3.0469
971	दप	4	1.1141	3.0469
971	धस	4	1.1141	3.0469
971	नb	4	1.1141	3.0469
971	नघ	4	1.1141	3.0469
971	नझ	4	1.1141	3.0469
971	फक	4	1.1141	3.0469
971	फज	4	1.1141	3.0469
971	मँ	4	1.1141	3.0469
971	यै	4	1.1141	3.0469
971	लथ	4	1.1141	3.0469
971	शछ	4	1.1141	3.0469
971	सऊ	4	1.1141	3.0469
971	सछ	4	1.1141	3.0469
971	हठ	4	1.1141	3.0469
971	़छ	4	1.1141	3.0469
971	़ड	4	1.1141	3.0469
971	िअ	4	1.1141	3.0469
971	िे	4	1.1141	3.0469
971	ीh	4	1.1141	3.0469
971	ीक़	4	1.1141	3.0469
971	ुि	4	1.1141	3.0469
971	ूण	4	1.1141	3.0469
971	ैआ	4	1.1141	3.0469
971	ैह	4	1.1141	3.0469
971	ॊ$	4	1.1141	3.0469
971	ौफ	4	1.1141	3.0469
971	ग़ज़	4	1.1141	3.0469
971	ड़ग	4	1.1141	3.0469
971	ड़प	4	1.1141	3.0469
971	ढ़त	4	1.1141	3.0469
971	ढ़ो	4	1.1141	3.0469
971	फ़क	4	1.1141	3.0469
971	फ़ू	4	1.1141	3.0469
971	ආය	4	1.1141	3.0469
971	බෝ	4	1.1141	3.0469
971	ᶁ$	4	1.1141	3.0469
971	ṁg	4	1.1141	3.0469
971	ṃc	4	1.1141	3.0469
971	ṇl	4	1.1141	3.0469
971	ṇď	4	1.1141	3.0469
972	'a	3	0.8356	2.922
972	'b	3	0.8356	2.922
972	'f	3	0.8356	2.922
972	'n	3	0.8356	2.922
972	'ग	3	0.8356	2.922
972	'घ	3	0.8356	2.922
972	-l	3	0.8356	2.922
972	-थ	3	0.8356	2.922
972	^ā	3	0.8356	2.922
972	^ɉ	3	0.8356	2.922
972	aè	3	0.8356	2.922
972	aम	3	0.8356	2.922
972	bm	3	0.8356	2.922
972	cd	3	0.8356	2.922
972	cf	3	0.8356	2.922
972	df	3	0.8356	2.922
972	dó	3	0.8356	2.922
972	eṃ	3	0.8356	2.922
972	fp	3	0.8356	2.922
972	gp	3	0.8356	2.922
972	gv	3	0.8356	2.922
972	gw	3	0.8356	2.922
972	gď	3	0.8356	2.922
972	hp	3	0.8356	2.922
972	hđ	3	0.8356	2.922
972	iç	3	0.8356	2.922
972	iď	3	0.8356	2.922
972	iप	3	0.8356	2.922
972	jm	3	0.8356	2.922
972	jé	3	0.8356	2.922
972	jñ	3	0.8356	2.922
972	kf	3	0.8356	2.922
972	lé	3	0.8356	2.922
972	mŕ	3	0.8356	2.922
972	nş	3	0.8356	2.922
972	nह	3	0.8356	2.922
972	oş	3	0.8356	2.922
972	oद	3	0.8356	2.922
972	oह	3	0.8356	2.922
972	pæ	3	0.8356	2.922
972	q$	3	0.8356	2.922
972	qh	3	0.8356	2.922
972	rŧ	3	0.8356	2.922
972	sब	3	0.8356	2.922
972	tē	3	0.8356	2.922
972	tṇ	3	0.8356	2.922
972	uţ	3	0.8356	2.922
972	uṃ	3	0.8356	2.922
972	vd	3	0.8356	2.922
972	vŕ	3	0.8356	2.922
972	xk	3	0.8356	2.922
972	zw	3	0.8356	2.922
972	ák	3	0.8356	2.922
972	áo	3	0.8356	2.922
972	â$	3	0.8356	2.922
972	æṭ	3	0.8356	2.922
972	çí	3	0.8356	2.922
972	íe	3	0.8356	2.922
972	íj	3	0.8356	2.922
972	íá	3	0.8356	2.922
972	íç	3	0.8356	2.922
972	íđ	3	0.8356	2.922
972	ña	3	0.8356	2.922
972	ól	3	0.8356	2.922
972	ós	3	0.8356	2.922
972	úd	3	0.8356	2.922
972	úṇ	3	0.8356	2.922
972	ād	3	0.8356	2.922
972	āp	3	0.8356	2.922
972	đo	3	0.8356	2.922
972	ēv	3	0.8356	2.922
972	ńí	3	0.8356	2.922
972	ōn	3	0.8356	2.922
972	ŕd	3	0.8356	2.922
972	śm	3	0.8356	2.922
972	śo	3	0.8356	2.922
972	śú	3	0.8356	2.922
972	şo	3	0.8356	2.922
972	şţ	3	0.8356	2.922
972	ţo	3	0.8356	2.922
972	ūś	3	0.8356	2.922
972	ƀr	3	0.8356	2.922
972	ƀy	3	0.8356	2.922
972	ǣn	3	0.8356	2.922
972	ँन	3	0.8356	2.922
972	आफ	3	0.8356	2.922
972	आज़	3	0.8356	2.922
972	इफ़	3	0.8356	2.922
972	ईच	3	0.8356	2.922
972	ओत	3	0.8356	2.922
972	औल	3	0.8356	2.922
972	औज़	3	0.8356	2.922
972	कr	3	0.8356	2.922
972	कए	3	0.8356	2.922
972	कध	3	0.8356	2.922
972	ख-	3	0.8356	2.922
972	खफ	3	0.8356	2.922
972	गँ	3	0.8356	2.922
972	गआ	3	0.8356	2.922
972	चग	3	0.8356	2.922
972	चड	3	0.8356	2.922
972	छ-	3	0.8356	2.922
972	छक	3	0.8356	2.922
972	छठ	3	0.8356	2.922
972	छब	3	0.8356	2.922
972	छभ	3	0.8356	2.922
972	जप	3	0.8356	2.922
972	टघ	3	0.8356	2.922
972	टय	3	0.8356	2.922
972	ठम	3	0.8356	2.922
972	ठल	3	0.8356	2.922
972	ठस	3	0.8356	2.922
972	डय	3	0.8356	2.922
972	डफ़	3	0.8356	2.922
972	तइ	3	0.8356	2.922
972	तई	3	0.8356	2.922
972	तउ	3	0.8356	2.922
972	तए	3	0.8356	2.922
972	तश	3	0.8356	2.922
972	थए	3	0.8356	2.922
972	थय	3	0.8356	2.922
972	थश	3	0.8356	2.922
972	दआ	3	0.8356	2.922
972	धह	3	0.8356	2.922
972	नr	3	0.8356	2.922
972	नओ	3	0.8356	2.922
972	पआ	3	0.8356	2.922
972	पओ	3	0.8356	2.922
972	पध	3	0.8356	2.922
972	फअ	3	0.8356	2.922
972	फौ	3	0.8356	2.922
972	फड़	3	0.8356	2.922
972	बइ	3	0.8356	2.922
972	बउ	3	0.8356	2.922
972	बभ	3	0.8356	2.922
972	बॅ	3	0.8356	2.922
972	भस	3	0.8356	2.922
972	मइ	3	0.8356	2.922
972	मऔ	3	0.8356	2.922
972	मठ	3	0.8356	2.922
972	यअ	3	0.8356	2.922
972	यए	3	0.8356	2.922
972	र'	3	0.8356	2.922
972	रd	3	0.8356	2.922
972	लअ	3	0.8356	2.922
972	लआ	3	0.8356	2.922
972	लऔ	3	0.8356	2.922
972	वड	3	0.8356	2.922
972	वज़	3	0.8356	2.922
972	षग	3	0.8356	2.922
972	षन	3	0.8356	2.922
972	षप	3	0.8356	2.922
972	सइ	3	0.8356	2.922
972	सई	3	0.8356	2.922
972	ह'	3	0.8356	2.922
972	हq	3	0.8356	2.922
972	हभ	3	0.8356	2.922
972	हॊ	3	0.8356	2.922
972	ाi	3	0.8356	2.922
972	ाा	3	0.8356	2.922
972	िऩ	3	0.8356	2.922
972	ि़	3	0.8356	2.922
972	िढ़	3	0.8356	2.922
972	ीb	3	0.8356	2.922
972	ीऊ	3	0.8356	2.922
972	ु्	3	0.8356	2.922
972	ूई	3	0.8356	2.922
972	ूओ	3	0.8356	2.922
972	ूज़	3	0.8356	2.922
972	ेि	3	0.8356	2.922
972	ैए	3	0.8356	2.922
972	ोऔ	3	0.8356	2.922
972	ो़	3	0.8356	2.922
972	क़े	3	0.8356	2.922
972	ख़ब	3	0.8356	2.922
972	ज़त	3	0.8356	2.922
972	फ़ग	3	0.8356	2.922
972	फ़ह	3	0.8356	2.922
972	යු	3	0.8356	2.922
972	ුබ	3	0.8356	2.922
972	ෝ$	3	0.8356	2.922
972	ḍu	3	0.8356	2.922
972	ṇb	3	0.8356	2.922
972	ṇv	3	0.8356	2.922
972	ṇś	3	0.8356	2.922
972	ṭi	3	0.8356	2.922
973	'ठ	2	0.557	2.7459
973	'भ	2	0.557	2.7459
973	'श	2	0.557	2.7459
973	-u	2	0.557	2.7459
973	-ई	2	0.557	2.7459
973	-ऑ	2	0.557	2.7459
973	-झ	2	0.557	2.7459
973	-ध	2	0.557	2.7459
973	-य	2	0.557	2.7459
973	^â	2	0.557	2.7459
973	^ö	2	0.557	2.7459
973	^ँ	2	0.557	2.7459
973	^ජ	2	0.557	2.7459
973	^ᶁ	2	0.557	2.7459
973	að	2	0.557	2.7459
973	aब	2	0.557	2.7459
973	bk	2	0.557	2.7459
973	bæ	2	0.557	2.7459
973	bé	2	0.557	2.7459
973	bā	2	0.557	2.7459
973	bē	2	0.557	2.7459
973	bǣ	2	0.557	2.7459
973	c'	2	0.557	2.7459
973	cg	2	0.557	2.7459
973	cj	2	0.557	2.7459
973	cm	2	0.557	2.7459
973	cí	2	0.557	2.7459
973	dx	2	0.557	2.7459
973	dæ	2	0.557	2.7459
973	dū	2	0.557	2.7459
973	eव	2	0.557	2.7459
973	fc	2	0.557	2.7459
973	fṃ	2	0.557	2.7459
973	fṇ	2	0.557	2.7459
973	gb	2	0.557	2.7459
973	gz	2	0.557	2.7459
973	gü	2	0.557	2.7459
973	gţ	2	0.557	2.7459
973	gब	2	0.557	2.7459
973	gल	2	0.557	2.7459
973	hq	2	0.557	2.7459
973	hw	2	0.557	2.7459
973	hó	2	0.557	2.7459
973	iæ	2	0.557	2.7459
973	iđ	2	0.557	2.7459
973	iह	2	0.557	2.7459
973	jd	2	0.557	2.7459
973	jj	2	0.557	2.7459
973	kţ	2	0.557	2.7459
973	lú	2	0.557	2.7459
973	lस	2	0.557	2.7459
973	mv	2	0.557	2.7459
973	mè	2	0.557	2.7459
973	mś	2	0.557	2.7459
973	nq	2	0.557	2.7459
973	nđ	2	0.557	2.7459
973	nū	2	0.557	2.7459
973	nर	2	0.557	2.7459
973	nṇ	2	0.557	2.7459
973	oq	2	0.557	2.7459
973	oè	2	0.557	2.7459
973	oğ	2	0.557	2.7459
973	oम	2	0.557	2.7459
973	oṭ	2	0.557	2.7459
973	pc	2	0.557	2.7459
973	pđ	2	0.557	2.7459
973	qr	2	0.557	2.7459
973	qy	2	0.557	2.7459
973	rq	2	0.557	2.7459
973	rz	2	0.557	2.7459
973	rū	2	0.557	2.7459
973	sī	2	0.557	2.7459
973	sच	2	0.557	2.7459
973	tŧ	2	0.557	2.7459
973	tक	2	0.557	2.7459
973	uè	2	0.557	2.7459
973	uŧ	2	0.557	2.7459
973	uƀ	2	0.557	2.7459
973	vc	2	0.557	2.7459
973	væ	2	0.557	2.7459
973	vď	2	0.557	2.7459
973	w'	2	0.557	2.7459
973	wd	2	0.557	2.7459
973	ww	2	0.557	2.7459
973	x-	2	0.557	2.7459
973	xṇ	2	0.557	2.7459
973	yy	2	0.557	2.7459
973	yí	2	0.557	2.7459
973	yú	2	0.557	2.7459
973	yē	2	0.557	2.7459
973	zk	2	0.557	2.7459
973	zr	2	0.557	2.7459
973	zv	2	0.557	2.7459
973	zè	2	0.557	2.7459
973	áj	2	0.557	2.7459
973	áṇ	2	0.557	2.7459
973	æ$	2	0.557	2.7459
973	æa	2	0.557	2.7459
973	æe	2	0.557	2.7459
973	æn	2	0.557	2.7459
973	ær	2	0.557	2.7459
973	æs	2	0.557	2.7459
973	çi	2	0.557	2.7459
973	èr	2	0.557	2.7459
973	ég	2	0.557	2.7459
973	ép	2	0.557	2.7459
973	ét	2	0.557	2.7459
973	éŧ	2	0.557	2.7459
973	ís	2	0.557	2.7459
973	íď	2	0.557	2.7459
973	ða	2	0.557	2.7459
973	ój	2	0.557	2.7459
973	ót	2	0.557	2.7459
973	ôl	2	0.557	2.7459
973	öm	2	0.557	2.7459
973	úk	2	0.557	2.7459
973	ún	2	0.557	2.7459
973	úx	2	0.557	2.7459
973	ül	2	0.557	2.7459
973	āh	2	0.557	2.7459
973	āṭ	2	0.557	2.7459
973	ďo	2	0.557	2.7459
973	ďt	2	0.557	2.7459
973	ďú	2	0.557	2.7459
973	đl	2	0.557	2.7459
973	đu	2	0.557	2.7459
973	đv	2	0.557	2.7459
973	đđ	2	0.557	2.7459
973	ēd	2	0.557	2.7459
973	ğl	2	0.557	2.7459
973	ōk	2	0.557	2.7459
973	ŕp	2	0.557	2.7459
973	ŕş	2	0.557	2.7459
973	şd	2	0.557	2.7459
973	şs	2	0.557	2.7459
973	şu	2	0.557	2.7459
973	şç	2	0.557	2.7459
973	šl	2	0.557	2.7459
973	št	2	0.557	2.7459
973	ţ$	2	0.557	2.7459
973	ţa	2	0.557	2.7459
973	ţe	2	0.557	2.7459
973	ţi	2	0.557	2.7459
973	ťn	2	0.557	2.7459
973	ŧu	2	0.557	2.7459
973	ūr	2	0.557	2.7459
973	ƀ$	2	0.557	2.7459
973	ƀv	2	0.557	2.7459
973	ँथ	2	0.557	2.7459
973	ँल	2	0.557	2.7459
973	ँढ़	2	0.557	2.7459
973	ंs	2	0.557	2.7459
973	ंऐ	2	0.557	2.7459
973	ःस	2	0.557	2.7459
973	अण	2	0.557	2.7459
973	अख़	2	0.557	2.7459
973	आण	2	0.557	2.7459
973	ईई	2	0.557	2.7459
973	उख	2	0.557	2.7459
973	उष	2	0.557	2.7459
973	एछ	2	0.557	2.7459
973	एद	2	0.557	2.7459
973	एभ	2	0.557	2.7459
973	ऐट	2	0.557	2.7459
973	ओख	2	0.557	2.7459
973	ओज	2	0.557	2.7459
973	ओझ	2	0.557	2.7459
973	ओण	2	0.557	2.7459
973	औं	2	0.557	2.7459
973	औक	2	0.557	2.7459
973	कj	2	0.557	2.7459
973	कs	2	0.557	2.7459
973	कऐ	2	0.557	2.7459
973	खअ	2	0.557	2.7459
973	घत	2	0.557	2.7459
973	ङन	2	0.557	2.7459
973	चद	2	0.557	2.7459
973	छं	2	0.557	2.7459
973	छइ	2	0.557	2.7459
973	छग	2	0.557	2.7459
973	छट	2	0.557	2.7459
973	छर	2	0.557	2.7459
973	जr	2	0.557	2.7459
973	जँ	2	0.557	2.7459
973	जई	2	0.557	2.7459
973	झब	2	0.557	2.7459
973	झर	2	0.557	2.7459
973	ट'	2	0.557	2.7459
973	टज	2	0.557	2.7459
973	टश	2	0.557	2.7459
973	ठद	2	0.557	2.7459
973	डख	2	0.557	2.7459
973	ण-	2	0.557	2.7459
973	णर	2	0.557	2.7459
973	णश	2	0.557	2.7459
973	णह	2	0.557	2.7459
973	तb	2	0.557	2.7459
973	तऔ	2	0.557	2.7459
973	तझ	2	0.557	2.7459
973	तध	2	0.557	2.7459
973	दज	2	0.557	2.7459
973	दक़	2	0.557	2.7459
973	धग	2	0.557	2.7459
973	धज	2	0.557	2.7459
973	धड़	2	0.557	2.7459
973	नइ	2	0.557	2.7459
973	नथ	2	0.557	2.7459
973	नध	2	0.557	2.7459
973	नक़	2	0.557	2.7459
973	ऩट	2	0.557	2.7459
973	फआ	2	0.557	2.7459
973	बश	2	0.557	2.7459
973	ब़	2	0.557	2.7459
973	भई	2	0.557	2.7459
973	भण	2	0.557	2.7459
973	भड़	2	0.557	2.7459
973	मऐ	2	0.557	2.7459
973	मथ	2	0.557	2.7459
973	यऊ	2	0.557	2.7459
973	यफ	2	0.557	2.7459
973	रr	2	0.557	2.7459
973	रz	2	0.557	2.7459
973	रठ	2	0.557	2.7459
973	लउ	2	0.557	2.7459
973	ल़	2	0.557	2.7459
973	लॅ	2	0.557	2.7459
973	वथ	2	0.557	2.7459
973	शच	2	0.557	2.7459
973	शथ	2	0.557	2.7459
973	शफ	2	0.557	2.7459
973	शश	2	0.557	2.7459
973	शक़	2	0.557	2.7459
973	ष-	2	0.557	2.7459
973	स'	2	0.557	2.7459
973	सh	2	0.557	2.7459
973	सk	2	0.557	2.7459
973	सऔ	2	0.557	2.7459
973	सठ	2	0.557	2.7459
973	सथ	2	0.557	2.7459
973	सज़	2	0.557	2.7459
973	हi	2	0.557	2.7459
973	हक़	2	0.557	2.7459
973	़ज	2	0.557	2.7459
973	ाढ़	2	0.557	2.7459
973	िइ	2	0.557	2.7459
973	िऊ	2	0.557	2.7459
973	ीg	2	0.557	2.7459
973	ीj	2	0.557	2.7459
973	ीm	2	0.557	2.7459
973	ीऐ	2	0.557	2.7459
973	ीऩ	2	0.557	2.7459
973	ूइ	2	0.557	2.7459
973	ूभ	2	0.557	2.7459
973	ृम	2	0.557	2.7459
973	े'	2	0.557	2.7459
973	ेf	2	0.557	2.7459
973	ेm	2	0.557	2.7459
973	ेr	2	0.557	2.7459
973	ेऑ	2	0.557	2.7459
973	े्	2	0.557	2.7459
973	ेढ़	2	0.557	2.7459
973	ै'	2	0.557	2.7459
973	ैइ	2	0.557	2.7459
973	ैउ	2	0.557	2.7459
973	ॉउ	2	0.557	2.7459
973	ॉए	2	0.557	2.7459
973	ॉि	2	0.557	2.7459
973	ॉफ़	2	0.557	2.7459
973	ोk	2	0.557	2.7459
973	ोङ	2	0.557	2.7459
973	ोछ	2	0.557	2.7459
973	ौछ	2	0.557	2.7459
973	ौण	2	0.557	2.7459
973	्ो	2	0.557	2.7459
973	ज़द	2	0.557	2.7459
973	ड़फ	2	0.557	2.7459
973	ढ़क	2	0.557	2.7459
973	ढ़ू	2	0.557	2.7459
973	फ़ट	2	0.557	2.7459
973	फ़त	2	0.557	2.7459
973	फ़न	2	0.557	2.7459
973	फ़ल	2	0.557	2.7459
973	फ़ु	2	0.557	2.7459
973	फ़ॉ	2	0.557	2.7459
973	ජය	2	0.557	2.7459
973	ය$	2	0.557	2.7459
973	ᶁa	2	0.557	2.7459
973	ṁk	2	0.557	2.7459
973	ṃs	2	0.557	2.7459
973	ṇa	2	0.557	2.7459
973	ṇh	2	0.557	2.7459
973	ṇǵ	2	0.557	2.7459
973	ṣ$	2	0.557	2.7459
974	'i	1	0.2785	2.4448
974	'p	1	0.2785	2.4448
974	'u	1	0.2785	2.4448
974	'ν	1	0.2785	2.4448
974	'ऊ	1	0.2785	2.4448
974	'थ	1	0.2785	2.4448
974	'ध	1	0.2785	2.4448
974	-g	1	0.2785	2.4448
974	-k	1	0.2785	2.4448
974	-o	1	0.2785	2.4448
974	-p	1	0.2785	2.4448
974	-r	1	0.2785	2.4448
974	-z	1	0.2785	2.4448
974	-औ	1	0.2785	2.4448
974	-फ	1	0.2785	2.4448
974	-ज़	1	0.2785	2.4448
974	-फ़	1	0.2785	2.4448
974	^æ	1	0.2785	2.4448
974	^í	1	0.2785	2.4448
974	^ē	1	0.2785	2.4448
974	^ν	1	0.2785	2.4448
974	^ं	1	0.2785	2.4448
974	^ढ़	1	0.2785	2.4448
974	a-	1	0.2785	2.4448
974	aq	1	0.2785	2.4448
974	aæ	1	0.2785	2.4448
974	ađ	1	0.2785	2.4448
974	aş	1	0.2785	2.4448
974	aţ	1	0.2785	2.4448
974	aɉ	1	0.2785	2.4448
974	aज	1	0.2785	2.4448
974	aत	1	0.2785	2.4448
974	aḍ	1	0.2785	2.4448
974	b-	1	0.2785	2.4448
974	bp	1	0.2785	2.4448
974	bv	1	0.2785	2.4448
974	bô	1	0.2785	2.4448
974	bď	1	0.2785	2.4448
974	c-	1	0.2785	2.4448
974	cb	1	0.2785	2.4448
974	cq	1	0.2785	2.4448
974	cw	1	0.2785	2.4448
974	cé	1	0.2785	2.4448
974	cœ	1	0.2785	2.4448
974	cक	1	0.2785	2.4448
974	cṇ	1	0.2785	2.4448
974	dj	1	0.2785	2.4448
974	dz	1	0.2785	2.4448
974	dā	1	0.2785	2.4448
974	dē	1	0.2785	2.4448
974	dō	1	0.2785	2.4448
974	dŕ	1	0.2785	2.4448
974	dƀ	1	0.2785	2.4448
974	dअ	1	0.2785	2.4448
974	dए	1	0.2785	2.4448
974	dप	1	0.2785	2.4448
974	dय	1	0.2785	2.4448
974	dल	1	0.2785	2.4448
974	dह	1	0.2785	2.4448
974	eq	1	0.2785	2.4448
974	eâ	1	0.2785	2.4448
974	eð	1	0.2785	2.4448
974	eď	1	0.2785	2.4448
974	eđ	1	0.2785	2.4448
974	eउ	1	0.2785	2.4448
974	eए	1	0.2785	2.4448
974	eक	1	0.2785	2.4448
974	eख	1	0.2785	2.4448
974	eज	1	0.2785	2.4448
974	eद	1	0.2785	2.4448
974	eय	1	0.2785	2.4448
974	eल	1	0.2785	2.4448
974	eṭ	1	0.2785	2.4448
974	f-	1	0.2785	2.4448
974	fd	1	0.2785	2.4448
974	fj	1	0.2785	2.4448
974	fm	1	0.2785	2.4448
974	fŧ	1	0.2785	2.4448
974	gq	1	0.2785	2.4448
974	gö	1	0.2785	2.4448
974	gú	1	0.2785	2.4448
974	gā	1	0.2785	2.4448
974	gō	1	0.2785	2.4448
974	gŧ	1	0.2785	2.4448
974	gƀ	1	0.2785	2.4448
974	gश	1	0.2785	2.4448
974	gह	1	0.2785	2.4448
974	gᶁ	1	0.2785	2.4448
974	h'	1	0.2785	2.4448
974	hj	1	0.2785	2.4448
974	hæ	1	0.2785	2.4448
974	hô	1	0.2785	2.4448
974	hö	1	0.2785	2.4448
974	hब	1	0.2785	2.4448
974	i-	1	0.2785	2.4448
974	iक	1	0.2785	2.4448
974	iख	1	0.2785	2.4448
974	iच	1	0.2785	2.4448
974	iब	1	0.2785	2.4448
974	iर	1	0.2785	2.4448
974	iṣ	1	0.2785	2.4448
974	jg	1	0.2785	2.4448
974	jt	1	0.2785	2.4448
974	jā	1	0.2785	2.4448
974	jṇ	1	0.2785	2.4448
974	k'	1	0.2785	2.4448
974	kg	1	0.2785	2.4448
974	kæ	1	0.2785	2.4448
974	kü	1	0.2785	2.4448
974	kē	1	0.2785	2.4448
974	kम	1	0.2785	2.4448
974	kṇ	1	0.2785	2.4448
974	lô	1	0.2785	2.4448
974	lē	1	0.2785	2.4448
974	lअ	1	0.2785	2.4448
974	lṇ	1	0.2785	2.4448
974	m'	1	0.2785	2.4448
974	mf	1	0.2785	2.4448
974	mē	1	0.2785	2.4448
974	nã	1	0.2785	2.4448
974	nè	1	0.2785	2.4448
974	né	1	0.2785	2.4448
974	nō	1	0.2785	2.4448
974	nǣ	1	0.2785	2.4448
974	nग	1	0.2785	2.4448
974	nड	1	0.2785	2.4448
974	nथ	1	0.2785	2.4448
974	nम	1	0.2785	2.4448
974	nस	1	0.2785	2.4448
974	nṭ	1	0.2785	2.4448
974	oæ	1	0.2785	2.4448
974	oš	1	0.2785	2.4448
974	oţ	1	0.2785	2.4448
974	ož	1	0.2785	2.4448
974	oɉ	1	0.2785	2.4448
974	oν	1	0.2785	2.4448
974	oग	1	0.2785	2.4448
974	oर	1	0.2785	2.4448
974	oḍ	1	0.2785	2.4448
974	pg	1	0.2785	2.4448
974	pó	1	0.2785	2.4448
974	pō	1	0.2785	2.4448
974	pś	1	0.2785	2.4448
974	pť	1	0.2785	2.4448
974	pǣ	1	0.2785	2.4448
974	pआ	1	0.2785	2.4448
974	pक	1	0.2785	2.4448
974	pᶁ	1	0.2785	2.4448
974	qe	1	0.2785	2.4448
974	qi	1	0.2785	2.4448
974	qm	1	0.2785	2.4448
974	rá	1	0.2785	2.4448
974	rž	1	0.2785	2.4448
974	rǵ	1	0.2785	2.4448
974	rप	1	0.2785	2.4448
974	só	1	0.2785	2.4448
974	sđ	1	0.2785	2.4448
974	sū	1	0.2785	2.4448
974	sऔ	1	0.2785	2.4448
974	sज	1	0.2785	2.4448
974	sद	1	0.2785	2.4448
974	sभ	1	0.2785	2.4448
974	sम	1	0.2785	2.4448
974	sर	1	0.2785	2.4448
974	sह	1	0.2785	2.4448
974	sṭ	1	0.2785	2.4448
974	tg	1	0.2785	2.4448
974	tá	1	0.2785	2.4448
974	tú	1	0.2785	2.4448
974	tü	1	0.2785	2.4448
974	tī	1	0.2785	2.4448
974	tō	1	0.2785	2.4448
974	tť	1	0.2785	2.4448
974	tū	1	0.2785	2.4448
974	tप	1	0.2785	2.4448
974	tब	1	0.2785	2.4448
974	tह	1	0.2785	2.4448
974	uq	1	0.2785	2.4448
974	uď	1	0.2785	2.4448
974	uš	1	0.2785	2.4448
974	vg	1	0.2785	2.4448
974	vī	1	0.2785	2.4448
974	vṇ	1	0.2785	2.4448
974	wm	1	0.2785	2.4448
974	wt	1	0.2785	2.4448
974	wy	1	0.2785	2.4448
974	wz	1	0.2785	2.4448
974	xv	1	0.2785	2.4448
974	xá	1	0.2785	2.4448
974	xí	1	0.2785	2.4448
974	xú	1	0.2785	2.4448
974	xक	1	0.2785	2.4448
974	yf	1	0.2785	2.4448
974	yj	1	0.2785	2.4448
974	yx	1	0.2785	2.4448
974	yď	1	0.2785	2.4448
974	yō	1	0.2785	2.4448
974	yक	1	0.2785	2.4448
974	yद	1	0.2785	2.4448
974	yब	1	0.2785	2.4448
974	yभ	1	0.2785	2.4448
974	yम	1	0.2785	2.4448
974	yह	1	0.2785	2.4448
974	zd	1	0.2785	2.4448
974	zn	1	0.2785	2.4448
974	zy	1	0.2785	2.4448
974	zस	1	0.2785	2.4448
974	áb	1	0.2785	2.4448
974	ái	1	0.2785	2.4448
974	áx	1	0.2785	2.4448
974	áṃ	1	0.2785	2.4448
974	ã$	1	0.2785	2.4448
974	æk	1	0.2785	2.4448
974	æp	1	0.2785	2.4448
974	æv	1	0.2785	2.4448
974	æḍ	1	0.2785	2.4448
974	çp	1	0.2785	2.4448
974	çṇ	1	0.2785	2.4448
974	èl	1	0.2785	2.4448
974	èu	1	0.2785	2.4448
974	éj	1	0.2785	2.4448
974	éď	1	0.2785	2.4448
974	éđ	1	0.2785	2.4448
974	éţ	1	0.2785	2.4448
974	íh	1	0.2785	2.4448
974	íx	1	0.2785	2.4448
974	íᶁ	1	0.2785	2.4448
974	ðe	1	0.2785	2.4448
974	ó$	1	0.2785	2.4448
974	óp	1	0.2785	2.4448
974	óđ	1	0.2785	2.4448
974	óş	1	0.2785	2.4448
974	ô$	1	0.2785	2.4448
974	ôb	1	0.2785	2.4448
974	ôr	1	0.2785	2.4448
974	ôs	1	0.2785	2.4448
974	ôŧ	1	0.2785	2.4448
974	öj	1	0.2785	2.4448
974	úc	1	0.2785	2.4448
974	úf	1	0.2785	2.4448
974	úţ	1	0.2785	2.4448
974	úŧ	1	0.2785	2.4448
974	üm	1	0.2785	2.4448
974	ün	1	0.2785	2.4448
974	āb	1	0.2785	2.4448
974	āk	1	0.2785	2.4448
974	ās	1	0.2785	2.4448
974	āt	1	0.2785	2.4448
974	āṣ	1	0.2785	2.4448
974	ďk	1	0.2785	2.4448
974	ďm	1	0.2785	2.4448
974	ďr	1	0.2785	2.4448
974	ďu	1	0.2785	2.4448
974	đh	1	0.2785	2.4448
974	ēc	1	0.2785	2.4448
974	ēg	1	0.2785	2.4448
974	ēk	1	0.2785	2.4448
974	ēm	1	0.2785	2.4448
974	īg	1	0.2785	2.4448
974	īn	1	0.2785	2.4448
974	īt	1	0.2785	2.4448
974	īy	1	0.2785	2.4448
974	ńn	1	0.2785	2.4448
974	ōṣ	1	0.2785	2.4448
974	ōṭ	1	0.2785	2.4448
974	œu	1	0.2785	2.4448
974	śd	1	0.2785	2.4448
974	śe	1	0.2785	2.4448
974	śg	1	0.2785	2.4448
974	śl	1	0.2785	2.4448
974	śó	1	0.2785	2.4448
974	śē	1	0.2785	2.4448
974	śṇ	1	0.2785	2.4448
974	şt	1	0.2785	2.4448
974	šc	1	0.2785	2.4448
974	ši	1	0.2785	2.4448
974	ţn	1	0.2785	2.4448
974	ţr	1	0.2785	2.4448
974	ţt	1	0.2785	2.4448
974	ţy	1	0.2785	2.4448
974	ţƀ	1	0.2785	2.4448
974	ţṇ	1	0.2785	2.4448
974	ťl	1	0.2785	2.4448
974	ťo	1	0.2785	2.4448
974	ťy	1	0.2785	2.4448
974	ŧm	1	0.2785	2.4448
974	ŧs	1	0.2785	2.4448
974	ŧt	1	0.2785	2.4448
974	ŧé	1	0.2785	2.4448
974	ūg	1	0.2785	2.4448
974	ūṣ	1	0.2785	2.4448
974	ūṭ	1	0.2785	2.4448
974	ža	1	0.2785	2.4448
974	ži	1	0.2785	2.4448
974	ƀl	1	0.2785	2.4448
974	ƀŧ	1	0.2785	2.4448
974	ƀṇ	1	0.2785	2.4448
974	ǣ$	1	0.2785	2.4448
974	ǵa	1	0.2785	2.4448
974	ǵe	1	0.2785	2.4448
974	ǵđ	1	0.2785	2.4448
974	ǵŧ	1	0.2785	2.4448
974	ǵṇ	1	0.2785	2.4448
974	ɉs	1	0.2785	2.4448
974	ɉu	1	0.2785	2.4448
974	ɉú	1	0.2785	2.4448
974	νa	1	0.2785	2.4448
974	νí	1	0.2785	2.4448
974	ँ'	1	0.2785	2.4448
974	ँs	1	0.2785	2.4448
974	ँइ	1	0.2785	2.4448
974	ँऊ	1	0.2785	2.4448
974	ँझ	1	0.2785	2.4448
974	ंb	1	0.2785	2.4448
974	ंc	1	0.2785	2.4448
974	ंh	1	0.2785	2.4448
974	ंi	1	0.2785	2.4448
974	ंl	1	0.2785	2.4448
974	ंm	1	0.2785	2.4448
974	ंt	1	0.2785	2.4448
974	ंण	1	0.2785	2.4448
974	अआ	1	0.2785	2.4448
974	अा	1	0.2785	2.4448
974	अड़	1	0.2785	2.4448
974	आ-	1	0.2785	2.4448
974	आि	1	0.2785	2.4448
974	इऑ	1	0.2785	2.4448
974	इद	1	0.2785	2.4448
974	इष	1	0.2785	2.4448
974	ई'	1	0.2785	2.4448
974	ईs	1	0.2785	2.4448
974	ईँ	1	0.2785	2.4448
974	ईउ	1	0.2785	2.4448
974	ईऑ	1	0.2785	2.4448
974	ईऔ	1	0.2785	2.4448
974	ईफ	1	0.2785	2.4448
974	उई	1	0.2785	2.4448
974	उफ़	1	0.2785	2.4448
974	ऊख	1	0.2785	2.4448
974	ऊच	1	0.2785	2.4448
974	ऊट	1	0.2785	2.4448
974	ऊठ	1	0.2785	2.4448
974	ऊड	1	0.2785	2.4448
974	ऊल	1	0.2785	2.4448
974	ऊस	1	0.2785	2.4448
974	ए'	1	0.2785	2.4448
974	ए-	1	0.2785	2.4448
974	एi	1	0.2785	2.4448
974	एओ	1	0.2785	2.4448
974	एख	1	0.2785	2.4448
974	एठ	1	0.2785	2.4448
974	एण	1	0.2785	2.4448
974	एफ़	1	0.2785	2.4448
974	ऐए	1	0.2785	2.4448
974	ऐग	1	0.2785	2.4448
974	ऐब	1	0.2785	2.4448
974	ऐय	1	0.2785	2.4448
974	ऑइ	1	0.2785	2.4448
974	ऑब	1	0.2785	2.4448
974	ऑय	1	0.2785	2.4448
974	ऑव	1	0.2785	2.4448
974	ओ-	1	0.2785	2.4448
974	ओअ	1	0.2785	2.4448
974	ओआ	1	0.2785	2.4448
974	ओढ	1	0.2785	2.4448
974	औच	1	0.2785	2.4448
974	कl	1	0.2785	2.4448
974	कq	1	0.2785	2.4448
974	कu	1	0.2785	2.4448
974	कx	1	0.2785	2.4448
974	कऑ	1	0.2785	2.4448
974	कज़	1	0.2785	2.4448
974	खज़	1	0.2785	2.4448
974	गh	1	0.2785	2.4448
974	गt	1	0.2785	2.4448
974	गउ	1	0.2785	2.4448
974	गओ	1	0.2785	2.4448
974	गख	1	0.2785	2.4448
974	गछ	1	0.2785	2.4448
974	गथ	1	0.2785	2.4448
974	घद	1	0.2785	2.4448
974	घप	1	0.2785	2.4448
974	घऱ	1	0.2785	2.4448
974	चइ	1	0.2785	2.4448
974	चऔ	1	0.2785	2.4448
974	चफ	1	0.2785	2.4448
974	चड़	1	0.2785	2.4448
974	छए	1	0.2785	2.4448
974	छऔ	1	0.2785	2.4448
974	छद	1	0.2785	2.4448
974	छस	1	0.2785	2.4448
974	जआ	1	0.2785	2.4448
974	जइ	1	0.2785	2.4448
974	जए	1	0.2785	2.4448
974	जऔ	1	0.2785	2.4448
974	जघ	1	0.2785	2.4448
974	झण	1	0.2785	2.4448
974	झि	1	0.2785	2.4448
974	झड़	1	0.2785	2.4448
974	ञन	1	0.2785	2.4448
974	ञी	1	0.2785	2.4448
974	टc	1	0.2785	2.4448
974	टए	1	0.2785	2.4448
974	टऔ	1	0.2785	2.4448
974	टज़	1	0.2785	2.4448
974	टफ़	1	0.2785	2.4448
974	ठ-	1	0.2785	2.4448
974	ठौ	1	0.2785	2.4448
974	डp	1	0.2785	2.4448
974	डq	1	0.2785	2.4448
974	डs	1	0.2785	2.4448
974	डअ	1	0.2785	2.4448
974	डआ	1	0.2785	2.4448
974	डइ	1	0.2785	2.4448
974	डए	1	0.2785	2.4448
974	डघ	1	0.2785	2.4448
974	डज	1	0.2785	2.4448
974	डड	1	0.2785	2.4448
974	डण	1	0.2785	2.4448
974	ढव	1	0.2785	2.4448
974	ढु	1	0.2785	2.4448
974	णआ	1	0.2785	2.4448
974	णउ	1	0.2785	2.4448
974	णख	1	0.2785	2.4448
974	णब	1	0.2785	2.4448
974	णल	1	0.2785	2.4448
974	त'	1	0.2785	2.4448
974	तi	1	0.2785	2.4448
974	तj	1	0.2785	2.4448
974	तv	1	0.2785	2.4448
974	तy	1	0.2785	2.4448
974	तऐ	1	0.2785	2.4448
974	तओ	1	0.2785	2.4448
974	त़	1	0.2785	2.4448
974	तफ़	1	0.2785	2.4448
974	थआ	1	0.2785	2.4448
974	थउ	1	0.2785	2.4448
974	थऔ	1	0.2785	2.4448
974	थज	1	0.2785	2.4448
974	थझ	1	0.2785	2.4448
974	थठ	1	0.2785	2.4448
974	थथ	1	0.2785	2.4448
974	थभ	1	0.2785	2.4448
974	थह	1	0.2785	2.4448
974	दx	1	0.2785	2.4448
974	दइ	1	0.2785	2.4448
974	दए	1	0.2785	2.4448
974	दघ	1	0.2785	2.4448
974	दच	1	0.2785	2.4448
974	दट	1	0.2785	2.4448
974	दण	1	0.2785	2.4448
974	दड़	1	0.2785	2.4448
974	धh	1	0.2785	2.4448
974	धँ	1	0.2785	2.4448
974	धए	1	0.2785	2.4448
974	धध	1	0.2785	2.4448
974	धप	1	0.2785	2.4448
974	धश	1	0.2785	2.4448
974	धृ	1	0.2785	2.4448
974	नc	1	0.2785	2.4448
974	नi	1	0.2785	2.4448
974	नm	1	0.2785	2.4448
974	नs	1	0.2785	2.4448
974	नऩ	1	0.2785	2.4448
974	ऩ्	1	0.2785	2.4448
974	पb	1	0.2785	2.4448
974	पh	1	0.2785	2.4448
974	पp	1	0.2785	2.4448
974	पt	1	0.2785	2.4448
974	पँ	1	0.2785	2.4448
974	पई	1	0.2785	2.4448
974	पऐ	1	0.2785	2.4448
974	पघ	1	0.2785	2.4448
974	पऩ	1	0.2785	2.4448
974	पफ	1	0.2785	2.4448
974	फ'	1	0.2785	2.4448
974	फउ	1	0.2785	2.4448
974	फऐ	1	0.2785	2.4448
974	फओ	1	0.2785	2.4448
974	फद	1	0.2785	2.4448
974	फप	1	0.2785	2.4448
974	फफ	1	0.2785	2.4448
974	फम	1	0.2785	2.4448
974	फऱ	1	0.2785	2.4448
974	बs	1	0.2785	2.4448
974	बअ	1	0.2785	2.4448
974	बऔ	1	0.2785	2.4448
974	बघ	1	0.2785	2.4448
974	बठ	1	0.2785	2.4448
974	बफ	1	0.2785	2.4448
974	मb	1	0.2785	2.4448
974	मc	1	0.2785	2.4448
974	मi	1	0.2785	2.4448
974	मs	1	0.2785	2.4448
974	मढ	1	0.2785	2.4448
974	मढ़	1	0.2785	2.4448
974	मफ़	1	0.2785	2.4448
974	यd	1	0.2785	2.4448
974	यआ	1	0.2785	2.4448
974	यउ	1	0.2785	2.4448
974	यख	1	0.2785	2.4448
974	यज़	1	0.2785	2.4448
974	यफ़	1	0.2785	2.4448
974	रa	1	0.2785	2.4448
974	रb	1	0.2785	2.4448
974	रc	1	0.2785	2.4448
974	रg	1	0.2785	2.4448
974	रo	1	0.2785	2.4448
974	रt	1	0.2785	2.4448
974	रw	1	0.2785	2.4448
974	रऊ	1	0.2785	2.4448
974	रओ	1	0.2785	2.4448
974	रज़	1	0.2785	2.4448
974	ऱ$	1	0.2785	2.4448
974	ऱत	1	0.2785	2.4448
974	लa	1	0.2785	2.4448
974	लh	1	0.2785	2.4448
974	लk	1	0.2785	2.4448
974	लl	1	0.2785	2.4448
974	लऑ	1	0.2785	2.4448
974	लध	1	0.2785	2.4448
974	वआ	1	0.2785	2.4448
974	वए	1	0.2785	2.4448
974	वऔ	1	0.2785	2.4448
974	वब	1	0.2785	2.4448
974	वॊ	1	0.2785	2.4448
974	वग़	1	0.2785	2.4448
974	वफ़	1	0.2785	2.4448
974	श-	1	0.2785	2.4448
974	शr	1	0.2785	2.4448
974	शअ	1	0.2785	2.4448
974	शआ	1	0.2785	2.4448
974	शऔ	1	0.2785	2.4448
974	शज	1	0.2785	2.4448
974	षथ	1	0.2785	2.4448
974	षभ	1	0.2785	2.4448
974	सb	1	0.2785	2.4448
974	सc	1	0.2785	2.4448
974	सs	1	0.2785	2.4448
974	सt	1	0.2785	2.4448
974	सउ	1	0.2785	2.4448
974	सऋ	1	0.2785	2.4448
974	सओ	1	0.2785	2.4448
974	सृ	1	0.2785	2.4448
974	हc	1	0.2785	2.4448
974	हइ	1	0.2785	2.4448
974	हऐ	1	0.2785	2.4448
974	हऔ	1	0.2785	2.4448
974	हध	1	0.2785	2.4448
974	़r	1	0.2785	2.4448
974	़अ	1	0.2785	2.4448
974	़ऊ	1	0.2785	2.4448
974	़ए	1	0.2785	2.4448
974	़ओ	1	0.2785	2.4448
974	ाe	1	0.2785	2.4448
974	ाj	1	0.2785	2.4448
974	ाl	1	0.2785	2.4448
974	ाn	1	0.2785	2.4448
974	ाp	1	0.2785	2.4448
974	ाw	1	0.2785	2.4448
974	ाy	1	0.2785	2.4448
974	ाऩ	1	0.2785	2.4448
974	ा्	1	0.2785	2.4448
974	ाख़	1	0.2785	2.4448
974	िr	1	0.2785	2.4448
974	िs	1	0.2785	2.4448
974	िः	1	0.2785	2.4448
974	िऐ	1	0.2785	2.4448
974	िझ	1	0.2785	2.4448
974	िा	1	0.2785	2.4448
974	ि्	1	0.2785	2.4448
974	िय़	1	0.2785	2.4448
974	ीc	1	0.2785	2.4448
974	ीi	1	0.2785	2.4448
974	ीl	1	0.2785	2.4448
974	ीw	1	0.2785	2.4448
974	ीऔ	1	0.2785	2.4448
974	ीि	1	0.2785	2.4448
974	ुc	1	0.2785	2.4448
974	ुf	1	0.2785	2.4448
974	ुउ	1	0.2785	2.4448
974	ुघ	1	0.2785	2.4448
974	ुॅ	1	0.2785	2.4448
974	ुक़	1	0.2785	2.4448
974	ूउ	1	0.2785	2.4448
974	ूऊ	1	0.2785	2.4448
974	ूऩ	1	0.2785	2.4448
974	ूू	1	0.2785	2.4448
974	ूॅ	1	0.2785	2.4448
974	ूो	1	0.2785	2.4448
974	ूड़	1	0.2785	2.4448
974	ृ$	1	0.2785	2.4448
974	ृग	1	0.2785	2.4448
974	ृज	1	0.2785	2.4448
974	ृि	1	0.2785	2.4448
974	ृढ़	1	0.2785	2.4448
974	ॅक	1	0.2785	2.4448
974	ॅग	1	0.2785	2.4448
974	ेa	1	0.2785	2.4448
974	ेb	1	0.2785	2.4448
974	ेd	1	0.2785	2.4448
974	ेg	1	0.2785	2.4448
974	ेh	1	0.2785	2.4448
974	ेi	1	0.2785	2.4448
974	ेl	1	0.2785	2.4448
974	ेu	1	0.2785	2.4448
974	ेw	1	0.2785	2.4448
974	ेz	1	0.2785	2.4448
974	ैc	1	0.2785	2.4448
974	ैh	1	0.2785	2.4448
974	ैi	1	0.2785	2.4448
974	ैj	1	0.2785	2.4448
974	ैs	1	0.2785	2.4448
974	ैँ	1	0.2785	2.4448
974	ैभ	1	0.2785	2.4448
974	ैु	1	0.2785	2.4448
974	ैफ़	1	0.2785	2.4448
974	ॉं	1	0.2785	2.4448
974	ॉण	1	0.2785	2.4448
974	ॉह	1	0.2785	2.4448
974	ॉक़	1	0.2785	2.4448
974	ोp	1	0.2785	2.4448
974	ोऑ	1	0.2785	2.4448
974	ोढ	1	0.2785	2.4448
974	ौऔ	1	0.2785	2.4448
974	क़ट	1	0.2785	2.4448
974	क़द	1	0.2785	2.4448
974	क़ल	1	0.2785	2.4448
974	ख़$	1	0.2785	2.4448
974	ख़्	1	0.2785	2.4448
974	ग़ा	1	0.2785	2.4448
974	ज़ं	1	0.2785	2.4448
974	ज़ल	1	0.2785	2.4448
974	ज़स	1	0.2785	2.4448
974	ज़ह	1	0.2785	2.4448
974	ज़ू	1	0.2785	2.4448
974	ज़ै	1	0.2785	2.4448
974	ड़-	1	0.2785	2.4448
974	ड़च	1	0.2785	2.4448
974	ड़छ	1	0.2785	2.4448
974	ड़व	1	0.2785	2.4448
974	ड़स	1	0.2785	2.4448
974	ड़ू	1	0.2785	2.4448
974	ड़ै	1	0.2785	2.4448
974	ड़ौ	1	0.2785	2.4448
974	ढ़-	1	0.2785	2.4448
974	ढ़ल	1	0.2785	2.4448
974	फ़ौ	1	0.2785	2.4448
974	फ़फ़	1	0.2785	2.4448
974	य़ा	1	0.2785	2.4448
974	න්	1	0.2785	2.4448
974	යි	1	0.2785	2.4448
974	වන	1	0.2785	2.4448
974	්$	1	0.2785	2.4448
974	ිබ	1	0.2785	2.4448
974	ෝව	1	0.2785	2.4448
974	ᶁe	1	0.2785	2.4448
974	ᶁi	1	0.2785	2.4448
974	ᶁl	1	0.2785	2.4448
974	ḍe	1	0.2785	2.4448
974	ḍā	1	0.2785	2.4448
974	ṁc	1	0.2785	2.4448
974	ṃd	1	0.2785	2.4448
974	ṃx	1	0.2785	2.4448
974	ṃď	1	0.2785	2.4448
974	ṇi	1	0.2785	2.4448
974	ṇp	1	0.2785	2.4448
974	ṇx	1	0.2785	2.4448
974	ṇy	1	0.2785	2.4448
974	ṇç	1	0.2785	2.4448
974	ṣa	1	0.2785	2.4448
974	ṣm	1	0.2785	2.4448
974	ṭ$	1	0.2785	2.4448
974	ṭṭ	1	0.2785	2.4448
