Rank	Character	Frequency	Frequency per million	Zipf value
1	e	251750426	106896.2155	8.029
2	a	206052285	87492.2431	7.942
3	t	176268964	74845.8919	7.8742
4	n	162238295	68888.3035	7.8381
5	l	136015950	57753.9849	7.7616
6	s	120835228	51308.0704	7.7102
7	m	116698789	49551.6893	7.6951
8	k	112912982	47944.1908	7.6807
9	o	104366360	44315.1938	7.6466
10	i	103292323	43859.1449	7.6421
11	g	91987908	39059.1563	7.5917
12	z	90067323	38243.6532	7.5826
13	r	89546660	38022.5735	7.58
14	é	66253212	28131.8993	7.4492
15	d	61523035	26123.4101	7.417
16	á	61211750	25991.2348	7.4148
17	y	60100986	25519.5912	7.4069
18	h	47372492	20114.9217	7.3035
19	v	45989912	19527.8619	7.2907
20	b	41515591	17628.0121	7.2462
21	j	32247755	13692.7791	7.1365
22	u	26259239	11149.9842	7.0473
23	ö	22085315	9377.6866	6.9721
24	c	21807779	9259.8415	6.9666
25	p	19003677	8069.1866	6.9068
26	f	18822928	7992.4384	6.9027
27	ó	18041806	7660.7647	6.8843
28	ő	14656055	6223.1347	6.794
29	ü	13514826	5738.5553	6.7588
30	í	10281282	4365.5542	6.64
31	ú	6503442	2761.4386	6.4411
32	ű	3177719	1349.2972	6.1301
33	w	1543047	655.196	5.8164
34	x	770631	327.2191	5.5148
35	q	130806	55.5418	4.7446
36	õ	64644	27.4486	4.4385
37	ă	31329	13.3027	4.1239
38	ô	16822	7.1428	3.8539
39	û	13820	5.8681	3.7685
40	š	9560	4.0593	3.6085
41	ˇ	9414	3.9973	3.6018
42	ą	9197	3.9052	3.5916
43	ş	6401	2.7179	3.4342
44	â	6371	2.7052	3.4322
45	ě	5747	2.4402	3.3874
46	ŕ	5376	2.2827	3.3584
47	ä	3853	1.636	3.2138
48	ł	3235	1.3736	3.1379
49	ĺ	2964	1.2585	3.0999
50	ń	2957	1.2556	3.0989
51	ś	2930	1.2441	3.0949
52	å	2626	1.115	3.0473
53	ź	1896	0.8051	2.9058
54	č	1814	0.7702	2.8866
55	ç	1284	0.5452	2.7366
56	い	1172	0.4976	2.6969
57	ж	1167	0.4955	2.695
58	ň	1154	0.49	2.6902
59	р	1145	0.4862	2.6868
60	の	1070	0.4543	2.6573
61	て	988	0.4195	2.6227
62	î	746	0.3168	2.5008
63	ш	706	0.2998	2.4768
64	た	704	0.2989	2.4755
65	な	675	0.2866	2.4573
66	ñ	662	0.2811	2.4489
67	る	615	0.2611	2.4168
68	く	588	0.2497	2.3974
69	ë	587	0.2492	2.3965
70	し	583	0.2475	2.3936
71	に	574	0.2437	2.3869
71	を	574	0.2437	2.3869
72	れ	569	0.2416	2.3831
73	à	543	0.2306	2.3629
74	ż	540	0.2293	2.3604
75	は	502	0.2132	2.3288
76	も	467	0.1983	2.2973
77	ら	444	0.1885	2.2753
78	η	431	0.183	2.2625
79	う	427	0.1813	2.2584
80	か	410	0.1741	2.2408
81	り	405	0.172	2.2355
82	で	374	0.1588	2.2009
83	ß	370	0.1571	2.1962
84	が	362	0.1537	2.1867
85	と	355	0.1507	2.1781
86	ま	341	0.1448	2.1608
87	ć	336	0.1427	2.1544
88	ž	322	0.1367	2.1358
89	ý	316	0.1342	2.1278
90	ř	315	0.1338	2.1265
91	え	313	0.1329	2.1235
92	っ	307	0.1304	2.1153
93	ţ	304	0.1291	2.1109
94	ν	297	0.1261	2.1007
95	け	295	0.1253	2.098
96	だ	294	0.1248	2.0962
97	ч	287	0.1219	2.086
98	з	278	0.118	2.0719
99	き	275	0.1168	2.0674
100	ů	273	0.1159	2.0641
101	ο	272	0.1155	2.0626
102	よ	269	0.1142	2.0577
103	ę	265	0.1125	2.0512
104	め	238	0.1011	2.0048
105	κ	229	0.0972	1.9877
106	ﬁ	224	0.0951	1.9782
107	ό	223	0.0947	1.9763
108	ľ	206	0.0875	1.942
109	そ	204	0.0866	1.9375
110	ん	201	0.0853	1.9309
111	こ	200	0.0849	1.9289
112	あ	198	0.0841	1.9248
113	さ	186	0.079	1.8976
113	日	186	0.079	1.8976
114	ō	176	0.0747	1.8733
115	ț	174	0.0739	1.8686
116	τ	168	0.0713	1.8531
117	ь	164	0.0696	1.8426
117	つ	164	0.0696	1.8426
118	ș	163	0.0692	1.8401
119	υ	160	0.0679	1.8319
120	ť	159	0.0675	1.8293
120	君	159	0.0675	1.8293
121	ば	154	0.0654	1.8156
122	đ	148	0.0628	1.798
123	è	146	0.062	1.7924
124	а	145	0.0616	1.7896
124	щ	145	0.0616	1.7896
125	す	144	0.0611	1.786
126	ď	143	0.0607	1.7832
127	出	142	0.0603	1.7803
128	ち	141	0.0599	1.7774
129	ø	127	0.0539	1.7316
130	人	116	0.0493	1.6928
131	ί	110	0.0467	1.6693
132	明	107	0.0454	1.6571
133	β	103	0.0437	1.6405
133	わ	103	0.0437	1.6405
134	ū	102	0.0433	1.6365
135	ー	100	0.0425	1.6284
135	何	100	0.0425	1.6284
136	м	99	0.042	1.6232
137	ı	98	0.0416	1.6191
138	じ	95	0.0403	1.6053
138	ど	95	0.0403	1.6053
139	空	94	0.0399	1.601
140	度	92	0.0391	1.5922
141	遠	91	0.0386	1.5866
142	み	87	0.0369	1.567
142	進	87	0.0369	1.567
143	手	85	0.0361	1.5575
143	界	85	0.0361	1.5575
144	ã	84	0.0357	1.5527
144	今	84	0.0357	1.5527
145	せ	83	0.0352	1.5465
145	撃	83	0.0352	1.5465
146	ず	82	0.0348	1.5416
147	巨	80	0.034	1.5315
147	抱	80	0.034	1.5315
148	中	78	0.0331	1.5198
148	僕	78	0.0331	1.5198
149	夜	74	0.0314	1.4969
150	世	73	0.031	1.4914
150	愛	73	0.031	1.4914
151	溢	70	0.0297	1.4728
152	µ	69	0.0293	1.4669
152	合	69	0.0293	1.4669
153	о	68	0.0289	1.4609
153	涙	68	0.0289	1.4609
154	声	66	0.028	1.4472
154	想	66	0.028	1.4472
155	気	65	0.0276	1.4409
156	æ	64	0.0272	1.4346
157	見	63	0.0268	1.4281
158	願	62	0.0263	1.42
159	二	61	0.0259	1.4133
159	目	61	0.0259	1.4133
160	へ	60	0.0255	1.4065
160	胸	60	0.0255	1.4065
161	ê	59	0.0251	1.3997
161	т	59	0.0251	1.3997
162	強	58	0.0246	1.3909
162	熱	58	0.0246	1.3909
163	ª	57	0.0242	1.3838
163	伸	57	0.0242	1.3838
164	ゃ	56	0.0238	1.3766
164	夢	56	0.0238	1.3766
165	鳴	54	0.0229	1.3598
166	思	52	0.0221	1.3444
166	消	52	0.0221	1.3444
167	闇	51	0.0217	1.3365
168	α	50	0.0212	1.3263
168	ゆ	50	0.0212	1.3263
168	響	50	0.0212	1.3263
169	ā	48	0.0204	1.3096
169	ㅡ	48	0.0204	1.3096
169	光	48	0.0204	1.3096
170	μ	47	0.02	1.301
170	ろ	47	0.02	1.301
171	げ	46	0.0195	1.29
171	び	46	0.0195	1.29
171	ぶ	46	0.0195	1.29
171	高	46	0.0195	1.29
172	н	45	0.0191	1.281
172	々	45	0.0191	1.281
173	向	44	0.0187	1.2718
173	知	44	0.0187	1.2718
174	叶	43	0.0183	1.2625
174	自	43	0.0183	1.2625
174	行	43	0.0183	1.2625
175	望	42	0.0178	1.2504
175	覚	42	0.0178	1.2504
176	ラ	41	0.0174	1.2405
176	リ	41	0.0174	1.2405
176	裂	41	0.0174	1.2405
177	様	40	0.017	1.2304
178	神	39	0.0166	1.2201
178	誰	39	0.0166	1.2201
178	震	39	0.0166	1.2201
179	к	38	0.0161	1.2068
179	ひ	38	0.0161	1.2068
179	分	38	0.0161	1.2068
179	守	38	0.0161	1.2068
179	忘	38	0.0161	1.2068
179	祈	38	0.0161	1.2068
180	や	37	0.0157	1.1959
181	ス	36	0.0153	1.1847
181	永	36	0.0153	1.1847
182	コ	35	0.0149	1.1732
182	感	35	0.0149	1.1732
183	心	34	0.0144	1.1584
183	振	34	0.0144	1.1584
183	来	34	0.0144	1.1584
183	生	34	0.0144	1.1584
184	ỳ	33	0.014	1.1461
184	変	33	0.014	1.1461
184	憧	33	0.014	1.1461
184	越	33	0.014	1.1461
185	ご	32	0.0136	1.1335
185	ン	32	0.0136	1.1335
185	動	32	0.0136	1.1335
185	希	32	0.0136	1.1335
185	絶	32	0.0136	1.1335
186	ね	31	0.0132	1.1206
186	バ	31	0.0132	1.1206
186	実	31	0.0132	1.1206
187	ぬ	30	0.0127	1.1038
187	一	30	0.0127	1.1038
187	抜	30	0.0127	1.1038
187	浮	30	0.0127	1.1038
188	ぜ	29	0.0123	1.0899
188	シ	29	0.0123	1.0899
188	持	29	0.0123	1.0899
188	楽	29	0.0123	1.0899
188	間	29	0.0123	1.0899
189	ư	28	0.0119	1.0755
189	ε	28	0.0119	1.0755
189	с	28	0.0119	1.0755
189	叫	28	0.0119	1.0755
189	揺	28	0.0119	1.0755
189	星	28	0.0119	1.0755
189	映	28	0.0119	1.0755
189	歌	28	0.0119	1.0755
189	葉	28	0.0119	1.0755
189	言	28	0.0119	1.0755
189	運	28	0.0119	1.0755
190	カ	27	0.0115	1.0607
190	パ	27	0.0115	1.0607
190	命	27	0.0115	1.0607
190	小	27	0.0115	1.0607
191	ト	26	0.011	1.0414
191	ワ	26	0.011	1.0414
191	時	26	0.011	1.0414
191	片	26	0.011	1.0414
191	罪	26	0.011	1.0414
191	醒	26	0.011	1.0414
191	風	26	0.011	1.0414
192	ロ	25	0.0106	1.0253
192	会	25	0.0106	1.0253
192	受	25	0.0106	1.0253
192	由	25	0.0106	1.0253
192	眠	25	0.0106	1.0253
192	終	25	0.0106	1.0253
192	虚	25	0.0106	1.0253
192	連	25	0.0106	1.0253
193	ぎ	24	0.0102	1.0086
193	ル	24	0.0102	1.0086
193	上	24	0.0102	1.0086
193	真	24	0.0102	1.0086
193	私	24	0.0102	1.0086
193	立	24	0.0102	1.0086
193	舞	24	0.0102	1.0086
193	走	24	0.0102	1.0086
193	追	24	0.0102	1.0086
194	е	23	0.0098	0.9912
194	べ	23	0.0098	0.9912
194	全	23	0.0098	0.9912
194	切	23	0.0098	0.9912
194	影	23	0.0098	0.9912
194	憶	23	0.0098	0.9912
194	打	23	0.0098	0.9912
194	有	23	0.0098	0.9912
194	求	23	0.0098	0.9912
194	深	23	0.0098	0.9912
194	確	23	0.0098	0.9912
194	笑	23	0.0098	0.9912
194	頬	23	0.0098	0.9912
195	キ	22	0.0093	0.9685
196	ù	21	0.0089	0.9494
196	ぐ	21	0.0089	0.9494
196	ゅ	21	0.0089	0.9494
196	信	21	0.0089	0.9494
196	悲	21	0.0089	0.9494
196	昨	21	0.0089	0.9494
196	落	21	0.0089	0.9494
196	解	21	0.0089	0.9494
196	過	21	0.0089	0.9494
196	ﬂ	21	0.0089	0.9494
197	右	20	0.0085	0.9294
197	太	20	0.0085	0.9294
197	照	20	0.0085	0.9294
197	物	20	0.0085	0.9294
197	語	20	0.0085	0.9294
197	足	20	0.0085	0.9294
197	青	20	0.0085	0.9294
197	音	20	0.0085	0.9294
198	ク	19	0.0081	0.9085
198	果	19	0.0081	0.9085
198	歪	19	0.0081	0.9085
198	理	19	0.0081	0.9085
198	背	19	0.0081	0.9085
198	跡	19	0.0081	0.9085
199	ạ	18	0.0076	0.8808
199	入	18	0.0076	0.8808
199	始	18	0.0076	0.8808
199	未	18	0.0076	0.8808
199	答	18	0.0076	0.8808
199	陽	18	0.0076	0.8808
199	黒	18	0.0076	0.8808
200	ò	17	0.0072	0.8573
200	ほ	17	0.0072	0.8573
200	イ	17	0.0072	0.8573
200	ッ	17	0.0072	0.8573
200	差	17	0.0072	0.8573
200	引	17	0.0072	0.8573
200	無	17	0.0072	0.8573
200	羽	17	0.0072	0.8573
200	道	17	0.0072	0.8573
200	降	17	0.0072	0.8573
200	駆	17	0.0072	0.8573
201	ì	16	0.0068	0.8325
201	ピ	16	0.0068	0.8325
201	天	16	0.0068	0.8325
201	情	16	0.0068	0.8325
201	探	16	0.0068	0.8325
201	握	16	0.0068	0.8325
201	止	16	0.0068	0.8325
201	現	16	0.0068	0.8325
201	続	16	0.0068	0.8325
201	踏	16	0.0068	0.8325
201	輝	16	0.0068	0.8325
202	в	15	0.0064	0.8062
202	ふ	15	0.0064	0.8062
202	体	15	0.0064	0.8062
202	場	15	0.0064	0.8062
202	届	15	0.0064	0.8062
202	慣	15	0.0064	0.8062
202	月	15	0.0064	0.8062
202	瞬	15	0.0064	0.8062
202	者	15	0.0064	0.8062
202	花	15	0.0064	0.8062
202	込	15	0.0064	0.8062
202	遊	15	0.0064	0.8062
202	飛	15	0.0064	0.8062
203	ơ	14	0.0059	0.7709
203	у	14	0.0059	0.7709
203	ダ	14	0.0059	0.7709
203	仕	14	0.0059	0.7709
203	共	14	0.0059	0.7709
203	内	14	0.0059	0.7709
203	名	14	0.0059	0.7709
203	奏	14	0.0059	0.7709
203	崩	14	0.0059	0.7709
203	後	14	0.0059	0.7709
203	戻	14	0.0059	0.7709
203	所	14	0.0059	0.7709
203	暗	14	0.0059	0.7709
203	最	14	0.0059	0.7709
203	朽	14	0.0059	0.7709
203	海	14	0.0059	0.7709
203	炎	14	0.0059	0.7709
203	焼	14	0.0059	0.7709
203	繋	14	0.0059	0.7709
203	聞	14	0.0059	0.7709
203	血	14	0.0059	0.7709
203	贈	14	0.0059	0.7709
203	赤	14	0.0059	0.7709
203	迷	14	0.0059	0.7709
204	б	13	0.0055	0.7404
204	и	13	0.0055	0.7404
204	む	13	0.0055	0.7404
204	ョ	13	0.0055	0.7404
204	交	13	0.0055	0.7404
204	伝	13	0.0055	0.7404
204	偽	13	0.0055	0.7404
204	刃	13	0.0055	0.7404
204	刹	13	0.0055	0.7404
204	前	13	0.0055	0.7404
204	剣	13	0.0055	0.7404
204	勇	13	0.0055	0.7404
204	包	13	0.0055	0.7404
204	却	13	0.0055	0.7404
204	友	13	0.0055	0.7404
204	咆	13	0.0055	0.7404
204	大	13	0.0055	0.7404
204	姿	13	0.0055	0.7404
204	寸	13	0.0055	0.7404
204	尽	13	0.0055	0.7404
204	幸	13	0.0055	0.7404
204	往	13	0.0055	0.7404
204	循	13	0.0055	0.7404
204	怯	13	0.0055	0.7404
204	指	13	0.0055	0.7404
204	斬	13	0.0055	0.7404
204	断	13	0.0055	0.7404
204	暖	13	0.0055	0.7404
204	此	13	0.0055	0.7404
204	波	13	0.0055	0.7404
204	溺	13	0.0055	0.7404
204	漂	13	0.0055	0.7404
204	潜	13	0.0055	0.7404
204	組	13	0.0055	0.7404
204	結	13	0.0055	0.7404
204	絵	13	0.0055	0.7404
204	罰	13	0.0055	0.7404
204	聴	13	0.0055	0.7404
204	衝	13	0.0055	0.7404
204	試	13	0.0055	0.7404
204	諸	13	0.0055	0.7404
204	贖	13	0.0055	0.7404
204	踠	13	0.0055	0.7404
204	軌	13	0.0055	0.7404
204	軽	13	0.0055	0.7404
204	逝	13	0.0055	0.7404
204	那	13	0.0055	0.7404
204	限	13	0.0055	0.7404
204	隅	13	0.0055	0.7404
204	髪	13	0.0055	0.7404
204	魂	13	0.0055	0.7404
205	д	12	0.0051	0.7076
205	オ	12	0.0051	0.7076
205	テ	12	0.0051	0.7076
205	ナ	12	0.0051	0.7076
205	ハ	12	0.0051	0.7076
205	傷	12	0.0051	0.7076
205	初	12	0.0051	0.7076
205	制	12	0.0051	0.7076
205	半	12	0.0051	0.7076
205	取	12	0.0051	0.7076
205	呼	12	0.0051	0.7076
205	嫌	12	0.0051	0.7076
205	左	12	0.0051	0.7076
205	御	12	0.0051	0.7076
205	抗	12	0.0051	0.7076
205	構	12	0.0051	0.7076
205	眩	12	0.0051	0.7076
205	等	12	0.0051	0.7076
205	締	12	0.0051	0.7076
205	脳	12	0.0051	0.7076
205	静	12	0.0051	0.7076
206	ề	11	0.0047	0.6721
206	丈	11	0.0047	0.6721
206	事	11	0.0047	0.6721
206	効	11	0.0047	0.6721
206	呟	11	0.0047	0.6721
206	快	11	0.0047	0.6721
206	描	11	0.0047	0.6721
206	朝	11	0.0047	0.6721
206	流	11	0.0047	0.6721
206	激	11	0.0047	0.6721
206	着	11	0.0047	0.6721
206	絡	11	0.0047	0.6721
206	練	11	0.0047	0.6721
206	開	11	0.0047	0.6721
206	難	11	0.0047	0.6721
207	ざ	10	0.0042	0.6232
207	ポ	10	0.0042	0.6232
207	㨰	10	0.0042	0.6232
207	仰	10	0.0042	0.6232
207	刺	10	0.0042	0.6232
207	割	10	0.0042	0.6232
207	匂	10	0.0042	0.6232
207	吸	10	0.0042	0.6232
207	哀	10	0.0042	0.6232
207	堕	10	0.0042	0.6232
207	塗	10	0.0042	0.6232
207	師	10	0.0042	0.6232
207	張	10	0.0042	0.6232
207	悔	10	0.0042	0.6232
207	棲	10	0.0042	0.6232
207	決	10	0.0042	0.6232
207	潦	10	0.0042	0.6232
207	潰	10	0.0042	0.6232
207	瑮	10	0.0042	0.6232
207	移	10	0.0042	0.6232
207	経	10	0.0042	0.6232
207	置	10	0.0042	0.6232
207	肩	10	0.0042	0.6232
207	腕	10	0.0042	0.6232
207	舵	10	0.0042	0.6232
207	良	10	0.0042	0.6232
207	街	10	0.0042	0.6232
207	記	10	0.0042	0.6232
207	辿	10	0.0042	0.6232
207	逃	10	0.0042	0.6232
207	雨	10	0.0042	0.6232
208	̇	9	0.0038	0.5798
208	π	9	0.0038	0.5798
208	ằ	9	0.0038	0.5798
208	ぁ	9	0.0038	0.5798
208	マ	9	0.0038	0.5798
208	下	9	0.0038	0.5798
208	再	9	0.0038	0.5798
208	処	9	0.0038	0.5798
208	化	9	0.0038	0.5798
208	妙	9	0.0038	0.5798
208	幕	9	0.0038	0.5798
208	意	9	0.0038	0.5798
208	泥	9	0.0038	0.5798
208	濘	9	0.0038	0.5798
208	煙	9	0.0038	0.5798
208	痛	9	0.0038	0.5798
208	短	9	0.0038	0.5798
208	虹	9	0.0038	0.5798
208	蛙	9	0.0038	0.5798
208	鍵	9	0.0038	0.5798
209	お	8	0.0034	0.5315
209	フ	8	0.0034	0.5315
209	ホ	8	0.0034	0.5315
209	好	8	0.0034	0.5315
209	恋	8	0.0034	0.5315
209	直	8	0.0034	0.5315
209	緒	8	0.0034	0.5315
210	ē	7	0.003	0.4771
210	ğ	7	0.003	0.4771
210	ẩ	7	0.003	0.4771
210	ắ	7	0.003	0.4771
210	ア	7	0.003	0.4771
210	チ	7	0.003	0.4771
210	ニ	7	0.003	0.4771
210	教	7	0.003	0.4771
210	泣	7	0.003	0.4771
210	瞳	7	0.003	0.4771
210	礫	7	0.003	0.4771
210	絆	7	0.003	0.4771
211	º	6	0.0025	0.3979
211	œ	6	0.0025	0.3979
211	ാ	6	0.0025	0.3979
211	ả	6	0.0025	0.3979
211	ぞ	6	0.0025	0.3979
211	ょ	6	0.0025	0.3979
211	不	6	0.0025	0.3979
211	付	6	0.0025	0.3979
211	儚	6	0.0025	0.3979
211	奇	6	0.0025	0.3979
211	寄	6	0.0025	0.3979
211	怖	6	0.0025	0.3979
211	数	6	0.0025	0.3979
211	方	6	0.0025	0.3979
211	溶	6	0.0025	0.3979
211	癒	6	0.0025	0.3979
211	窓	6	0.0025	0.3979
211	証	6	0.0025	0.3979
211	逆	6	0.0025	0.3979
211	部	6	0.0025	0.3979
211	閉	6	0.0025	0.3979
212	þ	5	0.0021	0.3222
212	г	5	0.0021	0.3222
212	п	5	0.0021	0.3222
212	х	5	0.0021	0.3222
212	ഊ	5	0.0021	0.3222
212	ര	5	0.0021	0.3222
212	ഹ	5	0.0021	0.3222
212	ự	5	0.0021	0.3222
212	ⴠ	5	0.0021	0.3222
212	〬	5	0.0021	0.3222
212	サ	5	0.0021	0.3222
212	ミ	5	0.0021	0.3222
212	ヤ	5	0.0021	0.3222
212	㐱	5	0.0021	0.3222
212	㔬	5	0.0021	0.3222
212	㤊	5	0.0021	0.3222
212	㤹	5	0.0021	0.3222
212	㰊	5	0.0021	0.3222
212	㵥	5	0.0021	0.3222
212	㸭	5	0.0021	0.3222
212	先	5	0.0021	0.3222
212	別	5	0.0021	0.3222
212	同	5	0.0021	0.3222
212	問	5	0.0021	0.3222
212	嘆	5	0.0021	0.3222
212	回	5	0.0021	0.3222
212	在	5	0.0021	0.3222
212	幻	5	0.0021	0.3222
212	広	5	0.0021	0.3222
212	扉	5	0.0021	0.3222
212	扵	5	0.0021	0.3222
212	拾	5	0.0021	0.3222
212	挠	5	0.0021	0.3222
212	昣	5	0.0021	0.3222
212	晦	5	0.0021	0.3222
212	本	5	0.0021	0.3222
212	楴	5	0.0021	0.3222
212	汯	5	0.0021	0.3222
212	汴	5	0.0021	0.3222
212	添	5	0.0021	0.3222
212	渮	5	0.0021	0.3222
212	牯	5	0.0021	0.3222
212	猠	5	0.0021	0.3222
212	獥	5	0.0021	0.3222
212	獶	5	0.0021	0.3222
212	琮	5	0.0021	0.3222
212	瑥	5	0.0021	0.3222
212	眾	5	0.0021	0.3222
212	睷	5	0.0021	0.3222
212	穢	5	0.0021	0.3222
212	穩	5	0.0021	0.3222
212	素	5	0.0021	0.3222
212	繰	5	0.0021	0.3222
212	芽	5	0.0021	0.3222
212	話	5	0.0021	0.3222
212	起	5	0.0021	0.3222
212	躇	5	0.0021	0.3222
212	躊	5	0.0021	0.3222
212	辺	5	0.0021	0.3222
212	返	5	0.0021	0.3222
212	重	5	0.0021	0.3222
212	隣	5	0.0021	0.3222
212	雪	5	0.0021	0.3222
212	飾	5	0.0021	0.3222
213	ə	4	0.0017	0.2304
213	ι	4	0.0017	0.2304
213	ω	4	0.0017	0.2304
213	л	4	0.0017	0.2304
213	ц	4	0.0017	0.2304
213	ю	4	0.0017	0.2304
213	я	4	0.0017	0.2304
213	ຒ	4	0.0017	0.2304
213	ồ	4	0.0017	0.2304
213	ờ	4	0.0017	0.2304
213	ウ	4	0.0017	0.2304
213	ジ	4	0.0017	0.2304
213	ド	4	0.0017	0.2304
213	ブ	4	0.0017	0.2304
213	ャ	4	0.0017	0.2304
213	位	4	0.0017	0.2304
213	力	4	0.0017	0.2304
213	勝	4	0.0017	0.2304
213	区	4	0.0017	0.2304
213	去	4	0.0017	0.2304
213	和	4	0.0017	0.2304
213	存	4	0.0017	0.2304
213	孤	4	0.0017	0.2304
213	平	4	0.0017	0.2304
213	当	4	0.0017	0.2304
213	彼	4	0.0017	0.2304
213	我	4	0.0017	0.2304
213	招	4	0.0017	0.2304
213	敗	4	0.0017	0.2304
213	新	4	0.0017	0.2304
213	次	4	0.0017	0.2304
213	歩	4	0.0017	0.2304
213	段	4	0.0017	0.2304
213	特	4	0.0017	0.2304
213	独	4	0.0017	0.2304
213	第	4	0.0017	0.2304
213	縋	4	0.0017	0.2304
213	美	4	0.0017	0.2304
213	途	4	0.0017	0.2304
213	遥	4	0.0017	0.2304
213	鼓	4	0.0017	0.2304
214	ĩ	3	0.0013	0.1139
214	й	3	0.0013	0.1139
214	മ	3	0.0013	0.1139
214	ව	3	0.0013	0.1139
214	ệ	3	0.0013	0.1139
214	ỉ	3	0.0013	0.1139
214	タ	3	0.0013	0.1139
214	ビ	3	0.0013	0.1139
214	ュ	3	0.0013	0.1139
214	レ	3	0.0013	0.1139
214	乗	3	0.0013	0.1139
214	你	3	0.0013	0.1139
214	像	3	0.0013	0.1139
214	刻	3	0.0013	0.1139
214	史	3	0.0013	0.1139
214	味	3	0.0013	0.1139
214	子	3	0.0013	0.1139
214	工	3	0.0013	0.1139
214	年	3	0.0013	0.1139
214	成	3	0.0013	0.1139
214	敵	3	0.0013	0.1139
214	束	3	0.0013	0.1139
214	歴	3	0.0013	0.1139
214	煌	3	0.0013	0.1139
214	約	3	0.0013	0.1139
214	蕫	3	0.0013	0.1139
214	誓	3	0.0013	0.1139
214	貴	3	0.0013	0.1139
214	超	3	0.0013	0.1139
214	身	3	0.0013	0.1139
214	阳	3	0.0013	0.1139
214	険	3	0.0013	0.1139
214	題	3	0.0013	0.1139
214	鰈	3	0.0013	0.1139
215	ð	2	0.0008	-0.0969
215	ī	2	0.0008	-0.0969
215	җ	2	0.0008	-0.0969
215	ө	2	0.0008	-0.0969
215	ل	2	0.0008	-0.0969
215	ه	2	0.0008	-0.0969
215	ය	2	0.0008	-0.0969
215	ử	2	0.0008	-0.0969
215	ぴ	2	0.0008	-0.0969
215	ぼ	2	0.0008	-0.0969
215	ぽ	2	0.0008	-0.0969
215	ィ	2	0.0008	-0.0969
215	ォ	2	0.0008	-0.0969
215	ゴ	2	0.0008	-0.0969
215	プ	2	0.0008	-0.0969
215	ム	2	0.0008	-0.0969
215	丸	2	0.0008	-0.0969
215	了	2	0.0008	-0.0969
215	使	2	0.0008	-0.0969
215	倒	2	0.0008	-0.0969
215	値	2	0.0008	-0.0969
215	傍	2	0.0008	-0.0969
215	優	2	0.0008	-0.0969
215	冒	2	0.0008	-0.0969
215	利	2	0.0008	-0.0969
215	加	2	0.0008	-0.0969
215	吐	2	0.0008	-0.0969
215	喜	2	0.0008	-0.0969
215	地	2	0.0008	-0.0969
215	均	2	0.0008	-0.0969
215	壊	2	0.0008	-0.0969
215	失	2	0.0008	-0.0969
215	女	2	0.0008	-0.0969
215	完	2	0.0008	-0.0969
215	将	2	0.0008	-0.0969
215	導	2	0.0008	-0.0969
215	律	2	0.0008	-0.0969
215	微	2	0.0008	-0.0969
215	急	2	0.0008	-0.0969
215	悩	2	0.0008	-0.0969
215	戦	2	0.0008	-0.0969
215	捨	2	0.0008	-0.0969
215	救	2	0.0008	-0.0969
215	旋	2	0.0008	-0.0969
215	时	2	0.0008	-0.0969
215	春	2	0.0008	-0.0969
215	染	2	0.0008	-0.0969
215	栄	2	0.0008	-0.0969
215	欲	2	0.0008	-0.0969
215	歯	2	0.0008	-0.0969
215	残	2	0.0008	-0.0969
215	沿	2	0.0008	-0.0969
215	法	2	0.0008	-0.0969
215	浅	2	0.0008	-0.0969
215	浪	2	0.0008	-0.0969
215	済	2	0.0008	-0.0969
215	湯	2	0.0008	-0.0969
215	演	2	0.0008	-0.0969
215	濡	2	0.0008	-0.0969
215	灯	2	0.0008	-0.0969
215	热	2	0.0008	-0.0969
215	獄	2	0.0008	-0.0969
215	男	2	0.0008	-0.0969
215	番	2	0.0008	-0.0969
215	発	2	0.0008	-0.0969
215	皆	2	0.0008	-0.0969
215	皮	2	0.0008	-0.0969
215	穏	2	0.0008	-0.0969
215	突	2	0.0008	-0.0969
215	算	2	0.0008	-0.0969
215	脈	2	0.0008	-0.0969
215	膚	2	0.0008	-0.0969
215	色	2	0.0008	-0.0969
215	襲	2	0.0008	-0.0969
215	要	2	0.0008	-0.0969
215	計	2	0.0008	-0.0969
215	許	2	0.0008	-0.0969
215	誘	2	0.0008	-0.0969
215	譲	2	0.0008	-0.0969
215	負	2	0.0008	-0.0969
215	車	2	0.0008	-0.0969
215	転	2	0.0008	-0.0969
215	輪	2	0.0008	-0.0969
215	速	2	0.0008	-0.0969
215	鐘	2	0.0008	-0.0969
215	陸	2	0.0008	-0.0969
215	階	2	0.0008	-0.0969
215	隠	2	0.0008	-0.0969
215	離	2	0.0008	-0.0969
215	ﾃ	2	0.0008	-0.0969
215	ﾉ	2	0.0008	-0.0969
216	ï	1	0.0004	-0.3979
216	ÿ	1	0.0004	-0.3979
216	ũ	1	0.0004	-0.3979
216	θ	1	0.0004	-0.3979
216	χ	1	0.0004	-0.3979
216	ы	1	0.0004	-0.3979
216	أ	1	0.0004	-0.3979
216	ا	1	0.0004	-0.3979
216	ب	1	0.0004	-0.3979
216	ر	1	0.0004	-0.3979
216	ك	1	0.0004	-0.3979
216	و	1	0.0004	-0.3979
216	ി	1	0.0004	-0.3979
216	ආ	1	0.0004	-0.3979
216	ජ	1	0.0004	-0.3979
216	න	1	0.0004	-0.3979
216	බ	1	0.0004	-0.3979
216	්	1	0.0004	-0.3979
216	ා	1	0.0004	-0.3979
216	ු	1	0.0004	-0.3979
216	ේ	1	0.0004	-0.3979
216	ෝ	1	0.0004	-0.3979
216	ầ	1	0.0004	-0.3979
216	ế	1	0.0004	-0.3979
216	ể	1	0.0004	-0.3979
216	ọ	1	0.0004	-0.3979
216	ổ	1	0.0004	-0.3979
216	ộ	1	0.0004	-0.3979
216	ợ	1	0.0004	-0.3979
216	ủ	1	0.0004	-0.3979
216	ỹ	1	0.0004	-0.3979
216	づ	1	0.0004	-0.3979
216	ァ	1	0.0004	-0.3979
216	ェ	1	0.0004	-0.3979
216	エ	1	0.0004	-0.3979
216	ギ	1	0.0004	-0.3979
216	グ	1	0.0004	-0.3979
216	ズ	1	0.0004	-0.3979
216	ゼ	1	0.0004	-0.3979
216	ソ	1	0.0004	-0.3979
216	デ	1	0.0004	-0.3979
216	ネ	1	0.0004	-0.3979
216	ノ	1	0.0004	-0.3979
216	ヒ	1	0.0004	-0.3979
216	ベ	1	0.0004	-0.3979
216	メ	1	0.0004	-0.3979
216	乾	1	0.0004	-0.3979
216	他	1	0.0004	-0.3979
216	们	1	0.0004	-0.3979
216	仲	1	0.0004	-0.3979
216	作	1	0.0004	-0.3979
216	倍	1	0.0004	-0.3979
216	側	1	0.0004	-0.3979
216	億	1	0.0004	-0.3979
216	公	1	0.0004	-0.3979
216	兵	1	0.0004	-0.3979
216	凍	1	0.0004	-0.3979
216	剰	1	0.0004	-0.3979
216	創	1	0.0004	-0.3979
216	占	1	0.0004	-0.3979
216	原	1	0.0004	-0.3979
216	厳	1	0.0004	-0.3979
216	口	1	0.0004	-0.3979
216	可	1	0.0004	-0.3979
216	吗	1	0.0004	-0.3979
216	听	1	0.0004	-0.3979
216	告	1	0.0004	-0.3979
216	唇	1	0.0004	-0.3979
216	四	1	0.0004	-0.3979
216	国	1	0.0004	-0.3979
216	型	1	0.0004	-0.3979
216	堪	1	0.0004	-0.3979
216	壁	1	0.0004	-0.3979
216	奉	1	0.0004	-0.3979
216	奴	1	0.0004	-0.3979
216	宝	1	0.0004	-0.3979
216	家	1	0.0004	-0.3979
216	寂	1	0.0004	-0.3979
216	射	1	0.0004	-0.3979
216	尊	1	0.0004	-0.3979
216	屋	1	0.0004	-0.3979
216	展	1	0.0004	-0.3979
216	嵐	1	0.0004	-0.3979
216	己	1	0.0004	-0.3979
216	布	1	0.0004	-0.3979
216	弱	1	0.0004	-0.3979
216	彷	1	0.0004	-0.3979
216	徨	1	0.0004	-0.3979
216	必	1	0.0004	-0.3979
216	忍	1	0.0004	-0.3979
216	息	1	0.0004	-0.3979
216	慕	1	0.0004	-0.3979
216	憂	1	0.0004	-0.3979
216	押	1	0.0004	-0.3979
216	拉	1	0.0004	-0.3979
216	拡	1	0.0004	-0.3979
216	掴	1	0.0004	-0.3979
216	放	1	0.0004	-0.3979
216	族	1	0.0004	-0.3979
216	易	1	0.0004	-0.3979
216	木	1	0.0004	-0.3979
216	查	1	0.0004	-0.3979
216	样	1	0.0004	-0.3979
216	格	1	0.0004	-0.3979
216	棡	1	0.0004	-0.3979
216	椅	1	0.0004	-0.3979
216	業	1	0.0004	-0.3979
216	樂	1	0.0004	-0.3979
216	正	1	0.0004	-0.3979
216	歳	1	0.0004	-0.3979
216	死	1	0.0004	-0.3979
216	氷	1	0.0004	-0.3979
216	河	1	0.0004	-0.3979
216	淡	1	0.0004	-0.3979
216	温	1	0.0004	-0.3979
216	湖	1	0.0004	-0.3979
216	漏	1	0.0004	-0.3979
216	灰	1	0.0004	-0.3979
216	牙	1	0.0004	-0.3979
216	王	1	0.0004	-0.3979
216	球	1	0.0004	-0.3979
216	瓦	1	0.0004	-0.3979
216	用	1	0.0004	-0.3979
216	町	1	0.0004	-0.3979
216	留	1	0.0004	-0.3979
216	盟	1	0.0004	-0.3979
216	盾	1	0.0004	-0.3979
216	眼	1	0.0004	-0.3979
216	矛	1	0.0004	-0.3979
216	石	1	0.0004	-0.3979
216	硬	1	0.0004	-0.3979
216	祝	1	0.0004	-0.3979
216	福	1	0.0004	-0.3979
216	管	1	0.0004	-0.3979
216	紡	1	0.0004	-0.3979
216	細	1	0.0004	-0.3979
216	縺	1	0.0004	-0.3979
216	習	1	0.0004	-0.3979
216	翼	1	0.0004	-0.3979
216	聊	1	0.0004	-0.3979
216	至	1	0.0004	-0.3979
216	菴	1	0.0004	-0.3979
216	薙	1	0.0004	-0.3979
216	螯	1	0.0004	-0.3979
216	表	1	0.0004	-0.3979
216	裏	1	0.0004	-0.3979
216	触	1	0.0004	-0.3979
216	誠	1	0.0004	-0.3979
216	調	1	0.0004	-0.3979
216	謀	1	0.0004	-0.3979
216	識	1	0.0004	-0.3979
216	说	1	0.0004	-0.3979
216	调	1	0.0004	-0.3979
216	軋	1	0.0004	-0.3979
216	轢	1	0.0004	-0.3979
216	辻	1	0.0004	-0.3979
216	还	1	0.0004	-0.3979
216	这	1	0.0004	-0.3979
216	通	1	0.0004	-0.3979
216	逢	1	0.0004	-0.3979
216	違	1	0.0004	-0.3979
216	遭	1	0.0004	-0.3979
216	銃	1	0.0004	-0.3979
216	隊	1	0.0004	-0.3979
216	雲	1	0.0004	-0.3979
216	電	1	0.0004	-0.3979
216	霊	1	0.0004	-0.3979
216	頃	1	0.0004	-0.3979
216	顫	1	0.0004	-0.3979
216	騎	1	0.0004	-0.3979
216	魔	1	0.0004	-0.3979
216	魚	1	0.0004	-0.3979
216	간	1	0.0004	-0.3979
216	고	1	0.0004	-0.3979
216	군	1	0.0004	-0.3979
216	난	1	0.0004	-0.3979
216	남	1	0.0004	-0.3979
216	냈	1	0.0004	-0.3979
216	더	1	0.0004	-0.3979
216	력	1	0.0004	-0.3979
216	로	1	0.0004	-0.3979
216	면	1	0.0004	-0.3979
216	버	1	0.0004	-0.3979
216	서	1	0.0004	-0.3979
216	선	1	0.0004	-0.3979
216	성	1	0.0004	-0.3979
216	아	1	0.0004	-0.3979
216	양	1	0.0004	-0.3979
216	엄	1	0.0004	-0.3979
216	에	1	0.0004	-0.3979
216	요	1	0.0004	-0.3979
216	용	1	0.0004	-0.3979
216	우	1	0.0004	-0.3979
216	으	1	0.0004	-0.3979
216	은	1	0.0004	-0.3979
216	의	1	0.0004	-0.3979
216	이	1	0.0004	-0.3979
216	임	1	0.0004	-0.3979
216	잠	1	0.0004	-0.3979
216	전	1	0.0004	-0.3979
216	주	1	0.0004	-0.3979
216	지	1	0.0004	-0.3979
216	짜	1	0.0004	-0.3979
216	짬	1	0.0004	-0.3979
216	쯕	1	0.0004	-0.3979
216	청	1	0.0004	-0.3979
216	투	1	0.0004	-0.3979
216	해	1	0.0004	-0.3979
216	환	1	0.0004	-0.3979
216	ｩ	1	0.0004	-0.3979
216	ｵ	1	0.0004	-0.3979
216	ﾐ	1	0.0004	-0.3979
216	ﾑ	1	0.0004	-0.3979
