Rank	Character	Frequency	Frequency per million	Zipf value
1	a	115870368	208635.7372	8.3194
2	n	51255416	92290.3041	7.9652
3	i	44529257	80179.2082	7.9041
4	e	39058738	70329.0128	7.8471
5	k	38530882	69378.5574	7.8412
6	u	36536529	65787.533	7.8181
7	t	28414374	51162.8121	7.709
8	m	24695433	44466.5013	7.648
9	r	23465513	42251.9121	7.6258
10	s	20860915	37562.083	7.5747
11	d	19327778	34801.5224	7.5416
12	g	18902541	34035.8423	7.5319
13	l	16553743	29806.6057	7.4743
14	h	15378899	27691.1862	7.4423
15	b	14998511	27006.261	7.4315
16	p	14654823	26387.4177	7.4214
17	y	10886839	19602.8003	7.2923
18	o	8449872	15214.8069	7.1823
19	j	4996969	8997.5231	6.9541
20	c	3777055	6800.9506	6.8326
21	w	2060495	3710.1193	6.5694
22	f	1288617	2320.2788	6.3655
23	v	487022	876.9299	5.943
24	z	202726	365.0277	5.5623
25	x	109316	196.834	5.2941
26	q	43102	77.6093	4.8899
27	é	3935	7.0853	3.8504
28	â	3604	6.4893	3.8122
29	ª	2126	3.8281	3.583
30	þ	2056	3.702	3.5684
31	è	1964	3.5364	3.5486
32	í	1721	3.0988	3.4912
33	á	1495	2.6919	3.4301
34	ã	1481	2.6667	3.426
35	ü	1097	1.9753	3.2956
36	ñ	841	1.5143	3.1802
37	ó	750	1.3504	3.1305
38	æ	731	1.3162	3.1193
39	ö	662	1.192	3.0763
40	ä	605	1.0894	3.0372
41	ý	604	1.0876	3.0365
42	ç	552	0.9939	2.9973
42	î	552	0.9939	2.9973
43	ø	528	0.9507	2.978
44	š	522	0.9399	2.9731
45	à	463	0.8337	2.921
46	ō	392	0.7058	2.8487
47	ú	369	0.6644	2.8224
48	ì	340	0.6122	2.7869
49	ð	227	0.4087	2.6114
50	û	223	0.4015	2.6037
51	ي	222	0.3997	2.6017
52	е	200	0.3601	2.5564
53	ž	189	0.3403	2.5319
54	ل	188	0.3385	2.5296
55	ο	177	0.3187	2.5034
56	η	171	0.3079	2.4884
57	å	166	0.2989	2.4755
58	º	165	0.2971	2.4729
59	а	163	0.2935	2.4676
60	ô	155	0.2791	2.4458
61	ѕ	151	0.2719	2.4344
62	б	136	0.2449	2.389
63	н	133	0.2395	2.3793
64	ı	126	0.2269	2.3558
65	о	120	0.2161	2.3347
66	ï	118	0.2125	2.3274
66	і	118	0.2125	2.3274
67	ū	116	0.2089	2.3199
68	ê	107	0.1927	2.2849
69	ā	104	0.1873	2.2725
70	ν	100	0.1801	2.2555
71	ò	92	0.1657	2.2193
71	α	92	0.1657	2.2193
72	τ	91	0.1639	2.2146
73	ш	88	0.1585	2.2
74	ế	81	0.1458	2.1638
75	μ	79	0.1422	2.1529
76	て	74	0.1332	2.1245
77	に	72	0.1296	2.1126
78	ù	71	0.1278	2.1065
79	и	68	0.1224	2.0878
80	с	66	0.1188	2.0748
81	な	63	0.1134	2.0546
82	β	58	0.1044	2.0187
83	た	55	0.099	1.9956
83	ｶ	55	0.099	1.9956
84	ë	54	0.0972	1.9877
85	英	53	0.0954	1.9795
85	雄	53	0.0954	1.9795
86	ể	52	0.0936	1.9713
86	傳	52	0.0936	1.9713
86	射	52	0.0936	1.9713
86	雕	52	0.0936	1.9713
87	љ	50	0.09	1.9542
88	の	49	0.0882	1.9455
89	õ	48	0.0864	1.9365
90	ş	47	0.0846	1.9274
91	ă	44	0.0792	1.8987
92	э	43	0.0774	1.8887
92	る	43	0.0774	1.8887
93	ư	42	0.0756	1.8785
93	り	42	0.0756	1.8785
94	ţ	38	0.0684	1.8351
94	ﬂ	38	0.0684	1.8351
95	い	36	0.0648	1.8116
95	く	36	0.0648	1.8116
96	č	35	0.063	1.7993
96	あ	35	0.063	1.7993
97	を	34	0.0612	1.7868
97	ん	34	0.0612	1.7868
98	し	33	0.0594	1.7738
99	м	32	0.0576	1.7604
99	ợ	32	0.0576	1.7604
100	ầ	31	0.0558	1.7466
100	ラ	31	0.0558	1.7466
100	月	31	0.0558	1.7466
101	ǒ	29	0.0522	1.7177
101	υ	29	0.0522	1.7177
101	う	29	0.0522	1.7177
102	ī	28	0.0504	1.7024
103	よ	27	0.0486	1.6866
104	ř	26	0.0468	1.6702
104	̅	26	0.0468	1.6702
105	đ	25	0.045	1.6532
105	й	25	0.045	1.6532
105	ち	25	0.045	1.6532
106	ł	24	0.0432	1.6355
106	ஜ	24	0.0432	1.6355
106	議	24	0.0432	1.6355
107	ρ	23	0.0414	1.617
107	ћ	23	0.0414	1.617
107	異	23	0.0414	1.617
108	ƒ	22	0.0396	1.5977
108	ʃ	22	0.0396	1.5977
109	ﬁ	21	0.0378	1.5775
110	君	20	0.036	1.5563
110	小	20	0.036	1.5563
110	心	20	0.036	1.5563
111	ğ	19	0.0342	1.534
111	せ	19	0.0342	1.534
112	щ	18	0.0324	1.5105
112	ј	18	0.0324	1.5105
112	れ	18	0.0324	1.5105
113	ε	17	0.0306	1.4857
113	け	17	0.0306	1.4857
113	っ	17	0.0306	1.4857
113	と	17	0.0306	1.4857
113	め	17	0.0306	1.4857
114	κ	15	0.027	1.4314
114	ự	15	0.027	1.4314
114	ỳ	15	0.027	1.4314
114	子	15	0.027	1.4314
115	̲	14	0.0252	1.4014
115	р	14	0.0252	1.4014
115	х	14	0.0252	1.4014
115	で	14	0.0252	1.4014
115	も	14	0.0252	1.4014
116	œ	13	0.0234	1.3692
116	ǐ	13	0.0234	1.3692
116	え	13	0.0234	1.3692
116	你	13	0.0234	1.3692
116	出	13	0.0234	1.3692
116	雲	13	0.0234	1.3692
117	ǎ	12	0.0216	1.3345
117	г	12	0.0216	1.3345
117	こ	12	0.0216	1.3345
117	一	12	0.0216	1.3345
117	莊	12	0.0216	1.3345
117	行	12	0.0216	1.3345
118	ß	11	0.0198	1.2967
118	ű	11	0.0198	1.2967
118	ơ	11	0.0198	1.2967
118	が	11	0.0198	1.2967
118	そ	11	0.0198	1.2967
118	ム	11	0.0198	1.2967
119	ạ	10	0.018	1.2553
119	ấ	10	0.018	1.2553
119	つ	10	0.018	1.2553
119	今	10	0.018	1.2553
119	他	10	0.018	1.2553
119	我	10	0.018	1.2553
119	手	10	0.018	1.2553
119	日	10	0.018	1.2553
119	自	10	0.018	1.2553
120	ē	9	0.0162	1.2095
120	ě	9	0.0162	1.2095
120	ő	9	0.0162	1.2095
120	ŧ	9	0.0162	1.2095
120	̇	9	0.0162	1.2095
120	ι	9	0.0162	1.2095
120	ụ	9	0.0162	1.2095
120	裂	9	0.0162	1.2095
121	ζ	8	0.0144	1.1584
121	み	8	0.0144	1.1584
121	ら	8	0.0144	1.1584
121	わ	8	0.0144	1.1584
121	ア	8	0.0144	1.1584
121	会	8	0.0144	1.1584
121	取	8	0.0144	1.1584
121	宋	8	0.0144	1.1584
121	忘	8	0.0144	1.1584
121	惜	8	0.0144	1.1584
121	抱	8	0.0144	1.1584
121	方	8	0.0144	1.1584
121	正	8	0.0144	1.1584
121	着	8	0.0144	1.1584
121	空	8	0.0144	1.1584
121	粗	8	0.0144	1.1584
121	长	8	0.0144	1.1584
121	雅	8	0.0144	1.1584
122	т	7	0.0126	1.1004
122	ة	7	0.0126	1.1004
122	ว	7	0.0126	1.1004
122	ả	7	0.0126	1.1004
122	か	7	0.0126	1.1004
122	び	7	0.0126	1.1004
122	ㅅ	7	0.0126	1.1004
122	乗	7	0.0126	1.1004
122	染	7	0.0126	1.1004
122	火	7	0.0126	1.1004
122	破	7	0.0126	1.1004
122	译	7	0.0126	1.1004
122	道	7	0.0126	1.1004
123	µ	6	0.0108	1.0334
123	ś	6	0.0108	1.0334
123	ů	6	0.0108	1.0334
123	́	6	0.0108	1.0334
123	к	6	0.0108	1.0334
123	ต	6	0.0108	1.0334
123	ร	6	0.0108	1.0334
123	ส	6	0.0108	1.0334
123	ั	6	0.0108	1.0334
123	き	6	0.0108	1.0334
123	さ	6	0.0108	1.0334
123	ず	6	0.0108	1.0334
123	ば	6	0.0108	1.0334
123	ぼ	6	0.0108	1.0334
123	む	6	0.0108	1.0334
123	ダ	6	0.0108	1.0334
123	フ	6	0.0108	1.0334
123	不	6	0.0108	1.0334
123	前	6	0.0108	1.0334
123	口	6	0.0108	1.0334
123	坂	6	0.0108	1.0334
123	寸	6	0.0108	1.0334
123	当	6	0.0108	1.0334
123	意	6	0.0108	1.0334
123	感	6	0.0108	1.0334
123	明	6	0.0108	1.0334
123	有	6	0.0108	1.0334
123	爆	6	0.0108	1.0334
123	的	6	0.0108	1.0334
123	祈	6	0.0108	1.0334
123	置	6	0.0108	1.0334
123	翻	6	0.0108	1.0334
123	装	6	0.0108	1.0334
123	起	6	0.0108	1.0334
123	車	6	0.0108	1.0334
123	転	6	0.0108	1.0334
123	陽	6	0.0108	1.0334
123	駆	6	0.0108	1.0334
124	ę	5	0.009	0.9542
124	π	5	0.009	0.9542
124	п	5	0.009	0.9542
124	ก	5	0.009	0.9542
124	ậ	5	0.009	0.9542
124	ữ	5	0.009	0.9542
124	す	5	0.009	0.9542
124	エ	5	0.009	0.9542
124	キ	5	0.009	0.9542
124	シ	5	0.009	0.9542
124	ナ	5	0.009	0.9542
124	ル	5	0.009	0.9542
124	ー	5	0.009	0.9542
124	云	5	0.009	0.9542
124	亚	5	0.009	0.9542
124	动	5	0.009	0.9542
124	哥	5	0.009	0.9542
124	夏	5	0.009	0.9542
124	大	5	0.009	0.9542
124	恋	5	0.009	0.9542
124	时	5	0.009	0.9542
124	春	5	0.009	0.9542
124	末	5	0.009	0.9542
124	柚	5	0.009	0.9542
124	橘	5	0.009	0.9542
124	笛	5	0.009	0.9542
124	红	5	0.009	0.9542
124	見	5	0.009	0.9542
124	证	5	0.009	0.9542
124	鉴	5	0.009	0.9542
124	间	5	0.009	0.9542
124	龟	5	0.009	0.9542
124	랑	5	0.009	0.9542
124	화	5	0.009	0.9542
125	ÿ	4	0.0072	0.8573
125	ň	4	0.0072	0.8573
125	ί	4	0.0072	0.8573
125	в	4	0.0072	0.8573
125	з	4	0.0072	0.8573
125	ъ	4	0.0072	0.8573
125	ا	4	0.0072	0.8573
125	ح	4	0.0072	0.8573
125	จ	4	0.0072	0.8573
125	ำ	4	0.0072	0.8573
125	ề	4	0.0072	0.8573
125	ệ	4	0.0072	0.8573
125	ぐ	4	0.0072	0.8573
125	だ	4	0.0072	0.8573
125	ァ	4	0.0072	0.8573
125	僕	4	0.0072	0.8573
125	决	4	0.0072	0.8573
125	叔	4	0.0072	0.8573
125	后	4	0.0072	0.8573
125	度	4	0.0072	0.8573
125	得	4	0.0072	0.8573
125	情	4	0.0072	0.8573
125	所	4	0.0072	0.8573
125	打	4	0.0072	0.8573
125	星	4	0.0072	0.8573
125	是	4	0.0072	0.8573
125	束	4	0.0072	0.8573
125	爱	4	0.0072	0.8573
125	看	4	0.0072	0.8573
125	約	4	0.0072	0.8573
125	誓	4	0.0072	0.8573
125	走	4	0.0072	0.8573
125	青	4	0.0072	0.8573
125	風	4	0.0072	0.8573
125	개	4	0.0072	0.8573
126	ć	3	0.0054	0.7324
126	ń	3	0.0054	0.7324
126	ť	3	0.0054	0.7324
126	ќ	3	0.0054	0.7324
126	ر	3	0.0054	0.7324
126	ك	3	0.0054	0.7324
126	ด	3	0.0054	0.7324
126	ี	3	0.0054	0.7324
126	က	3	0.0054	0.7324
126	္	3	0.0054	0.7324
126	ᴬ	3	0.0054	0.7324
126	ổ	3	0.0054	0.7324
126	ぶ	3	0.0054	0.7324
126	ま	3	0.0054	0.7324
126	ゃ	3	0.0054	0.7324
126	人	3	0.0054	0.7324
126	体	3	0.0054	0.7324
126	切	3	0.0054	0.7324
126	制	3	0.0054	0.7324
126	反	3	0.0054	0.7324
126	吧	3	0.0054	0.7324
126	场	3	0.0054	0.7324
126	张	3	0.0054	0.7324
126	待	3	0.0054	0.7324
126	放	3	0.0054	0.7324
126	消	3	0.0054	0.7324
126	现	3	0.0054	0.7324
126	花	3	0.0054	0.7324
126	萬	3	0.0054	0.7324
126	见	3	0.0054	0.7324
126	解	3	0.0054	0.7324
126	诘	3	0.0054	0.7324
126	雷	3	0.0054	0.7324
126	高	3	0.0054	0.7324
126	鸣	3	0.0054	0.7324
126	기	3	0.0054	0.7324
126	르	3	0.0054	0.7324
126	의	3	0.0054	0.7324
126	️	3	0.0054	0.7324
127	ą	2	0.0036	0.5563
127	ĩ	2	0.0036	0.5563
127	̊	2	0.0036	0.5563
127	̥	2	0.0036	0.5563
127	̶	2	0.0036	0.5563
127	͡	2	0.0036	0.5563
127	σ	2	0.0036	0.5563
127	д	2	0.0036	0.5563
127	ж	2	0.0036	0.5563
127	л	2	0.0036	0.5563
127	ч	2	0.0036	0.5563
127	ب	2	0.0036	0.5563
127	خ	2	0.0036	0.5563
127	น	2	0.0036	0.5563
127	บ	2	0.0036	0.5563
127	လ	2	0.0036	0.5563
127	ြ	2	0.0036	0.5563
127	ᴱ	2	0.0036	0.5563
127	ᴶ	2	0.0036	0.5563
127	ᴺ	2	0.0036	0.5563
127	ᴾ	2	0.0036	0.5563
127	ᵁ	2	0.0036	0.5563
127	ủ	2	0.0036	0.5563
127	ứ	2	0.0036	0.5563
127	ざ	2	0.0036	0.5563
127	じ	2	0.0036	0.5563
127	は	2	0.0036	0.5563
127	や	2	0.0036	0.5563
127	ス	2	0.0036	0.5563
127	下	2	0.0036	0.5563
127	为	2	0.0036	0.5563
127	乐	2	0.0036	0.5563
127	也	2	0.0036	0.5563
127	了	2	0.0036	0.5563
127	亦	2	0.0036	0.5563
127	伤	2	0.0036	0.5563
127	伸	2	0.0036	0.5563
127	八	2	0.0036	0.5563
127	分	2	0.0036	0.5563
127	到	2	0.0036	0.5563
127	力	2	0.0036	0.5563
127	劳	2	0.0036	0.5563
127	卐	2	0.0036	0.5563
127	印	2	0.0036	0.5563
127	叶	2	0.0036	0.5563
127	同	2	0.0036	0.5563
127	吗	2	0.0036	0.5563
127	吹	2	0.0036	0.5563
127	啊	2	0.0036	0.5563
127	四	2	0.0036	0.5563
127	在	2	0.0036	0.5563
127	変	2	0.0036	0.5563
127	夜	2	0.0036	0.5563
127	失	2	0.0036	0.5563
127	女	2	0.0036	0.5563
127	好	2	0.0036	0.5563
127	定	2	0.0036	0.5563
127	封	2	0.0036	0.5563
127	少	2	0.0036	0.5563
127	崖	2	0.0036	0.5563
127	很	2	0.0036	0.5563
127	快	2	0.0036	0.5563
127	怕	2	0.0036	0.5563
127	悬	2	0.0036	0.5563
127	悲	2	0.0036	0.5563
127	想	2	0.0036	0.5563
127	愉	2	0.0036	0.5563
127	愿	2	0.0036	0.5563
127	懂	2	0.0036	0.5563
127	戻	2	0.0036	0.5563
127	揺	2	0.0036	0.5563
127	操	2	0.0036	0.5563
127	数	2	0.0036	0.5563
127	暮	2	0.0036	0.5563
127	最	2	0.0036	0.5563
127	来	2	0.0036	0.5563
127	极	2	0.0036	0.5563
127	歌	2	0.0036	0.5563
127	步	2	0.0036	0.5563
127	涙	2	0.0036	0.5563
127	田	2	0.0036	0.5563
127	留	2	0.0036	0.5563
127	痛	2	0.0036	0.5563
127	白	2	0.0036	0.5563
127	目	2	0.0036	0.5563
127	眺	2	0.0036	0.5563
127	祝	2	0.0036	0.5563
127	窓	2	0.0036	0.5563
127	等	2	0.0036	0.5563
127	素	2	0.0036	0.5563
127	織	2	0.0036	0.5563
127	美	2	0.0036	0.5563
127	胸	2	0.0036	0.5563
127	芽	2	0.0036	0.5563
127	落	2	0.0036	0.5563
127	葉	2	0.0036	0.5563
127	術	2	0.0036	0.5563
127	裏	2	0.0036	0.5563
127	要	2	0.0036	0.5563
127	言	2	0.0036	0.5563
127	託	2	0.0036	0.5563
127	词	2	0.0036	0.5563
127	象	2	0.0036	0.5563
127	跟	2	0.0036	0.5563
127	路	2	0.0036	0.5563
127	輝	2	0.0036	0.5563
127	还	2	0.0036	0.5563
127	那	2	0.0036	0.5563
127	重	2	0.0036	0.5563
127	閉	2	0.0036	0.5563
127	開	2	0.0036	0.5563
127	隠	2	0.0036	0.5563
127	꿈	2	0.0036	0.5563
127	나	2	0.0036	0.5563
127	룡	2	0.0036	0.5563
127	보	2	0.0036	0.5563
127	샤	2	0.0036	0.5563
127	예	2	0.0036	0.5563
127	육	2	0.0036	0.5563
127	이	2	0.0036	0.5563
127	인	2	0.0036	0.5563
127	일	2	0.0036	0.5563
127	형	2	0.0036	0.5563
127	ｓ	2	0.0036	0.5563
128	ď	1	0.0018	0.2553
128	ļ	1	0.0018	0.2553
128	ǔ	1	0.0018	0.2553
128	ʖ	1	0.0018	0.2553
128	ʰ	1	0.0018	0.2553
128	ʱ	1	0.0018	0.2553
128	ˇ	1	0.0018	0.2553
128	͜	1	0.0018	0.2553
128	ͻ	1	0.0018	0.2553
128	δ	1	0.0018	0.2553
128	λ	1	0.0018	0.2553
128	ϻ	1	0.0018	0.2553
128	у	1	0.0018	0.2553
128	я	1	0.0018	0.2553
128	ѧ	1	0.0018	0.2553
128	ҵ	1	0.0018	0.2553
128	ף	1	0.0018	0.2553
128	ع	1	0.0018	0.2553
128	ආ	1	0.0018	0.2553
128	න	1	0.0018	0.2553
128	බ	1	0.0018	0.2553
128	ය	1	0.0018	0.2553
128	ව	1	0.0018	0.2553
128	්	1	0.0018	0.2553
128	ු	1	0.0018	0.2553
128	ෝ	1	0.0018	0.2553
128	ง	1	0.0018	0.2553
128	ม	1	0.0018	0.2553
128	ห	1	0.0018	0.2553
128	อ	1	0.0018	0.2553
128	ะ	1	0.0018	0.2553
128	า	1	0.0018	0.2553
128	ื	1	0.0018	0.2553
128	เ	1	0.0018	0.2553
128	แ	1	0.0018	0.2553
128	่	1	0.0018	0.2553
128	န	1	0.0018	0.2553
128	ပ	1	0.0018	0.2553
128	မ	1	0.0018	0.2553
128	သ	1	0.0018	0.2553
128	ု	1	0.0018	0.2553
128	ေ	1	0.0018	0.2553
128	ဴ	1	0.0018	0.2553
128	း	1	0.0018	0.2553
128	ျ	1	0.0018	0.2553
128	ႂ	1	0.0018	0.2553
128	ᴳ	1	0.0018	0.2553
128	ᴴ	1	0.0018	0.2553
128	ᴹ	1	0.0018	0.2553
128	ᴼ	1	0.0018	0.2553
128	ᴿ	1	0.0018	0.2553
128	ᵀ	1	0.0018	0.2553
128	ᵗ	1	0.0018	0.2553
128	ị	1	0.0018	0.2553
128	ộ	1	0.0018	0.2553
128	ừ	1	0.0018	0.2553
128	ₒ	1	0.0018	0.2553
128	づ	1	0.0018	0.2553
128	ょ	1	0.0018	0.2553
128	イ	1	0.0018	0.2553
128	ウ	1	0.0018	0.2553
128	ケ	1	0.0018	0.2553
128	ズ	1	0.0018	0.2553
128	ソ	1	0.0018	0.2553
128	ト	1	0.0018	0.2553
128	ド	1	0.0018	0.2553
128	ヒ	1	0.0018	0.2553
128	ペ	1	0.0018	0.2553
128	レ	1	0.0018	0.2553
128	ロ	1	0.0018	0.2553
128	ㅆ	1	0.0018	0.2553
128	个	1	0.0018	0.2553
128	中	1	0.0018	0.2553
128	主	1	0.0018	0.2553
128	亮	1	0.0018	0.2553
128	以	1	0.0018	0.2553
128	伊	1	0.0018	0.2553
128	位	1	0.0018	0.2553
128	供	1	0.0018	0.2553
128	值	1	0.0018	0.2553
128	傾	1	0.0018	0.2553
128	全	1	0.0018	0.2553
128	共	1	0.0018	0.2553
128	凉	1	0.0018	0.2553
128	刻	1	0.0018	0.2553
128	励	1	0.0018	0.2553
128	千	1	0.0018	0.2553
128	右	1	0.0018	0.2553
128	向	1	0.0018	0.2553
128	听	1	0.0018	0.2553
128	吾	1	0.0018	0.2553
128	嗎	1	0.0018	0.2553
128	場	1	0.0018	0.2553
128	天	1	0.0018	0.2553
128	太	1	0.0018	0.2553
128	媽	1	0.0018	0.2553
128	宇	1	0.0018	0.2553
128	安	1	0.0018	0.2553
128	宙	1	0.0018	0.2553
128	宵	1	0.0018	0.2553
128	嵐	1	0.0018	0.2553
128	帶	1	0.0018	0.2553
128	平	1	0.0018	0.2553
128	廣	1	0.0018	0.2553
128	开	1	0.0018	0.2553
128	形	1	0.0018	0.2553
128	影	1	0.0018	0.2553
128	思	1	0.0018	0.2553
128	愛	1	0.0018	0.2553
128	才	1	0.0018	0.2553
128	报	1	0.0018	0.2553
128	挑	1	0.0018	0.2553
128	挫	1	0.0018	0.2553
128	提	1	0.0018	0.2553
128	斬	1	0.0018	0.2553
128	斯	1	0.0018	0.2553
128	晓	1	0.0018	0.2553
128	晶	1	0.0018	0.2553
128	望	1	0.0018	0.2553
128	期	1	0.0018	0.2553
128	未	1	0.0018	0.2553
128	校	1	0.0018	0.2553
128	模	1	0.0018	0.2553
128	次	1	0.0018	0.2553
128	欺	1	0.0018	0.2553
128	毒	1	0.0018	0.2553
128	気	1	0.0018	0.2553
128	汙	1	0.0018	0.2553
128	没	1	0.0018	0.2553
128	流	1	0.0018	0.2553
128	海	1	0.0018	0.2553
128	湯	1	0.0018	0.2553
128	溢	1	0.0018	0.2553
128	演	1	0.0018	0.2553
128	炎	1	0.0018	0.2553
128	然	1	0.0018	0.2553
128	熱	1	0.0018	0.2553
128	燉	1	0.0018	0.2553
128	物	1	0.0018	0.2553
128	特	1	0.0018	0.2553
128	真	1	0.0018	0.2553
128	神	1	0.0018	0.2553
128	私	1	0.0018	0.2553
128	究	1	0.0018	0.2553
128	窗	1	0.0018	0.2553
128	竟	1	0.0018	0.2553
128	繆	1	0.0018	0.2553
128	耶	1	0.0018	0.2553
128	肉	1	0.0018	0.2553
128	肩	1	0.0018	0.2553
128	能	1	0.0018	0.2553
128	苛	1	0.0018	0.2553
128	著	1	0.0018	0.2553
128	被	1	0.0018	0.2553
128	裡	1	0.0018	0.2553
128	裸	1	0.0018	0.2553
128	記	1	0.0018	0.2553
128	話	1	0.0018	0.2553
128	誰	1	0.0018	0.2553
128	话	1	0.0018	0.2553
128	说	1	0.0018	0.2553
128	負	1	0.0018	0.2553
128	足	1	0.0018	0.2553
128	跡	1	0.0018	0.2553
128	这	1	0.0018	0.2553
128	迸	1	0.0018	0.2553
128	連	1	0.0018	0.2553
128	遁	1	0.0018	0.2553
128	都	1	0.0018	0.2553
128	金	1	0.0018	0.2553
128	鎖	1	0.0018	0.2553
128	鏡	1	0.0018	0.2553
128	電	1	0.0018	0.2553
128	靈	1	0.0018	0.2553
128	静	1	0.0018	0.2553
128	面	1	0.0018	0.2553
128	頭	1	0.0018	0.2553
128	題	1	0.0018	0.2553
128	顏	1	0.0018	0.2553
128	首	1	0.0018	0.2553
128	馥	1	0.0018	0.2553
128	鬼	1	0.0018	0.2553
128	그	1	0.0018	0.2553
128	꼬	1	0.0018	0.2553
128	날	1	0.0018	0.2553
128	녕	1	0.0018	0.2553
128	누	1	0.0018	0.2553
128	드	1	0.0018	0.2553
128	라	1	0.0018	0.2553
128	리	1	0.0018	0.2553
128	마	1	0.0018	0.2553
128	모	1	0.0018	0.2553
128	므	1	0.0018	0.2553
128	박	1	0.0018	0.2553
128	분	1	0.0018	0.2553
128	서	1	0.0018	0.2553
128	스	1	0.0018	0.2553
128	시	1	0.0018	0.2553
128	안	1	0.0018	0.2553
128	위	1	0.0018	0.2553
128	준	1	0.0018	0.2553
128	콜	1	0.0018	0.2553
128	하	1	0.0018	0.2553
128	ａ	1	0.0018	0.2553
128	ｅ	1	0.0018	0.2553
128	ｉ	1	0.0018	0.2553
128	ｌ	1	0.0018	0.2553
128	ｏ	1	0.0018	0.2553
128	ｒ	1	0.0018	0.2553
128	ﾉ	1	0.0018	0.2553
