Rank	Bigram	Frequency	Frequency per million	Zipf value
1	s$	1478764	28592.0331	7.4562
2	i$	1342803	25963.2151	7.4144
3	ai	996556	19268.4987	7.2848
4	^t	935517	18088.3042	7.2574
5	u$	810328	15667.7638	7.195
6	^k	799420	15456.8566	7.1891
7	^p	762239	14737.9587	7.1684
8	^n	717029	13863.8193	7.1419
9	o$	700096	13536.4183	7.1315
10	as	669441	12943.7011	7.1121
11	ka	661676	12793.5642	7.107
12	au	656763	12698.5709	7.1038
13	ta	656623	12695.864	7.1037
14	a$	602107	11641.7923	7.066
15	ti	581675	11246.7377	7.051
16	e$	562337	10872.8358	7.0363
17	^a	536315	10369.6981	7.0158
18	si	533036	10306.2984	7.0131
19	is	531184	10270.4898	7.0116
20	^m	523929	10130.2137	7.0056
21	^s	520264	10059.3506	7.0026
22	ne	510479	9870.1568	6.9943
23	in	501598	9698.4418	6.9867
24	pa	490106	9476.243	6.9766
25	^j	477402	9230.61	6.9652
26	ia	472350	9132.9292	6.9606
27	ra	449110	8683.5817	6.9387
28	ma	428786	8290.6154	6.9186
29	ar	416494	8052.9484	6.906
30	an	416318	8049.5455	6.9058
31	ie	415443	8032.6273	6.9049
32	ik	407488	7878.8166	6.8965
33	ri	387219	7486.9137	6.8743
34	^v	366551	7087.2961	6.8505
35	ei	365136	7059.937	6.8488
36	ki	358137	6924.6107	6.8404
37	^d	355644	6876.4083	6.8374
38	al	352557	6816.7209	6.8336
39	ą$	347726	6723.3131	6.8276
40	^g	338649	6547.8085	6.8161
41	us	334431	6466.2531	6.8107
42	^i	334365	6464.9769	6.8106
43	r$	326818	6319.055	6.8007
44	li	318104	6150.5691	6.7889
45	na	317781	6144.3238	6.7885
46	tu	312707	6046.2176	6.7815
47	da	305299	5902.9833	6.7711
48	^b	303309	5864.5064	6.7682
49	ir	287224	5553.5015	6.7446
50	at	281948	5451.4896	6.7365
51	en	280452	5422.5643	6.7342
52	er	272572	5270.2038	6.7218
53	ga	271657	5252.5122	6.7204
54	ų$	262689	5079.1151	6.7058
55	vi	262081	5067.3594	6.7048
56	iu	261984	5065.4839	6.7046
57	im	259009	5007.962	6.6997
58	la	253052	4892.7829	6.6896
59	es	252306	4878.3589	6.6883
60	ni	247277	4781.1227	6.6795
61	k$	243621	4710.4337	6.6731
62	su	242932	4697.1118	6.6718
63	ad	241970	4678.5114	6.6701
64	me	239366	4628.1628	6.6654
65	t$	230193	4450.8021	6.6484
66	sa	229299	4433.5165	6.6467
67	va	227973	4407.8782	6.6442
68	no	226347	4376.4393	6.6411
69	te	225951	4368.7826	6.6404
70	os	222275	4297.7068	6.6332
71	ko	222266	4297.5328	6.6332
72	it	214012	4137.941	6.6168
73	uo	213665	4131.2317	6.6161
74	pr	211725	4093.7217	6.6121
75	st	208917	4039.4287	6.6063
76	am	207751	4016.884	6.6039
77	či	205268	3968.875	6.5987
78	ja	202271	3910.9277	6.5923
79	aš	198488	3837.7831	6.5841
80	š$	198374	3835.5789	6.5838
81	ur	196933	3807.717	6.5807
82	^l	194707	3764.6771	6.5757
83	to	194455	3759.8047	6.5752
84	ip	194222	3755.2996	6.5746
85	av	186338	3602.8618	6.5566
86	iš	186306	3602.243	6.5566
87	ji	183840	3554.5627	6.5508
88	ži	181562	3510.5174	6.5454
89	į$	167672	3241.953	6.5108
90	et	167274	3234.2576	6.5098
91	ak	166760	3224.3194	6.5084
92	ve	164830	3187.0027	6.5034
93	p$	160627	3105.7373	6.4922
94	vo	159628	3086.4215	6.4895
95	nu	159398	3081.9745	6.4888
96	ba	151896	2936.9226	6.4679
97	re	151606	2931.3155	6.4671
98	sk	150706	2913.9139	6.4645
99	di	149998	2900.2246	6.4624
100	^š	149492	2890.4411	6.461
101	^r	149117	2883.1904	6.4599
102	ku	146199	2826.7706	6.4513
103	mi	145809	2819.23	6.4501
104	or	145425	2811.8053	6.449
105	el	145393	2811.1866	6.4489
106	nt	142856	2762.1334	6.4412
107	jo	141830	2742.2956	6.4381
108	ok	141592	2737.6939	6.4374
109	ek	138982	2687.2293	6.4293
110	^ž	133903	2589.0264	6.4131
111	mo	132141	2554.958	6.4074
112	gi	131859	2549.5055	6.4065
113	oj	126303	2442.0797	6.3878
114	on	126294	2441.9057	6.3877
115	uk	125427	2425.1422	6.3847
116	io	125207	2420.8885	6.384
117	ge	124648	2410.0801	6.382
118	m$	123594	2389.701	6.3783
119	ro	122447	2367.5236	6.3743
120	nk	118687	2294.8237	6.3607
121	ė$	118577	2292.6968	6.3603
122	d$	117533	2272.511	6.3565
123	dė	117236	2266.7685	6.3554
124	^į	112915	2183.2215	6.3391
125	n$	111205	2150.1585	6.3325
126	be	111010	2146.3882	6.3317
127	le	110255	2131.7902	6.3287
128	ėj	109327	2113.8472	6.3251
129	ot	107982	2087.8416	6.3197
130	ką	107893	2086.1207	6.3193
131	ab	107679	2081.983	6.3185
132	ju	107232	2073.3402	6.3167
133	bu	103289	1997.102	6.3004
134	ės	103140	1994.2211	6.2998
135	pi	102186	1975.7754	6.2957
136	ši	100060	1934.669	6.2866
137	^e	98645	1907.3098	6.2804
138	il	97252	1880.376	6.2742
139	ap	95521	1846.907	6.2664
140	je	94533	1827.8039	6.2619
141	um	93487	1807.5794	6.2571
142	om	91361	1766.473	6.2471
143	yt	90538	1750.5603	6.2432
144	l$	89463	1729.775	6.238
145	tr	89271	1726.0627	6.2371
146	id	87040	1682.9261	6.2261
147	ks	85802	1658.9893	6.2198
148	ėt	85517	1653.4788	6.2184
149	už	85025	1643.9659	6.2159
150	yk	84116	1626.3903	6.2112
151	ke	83725	1618.8303	6.2092
152	ng	83178	1608.254	6.2064
153	^o	82389	1592.9986	6.2022
154	rt	82276	1590.8138	6.2016
155	od	81143	1568.9071	6.1956
156	až	80171	1550.1134	6.1904
157	rė	79911	1545.0863	6.189
158	ut	79006	1527.588	6.184
159	ūs	78524	1518.2685	6.1813
160	ug	77701	1502.3557	6.1768
161	kt	77549	1499.4168	6.1759
162	^č	77044	1489.6526	6.1731
163	ėl	76715	1483.2913	6.1712
164	kl	75999	1469.4474	6.1672
165	ij	75773	1465.0777	6.1659
166	kr	75727	1464.1883	6.1656
167	se	72617	1404.0561	6.1474
168	^u	72610	1403.9208	6.1473
169	ių	72443	1400.6918	6.1463
170	nd	72283	1397.5982	6.1454
171	do	72247	1396.9022	6.1452
172	ol	71285	1378.3018	6.1393
173	uv	70798	1368.8856	6.1364
174	po	69417	1342.1839	6.1278
175	du	67520	1305.5052	6.1158
176	lė	67465	1304.4418	6.1154
177	de	66871	1292.9567	6.1116
178	mu	66370	1283.2698	6.1083
179	tė	65992	1275.9612	6.1058
180	dž	65878	1273.757	6.1051
181	nė	65694	1270.1993	6.1039
182	ig	65207	1260.7831	6.1006
183	šk	65180	1260.2611	6.1005
184	gr	64213	1241.5641	6.094
185	pe	64126	1239.8819	6.0934
186	eg	63727	1232.1672	6.0907
187	bi	61432	1187.7932	6.0747
188	lo	61391	1187.0004	6.0745
189	yr	61388	1186.9424	6.0744
190	ky	61276	1184.7769	6.0736
191	ša	60739	1174.394	6.0698
192	ys	60716	1173.9492	6.0696
193	ry	60570	1171.1263	6.0686
194	ud	60082	1161.6908	6.0651
195	bū	59995	1160.0086	6.0645
196	em	59511	1150.6505	6.0609
197	og	59407	1148.6396	6.0602
198	ms	58090	1123.1753	6.0504
199	št	57862	1118.7669	6.0487
200	ru	57407	1109.9694	6.0453
201	tų	56207	1086.7673	6.0361
202	ts	55169	1066.6975	6.028
203	ep	54093	1045.893	6.0195
204	vy	52952	1023.8316	6.0102
205	ęs	52363	1012.4433	6.0054
206	tą	52361	1012.4046	6.0054
207	kė	51615	997.9806	5.9991
208	ty	50049	967.7019	5.9857
209	ag	49995	966.6578	5.9853
210	bė	49557	958.189	5.9815
211	rs	49372	954.612	5.9798
212	ę$	48625	940.1687	5.9732
213	un	48327	934.4068	5.9705
214	eš	47966	927.4269	5.9673
215	rb	47702	922.3224	5.9649
216	jū	47459	917.624	5.9627
217	ui	47360	915.7098	5.9618
218	ul	47154	911.7268	5.9599
219	up	44933	868.7835	5.9389
220	gu	44674	863.7758	5.9364
221	iū	44108	852.8321	5.9309
222	rd	43593	842.8745	5.9258
223	mė	43258	836.3973	5.9224
224	ėk	42621	824.0808	5.916
225	sų	41771	807.646	5.9072
226	ūt	41381	800.1053	5.9031
227	eb	41346	799.4286	5.9028
228	dy	41040	793.512	5.8996
229	gy	40601	785.0239	5.8949
230	ed	39709	767.777	5.8852
231	^y	39524	764.2	5.8832
232	lb	39418	762.1505	5.882
233	ly	39380	761.4158	5.8816
234	pu	38891	751.9609	5.8762
235	go	37731	729.5322	5.863
236	g$	36908	713.6195	5.8535
237	sv	36564	706.9682	5.8494
238	žm	36003	696.1212	5.8427
239	yv	35412	684.6942	5.8355
240	rg	35131	679.261	5.832
241	dr	35057	677.8302	5.8311
242	ną	34753	671.9523	5.8273
243	ev	34532	667.6793	5.8246
244	rk	33773	653.004	5.8149
245	ov	33715	651.8825	5.8142
246	sp	33643	650.4904	5.8132
247	ci	33435	646.4687	5.8105
248	mą	33428	646.3333	5.8105
249	vė	33055	639.1214	5.8056
250	ač	32620	630.7106	5.7998
251	^f	31178	602.8294	5.7802
252	iv	31171	602.6941	5.7801
253	so	31049	600.3352	5.7784
254	ns	30103	582.0442	5.765
255	ūr	29993	579.9173	5.7634
256	ža	29565	571.6419	5.7571
257	že	29484	570.0758	5.7559
258	uj	29208	564.7393	5.7518
259	ją	28978	560.2922	5.7484
260	jį	28153	544.3408	5.7359
261	tv	27940	540.2224	5.7326
262	bo	27640	534.4219	5.7279
263	sm	27035	522.7241	5.7183
264	rm	26962	521.3127	5.7171
265	ež	26886	519.8432	5.7159
266	lu	26433	511.0844	5.7085
267	pl	25509	493.2188	5.693
268	lv	25018	483.7252	5.6846
269	lt	24814	479.7809	5.681
270	še	24606	475.7592	5.6774
271	įs	24570	475.0631	5.6768
272	my	24385	471.4861	5.6735
273	žu	24274	469.3399	5.6715
274	jų	24220	468.2958	5.6705
275	nę	24171	467.3484	5.6696
276	kv	24003	464.1001	5.6666
277	rį	23711	458.4543	5.6613
278	ėm	23404	452.5184	5.6556
279	ej	23028	445.2484	5.6486
280	yb	22939	443.5276	5.6469
281	ps	22586	436.7023	5.6402
282	kš	22552	436.0449	5.6395
283	są	21938	424.1732	5.6275
284	ič	21790	421.3116	5.6246
285	mū	21693	419.4361	5.6227
286	br	21673	419.0494	5.6223
287	^h	21468	415.0857	5.6181
288	sl	21305	411.9341	5.6148
289	bl	21242	410.716	5.6135
290	ln	20939	404.8574	5.6073
291	žk	20794	402.0538	5.6043
292	yl	20735	400.9131	5.6031
293	ny	20680	399.8496	5.6019
294	šv	20455	395.4992	5.5971
295	ob	20417	394.7645	5.5963
296	yn	20380	394.0491	5.5956
297	mb	20371	393.8751	5.5954
298	ž$	20349	393.4497	5.5949
299	sė	19982	386.3537	5.587
300	lg	19943	385.5997	5.5861
301	iz	19776	382.3707	5.5825
302	mt	19559	378.175	5.5777
303	rš	18924	365.8972	5.5634
304	tl	18694	361.4501	5.558
305	sy	18391	355.5916	5.551
306	j$	18159	351.1059	5.5454
307	rą	18152	350.9705	5.5453
308	zi	17854	345.2087	5.5381
309	ym	17802	344.2032	5.5368
310	lk	17736	342.9271	5.5352
311	gt	17707	342.3664	5.5345
312	ią	17485	338.074	5.529
313	sn	17395	336.3339	5.5268
314	rn	17382	336.0825	5.5264
315	vę	17339	335.2511	5.5254
316	žo	17317	334.8257	5.5248
317	ėr	16869	326.1636	5.5134
318	uš	16718	323.244	5.5095
319	rū	16689	322.6833	5.5088
320	ėg	16588	320.7305	5.5061
321	ū$	16536	319.725	5.5048
322	pt	16419	317.4628	5.5017
323	mp	16299	315.1426	5.4985
324	ld	16178	312.8031	5.4953
325	ūd	15927	307.95	5.4885
326	ub	15800	305.4944	5.485
327	^c	15777	305.0497	5.4844
328	ha	15615	301.9174	5.4799
329	šs	15580	301.2407	5.4789
330	šo	15527	300.2159	5.4774
331	tį	15523	300.1386	5.4773
332	ac	15192	293.7387	5.468
333	oš	15058	291.1478	5.4641
334	lį	15012	290.2584	5.4628
334	ėd	15012	290.2584	5.4628
335	ūn	14997	289.9683	5.4624
336	ea	14859	287.3001	5.4583
337	fi	14405	278.522	5.4449
338	gs	14280	276.1051	5.4411
339	gė	13700	264.8907	5.4231
340	uč	13620	263.3439	5.4205
341	ic	13495	260.927	5.4165
342	dv	13259	256.3639	5.4089
343	šl	13050	252.3229	5.402
344	ch	12995	251.2595	5.4001
345	fo	12977	250.9114	5.3995
346	nč	12974	250.8534	5.3994
347	yg	12688	245.3236	5.3897
348	mų	12342	238.6337	5.3777
349	aj	12181	235.5207	5.372
350	nų	12180	235.5014	5.372
351	ls	12103	234.0126	5.3692
352	žt	12093	233.8192	5.3689
353	nį	12050	232.9878	5.3673
354	yd	12031	232.6205	5.3666
355	žs	12009	232.1951	5.3659
356	yj	11977	231.5764	5.3647
357	ūk	11956	231.1703	5.3639
358	šy	11934	230.7449	5.3631
359	lą	11758	227.342	5.3567
360	šu	11751	227.2066	5.3564
361	op	11414	220.6907	5.3438
362	ėč	11403	220.478	5.3434
363	dą	11375	219.9366	5.3423
364	tę	11348	219.4146	5.3413
365	pė	11288	218.2545	5.339
366	ib	11190	216.3596	5.3352
367	y$	11134	215.2769	5.333
368	kų	11092	214.4648	5.3314
369	šg	10854	209.8631	5.3219
370	vu	10815	209.109	5.3204
371	įž	10752	207.8909	5.3178
372	ii	10671	206.3247	5.3146
373	ėv	10618	205.3	5.3124
374	eč	10531	203.6178	5.3088
375	gų	10479	202.6124	5.3067
376	zd	10282	198.8034	5.2984
377	za	10050	194.3176	5.2885
378	fa	10046	194.2403	5.2883
379	he	9990	193.1575	5.2859
380	šė	9892	191.2627	5.2816
381	ce	9751	188.5365	5.2754
382	gą	9616	185.9262	5.2693
383	ho	9593	185.4815	5.2683
384	žd	9024	174.4798	5.2417
385	pk	8900	172.0823	5.2357
386	yč	8884	171.7729	5.235
387	rų	8766	169.4914	5.2291
388	lę	8662	167.4805	5.224
389	vą	8601	166.3011	5.2209
390	kn	8567	165.6437	5.2192
391	žv	8456	163.4975	5.2135
392	šį	8410	162.6081	5.2111
393	rv	8340	161.2546	5.2075
394	šū	8316	160.7906	5.2063
395	py	8188	158.3157	5.1995
396	šm	8159	157.755	5.198
397	rp	8089	156.4015	5.1942
398	fe	7881	152.3798	5.1829
399	žy	7805	150.9104	5.1787
400	lm	7752	149.8856	5.1758
401	ąs	7676	148.4161	5.1715
402	ūp	7651	147.9328	5.1701
403	uz	7639	147.7007	5.1694
404	sč	7583	146.618	5.1662
405	rl	7565	146.2699	5.1652
406	mk	7543	145.8446	5.1639
407	fr	7514	145.2839	5.1622
408	kį	7479	144.6071	5.1602
409	az	7399	143.0603	5.1555
410	šč	7300	141.1461	5.1497
411	sū	7151	138.2652	5.1407
412	įv	7119	137.6465	5.1388
413	kū	6973	134.8236	5.1298
414	nc	6950	134.3789	5.1283
415	kę	6792	131.3239	5.1183
416	ua	6582	127.2636	5.1047
417	ou	6566	126.9542	5.1036
418	dų	6463	124.9627	5.0968
419	gl	6449	124.692	5.0958
420	iž	6286	121.5404	5.0847
421	ef	6237	120.5929	5.0813
422	jė	6193	119.7422	5.0782
423	rę	6163	119.1622	5.0761
424	tg	6149	118.8915	5.0752
425	lų	6084	117.6347	5.0705
426	eį	6053	117.0353	5.0683
427	ėn	5994	115.8945	5.0641
428	ez	5892	113.9223	5.0566
429	hi	5854	113.1876	5.0538
430	bą	5770	111.5635	5.0475
431	^z	5769	111.5441	5.0474
432	km	5722	110.6354	5.0439
433	zo	5557	107.4451	5.0312
434	yp	5528	106.8844	5.0289
435	aa	5453	105.4342	5.023
436	tū	5451	105.3956	5.0228
437	of	5370	103.8294	5.0163
438	gn	5308	102.6307	5.0113
439	šn	5253	101.5672	5.0068
440	šp	5208	100.6971	5.003
441	kd	5177	100.0978	5.0004
442	bt	5040	97.4488	4.9888
443	įk	4975	96.1921	4.9831
444	įr	4967	96.0374	4.9824
445	žį	4923	95.1866	4.9786
446	įt	4868	94.1232	4.9737
447	ėp	4863	94.0265	4.9733
448	šd	4838	93.5432	4.971
449	sd	4725	91.3583	4.9607
450	ąj	4721	91.281	4.9604
451	če	4675	90.3915	4.9561
452	if	4653	89.9662	4.9541
453	af	4589	88.7287	4.9481
454	rž	4572	88.4	4.9465
455	ze	4539	87.762	4.9433
456	tn	4521	87.4139	4.9416
457	ec	4501	87.0272	4.9397
458	eu	4468	86.3892	4.9365
459	ll	4444	85.9251	4.9341
460	ję	4385	84.7844	4.9283
461	eo	4283	82.8122	4.9181
462	h$	4239	81.9614	4.9136
463	ųj	4226	81.7101	4.9123
464	oc	4171	80.6467	4.9066
465	ėš	4170	80.6273	4.9065
466	pg	4128	79.8152	4.9021
467	ae	4082	78.9258	4.8972
468	ūl	4070	78.6938	4.8959
469	įd	4057	78.4425	4.8946
470	įš	4033	77.9784	4.892
471	oh	4018	77.6884	4.8904
472	ča	3986	77.0697	4.8869
473	zu	3893	75.2715	4.8766
474	žė	3885	75.1168	4.8757
475	oč	3872	74.8655	4.8743
476	oi	3866	74.7495	4.8736
477	tm	3862	74.6721	4.8732
478	lp	3856	74.5561	4.8725
479	bę	3799	73.454	4.866
480	ah	3743	72.3712	4.8596
481	gv	3673	71.0178	4.8514
482	ųs	3600	69.6063	4.8426
483	šę	3590	69.413	4.8414
484	rč	3522	68.0982	4.8331
485	ąž	3474	67.1701	4.8272
486	th	3438	66.474	4.8227
487	dį	3400	65.7393	4.8178
488	dę	3393	65.604	4.8169
489	gę	3344	64.6565	4.8106
490	sį	3334	64.4632	4.8093
491	fu	3329	64.3665	4.8087
492	oz	3321	64.2118	4.8076
493	pn	3295	63.7091	4.8042
494	nf	3292	63.6511	4.8038
495	sr	3209	62.0463	4.7927
496	šr	3180	61.4856	4.7888
497	ca	3173	61.3502	4.7878
498	lū	3167	61.2342	4.787
499	bd	3155	61.0022	4.7853
500	^w	3130	60.5188	4.7819
501	įm	3119	60.3061	4.7804
502	ue	3116	60.2481	4.7799
503	lš	3072	59.3974	4.7738
504	ož	3034	58.6627	4.7684
505	mž	3003	58.0633	4.7639
506	žn	2979	57.5992	4.7604
507	lr	2899	56.0524	4.7486
508	mę	2884	55.7624	4.7463
509	bs	2854	55.1823	4.7418
510	ėž	2829	54.699	4.738
511	sc	2824	54.6023	4.7372
512	pj	2820	54.525	4.7366
513	co	2804	54.2156	4.7341
514	aė	2794	54.0222	4.7326
515	tk	2783	53.8096	4.7309
516	ūč	2780	53.7515	4.7304
517	by	2677	51.76	4.714
517	kc	2677	51.76	4.714
518	lf	2661	51.4507	4.7114
519	iė	2654	51.3153	4.7102
520	šb	2643	51.1026	4.7084
521	vų	2638	51.006	4.7076
522	v$	2631	50.8706	4.7065
523	ee	2603	50.3292	4.7018
524	yš	2600	50.2712	4.7013
525	ąm	2599	50.2519	4.7012
526	žp	2578	49.8459	4.6976
527	gū	2577	49.8265	4.6975
528	oo	2576	49.8072	4.6973
529	gž	2567	49.6332	4.6958
530	pū	2560	49.4978	4.6946
531	sę	2549	49.2851	4.6927
532	dū	2423	46.8489	4.6707
533	bj	2405	46.5009	4.6675
534	gd	2375	45.9208	4.662
535	^ė	2349	45.4181	4.6572
536	hu	2337	45.1861	4.655
537	fl	2265	43.794	4.6414
538	md	2222	42.9626	4.6331
539	uc	2208	42.6919	4.6303
540	ūg	2158	41.7251	4.6204
541	yž	2157	41.7058	4.6202
542	pą	2137	41.3191	4.6162
543	ūm	2122	41.0291	4.6131
544	žl	2120	40.9904	4.6127
545	ėz	2105	40.7004	4.6096
546	pš	2104	40.681	4.6094
547	zm	2101	40.623	4.6088
548	ck	2100	40.6037	4.6086
549	įp	2095	40.507	4.6075
550	kč	2068	39.985	4.6019
551	bų	2060	39.8303	4.6002
552	zė	2018	39.0182	4.5913
553	mm	2008	38.8249	4.5891
554	rc	1982	38.3221	4.5834
555	'a	1949	37.6841	4.5762
556	čk	1929	37.2974	4.5717
557	rr	1908	36.8913	4.5669
558	ss	1907	36.872	4.5667
559	žr	1886	36.466	4.5619
560	sh	1815	35.0932	4.5452
561	gz	1777	34.3585	4.536
562	žą	1765	34.1264	4.5331
563	sb	1733	33.5077	4.5251
564	ūv	1722	33.295	4.5224
565	dm	1698	32.831	4.5163
565	šą	1698	32.831	4.5163
566	tp	1681	32.5023	4.5119
567	b$	1653	31.9609	4.5046
568	šų	1649	31.8836	4.5036
569	šj	1640	31.7095	4.5012
570	c$	1632	31.5549	4.4991
570	įj	1632	31.5549	4.4991
571	nr	1630	31.5162	4.4985
572	įg	1628	31.4775	4.498
573	ao	1612	31.1682	4.4937
574	jy	1585	30.6461	4.4864
575	ds	1563	30.2207	4.4803
576	uf	1555	30.0661	4.4781
577	tš	1530	29.5827	4.471
578	žū	1528	29.544	4.4705
579	uė	1516	29.312	4.467
579	ūš	1516	29.312	4.467
580	ūz	1510	29.196	4.4653
581	ft	1509	29.1766	4.465
582	yo	1504	29.08	4.4636
583	nv	1464	28.3066	4.4519
584	yz	1457	28.1712	4.4498
585	lj	1454	28.1132	4.4489
586	žb	1444	27.9199	4.4459
587	tb	1433	27.7072	4.4426
588	dz	1430	27.6492	4.4417
588	šš	1430	27.6492	4.4417
589	dn	1408	27.2238	4.4349
590	vl	1406	27.1851	4.4343
591	hn	1376	26.6051	4.425
592	gm	1366	26.4117	4.4218
593	pd	1354	26.1797	4.418
594	ay	1337	25.851	4.4125
594	rj	1337	25.851	4.4125
595	rf	1307	25.271	4.4026
596	rz	1302	25.1743	4.401
597	wa	1278	24.7102	4.3929
598	įl	1272	24.5942	4.3908
599	ey	1230	23.7822	4.3763
600	nn	1226	23.7048	4.3748
601	č$	1225	23.6855	4.3745
602	ėi	1223	23.6468	4.3738
603	hm	1198	23.1634	4.3648
604	oa	1196	23.1248	4.3641
605	tj	1194	23.0861	4.3634
606	pę	1193	23.0668	4.363
606	tt	1193	23.0668	4.363
607	mš	1179	22.7961	4.3579
608	gš	1169	22.6027	4.3542
609	n'	1151	22.2547	4.3474
610	oe	1150	22.2354	4.347
611	^ū	1146	22.158	4.3455
612	nj	1135	21.9453	4.3413
613	lč	1128	21.81	4.3387
614	pm	1122	21.694	4.3363
615	dl	1089	21.0559	4.3234
616	žę	1087	21.0172	4.3226
617	nz	1083	20.9399	4.321
618	z$	1049	20.2825	4.3071
619	ow	1026	19.8378	4.2975
620	lž	998	19.2964	4.2855
621	cu	996	19.2577	4.2846
622	nū	993	19.1997	4.2833
623	vį	989	19.1224	4.2815
624	wi	980	18.9484	4.2776
625	x$	979	18.9291	4.2771
626	f$	974	18.8324	4.2749
627	ąn	965	18.6584	4.2709
628	vū	950	18.3683	4.2641
629	ąr	949	18.349	4.2636
630	įe	947	18.3103	4.2627
631	cū	945	18.2717	4.2618
632	vn	941	18.1943	4.2599
633	ūž	939	18.1556	4.259
634	pv	934	18.059	4.2567
635	w$	917	17.7303	4.2487
636	zg	911	17.6143	4.2459
637	ml	905	17.4983	4.243
638	žg	882	17.0535	4.2318
639	we	881	17.0342	4.2313
640	pž	875	16.9182	4.2284
641	bk	854	16.5122	4.2178
642	ąl	852	16.4735	4.2168
643	uh	818	15.8161	4.1991
644	mz	810	15.6614	4.1948
645	gį	795	15.3714	4.1867
646	mį	789	15.2554	4.1834
647	lz	776	15.004	4.1762
648	sf	770	14.888	4.1728
649	a-	731	14.1339	4.1503
650	ht	728	14.0759	4.1485
651	nl	722	13.9599	4.1449
652	i-	717	13.8633	4.1419
653	üs	712	13.7666	4.1388
654	ąk	706	13.6506	4.1352
655	sg	696	13.4572	4.129
656	s-	691	13.3605	4.1258
657	's	682	13.1865	4.1201
658	hr	681	13.1672	4.1195
659	zę	679	13.1285	4.1182
660	gh	675	13.0512	4.1157
661	nb	670	12.9545	4.1124
662	cr	665	12.8578	4.1092
662	pų	665	12.8578	4.1092
663	ex	662	12.7998	4.1072
664	bį	658	12.7225	4.1046
665	wh	644	12.4518	4.0952
666	ò$	625	12.0844	4.0822
667	įė	620	11.9878	4.0787
668	pč	612	11.8331	4.0731
669	o-	610	11.7944	4.0717
670	zą	598	11.5624	4.063
671	wo	594	11.485	4.0601
672	-t	592	11.4464	4.0587
673	čt	589	11.3884	4.0565
674	ph	577	11.1563	4.0475
675	ya	575	11.1177	4.046
676	cy	558	10.789	4.033
677	^ų	555	10.731	4.0306
678	^'	554	10.7116	4.0299
679	^x	551	10.6536	4.0275
680	žų	550	10.6343	4.0267
681	-a	543	10.499	4.0211
682	mč	539	10.4216	4.0179
683	sj	537	10.3829	4.0163
684	fą	530	10.2476	4.0106
685	vg	524	10.1316	4.0057
686	vs	522	10.0929	4.004
687	pp	516	9.9769	3.999
688	cl	514	9.9382	3.9973
689	'o	511	9.8802	3.9948
690	^ą	508	9.8222	3.9922
691	pį	506	9.7836	3.9905
692	e'	503	9.7255	3.9879
693	nž	500	9.6675	3.9853
694	-k	498	9.6289	3.9836
695	ūb	497	9.6095	3.9827
696	ł$	481	9.3002	3.9685
697	zt	475	9.1842	3.963
698	nš	474	9.1648	3.9621
699	l-	473	9.1455	3.9612
699	vr	473	9.1455	3.9612
700	uu	469	9.0682	3.9575
701	ct	468	9.0488	3.9566
702	bb	466	9.0102	3.9547
703	fė	456	8.8168	3.9453
704	jü	451	8.7201	3.9405
705	-s	450	8.7008	3.9396
706	eh	449	8.6815	3.9386
707	aą	442	8.5461	3.9318
708	e-	439	8.4881	3.9288
709	-d	436	8.4301	3.9258
710	ff	434	8.3914	3.9238
711	zų	433	8.3721	3.9228
712	ye	431	8.3334	3.9208
713	mn	430	8.3141	3.9198
714	žj	427	8.2561	3.9168
715	d'	425	8.2174	3.9147
716	čo	422	8.1594	3.9117
717	ew	417	8.0627	3.9065
717	nh	417	8.0627	3.9065
718	žč	416	8.0434	3.9054
719	-h	415	8.0241	3.9044
720	hy	414	8.0047	3.9033
721	aw	412	7.9661	3.9012
722	bü	409	7.9081	3.8981
723	gč	402	7.7727	3.8906
724	kh	396	7.6567	3.884
725	-p	394	7.618	3.8818
726	zl	386	7.4633	3.8729
727	oy	378	7.3087	3.8638
727	ėb	378	7.3087	3.8638
728	mf	376	7.27	3.8615
729	-b	373	7.212	3.8581
730	bž	372	7.1927	3.8569
730	u-	372	7.1927	3.8569
731	zr	366	7.0766	3.8498
732	dd	365	7.0573	3.8486
732	qu	365	7.0573	3.8486
733	r'	364	7.038	3.8474
734	-m	362	6.9993	3.8451
735	l'	361	6.98	3.8439
736	cž	357	6.9026	3.839
737	't	350	6.7673	3.8304
738	m-	348	6.7286	3.8279
739	dg	347	6.7093	3.8267
740	kg	346	6.6899	3.8254
741	mc	342	6.6126	3.8204
742	tz	340	6.5739	3.8178
743	tc	339	6.5546	3.8165
743	tf	339	6.5546	3.8165
744	zv	334	6.4579	3.8101
745	t'	332	6.4192	3.8075
746	'$	330	6.3806	3.8049
747	iü	328	6.3419	3.8022
748	à$	323	6.2452	3.7955
749	fy	318	6.1486	3.7888
750	čy	313	6.0519	3.7819
750	įn	313	6.0519	3.7819
751	rh	311	6.0132	3.7791
751	šž	311	6.0132	3.7791
752	hl	305	5.8972	3.7706
753	'u	304	5.8779	3.7692
754	k'	302	5.8392	3.7664
755	ih	301	5.8199	3.7649
756	yc	298	5.7619	3.7606
756	zk	298	5.7619	3.7606
757	įb	297	5.7425	3.7591
758	t-	289	5.5878	3.7472
758	vk	289	5.5878	3.7472
759	lc	287	5.5492	3.7442
760	-r	285	5.5105	3.7412
760	-v	285	5.5105	3.7412
760	o'	285	5.5105	3.7412
761	yu	284	5.4912	3.7397
762	'ą	283	5.4718	3.7381
762	iy	283	5.4718	3.7381
763	dj	281	5.4332	3.7351
763	üt	281	5.4332	3.7351
764	yi	278	5.3752	3.7304
765	n-	277	5.3558	3.7288
766	tč	273	5.2785	3.7225
767	-l	268	5.1818	3.7145
768	cc	266	5.1431	3.7112
769	žf	262	5.0658	3.7046
770	k-	261	5.0465	3.703
771	fų	259	5.0078	3.6996
772	tž	258	4.9885	3.698
773	'i	257	4.9691	3.6963
773	dh	257	4.9691	3.6963
774	ču	256	4.9498	3.6946
775	čl	255	4.9304	3.6929
775	ęž	255	4.9304	3.6929
776	jt	252	4.8724	3.6877
777	y'	251	4.8531	3.686
778	-n	250	4.8338	3.6843
779	ür	248	4.7951	3.6808
780	ö$	247	4.7758	3.679
781	np	245	4.7371	3.6755
782	gp	244	4.7178	3.6737
783	dk	243	4.6984	3.6719
783	mr	243	4.6984	3.6719
784	mh	240	4.6404	3.6666
784	r-	240	4.6404	3.6666
785	cą	237	4.5824	3.6611
786	-o	236	4.5631	3.6593
786	ox	236	4.5631	3.6593
787	nm	226	4.3697	3.6405
788	s'	221	4.2731	3.6307
789	iò	215	4.157	3.6188
790	zn	211	4.0797	3.6106
791	mj	210	4.0604	3.6086
792	^q	209	4.041	3.6065
792	ax	209	4.041	3.6065
793	žš	208	4.0217	3.6044
794	iù	207	4.0024	3.6023
795	i'	206	3.983	3.6002
795	ąv	206	3.983	3.6002
796	dč	205	3.9637	3.5981
796	èi	205	3.9637	3.5981
797	'e	203	3.925	3.5938
798	xi	201	3.8864	3.5895
799	-g	199	3.8477	3.5852
800	fg	196	3.7897	3.5786
800	hh	196	3.7897	3.5786
801	gb	195	3.7703	3.5764
802	cs	194	3.751	3.5741
802	fm	194	3.751	3.5741
802	ē$	194	3.751	3.5741
803	-e	192	3.7123	3.5696
804	ąd	191	3.693	3.5674
805	zz	189	3.6543	3.5628
806	wn	188	3.635	3.5605
806	ąt	188	3.635	3.5605
807	hj	185	3.577	3.5535
807	ix	185	3.577	3.5535
807	pf	185	3.577	3.5535
807	ńi	185	3.577	3.5535
808	kk	183	3.5383	3.5488
809	bč	179	3.461	3.5392
809	cd	179	3.461	3.5392
809	p-	179	3.461	3.5392
810	gg	178	3.4416	3.5368
811	zy	177	3.4223	3.5343
811	ųi	177	3.4223	3.5343
812	mü	175	3.3836	3.5294
813	td	172	3.3256	3.5219
814	-i	170	3.287	3.5168
814	^ù	170	3.287	3.5168
815	kb	166	3.2096	3.5065
815	ūj	166	3.2096	3.5065
816	kj	165	3.1903	3.5038
817	df	164	3.171	3.5012
817	čą	164	3.171	3.5012
818	mv	163	3.1516	3.4985
819	lh	161	3.1129	3.4932
819	ws	161	3.1129	3.4932
820	g-	158	3.0549	3.485
821	dw	157	3.0356	3.4822
822	iõ	155	2.9969	3.4767
823	db	152	2.9389	3.4682
824	čj	151	2.9196	3.4653
825	-c	146	2.8229	3.4507
826	čs	145	2.8036	3.4477
827	pc	144	2.7843	3.4447
827	vj	144	2.7843	3.4447
828	ił	143	2.7649	3.4417
829	tw	142	2.7456	3.4386
829	tò	142	2.7456	3.4386
830	ų-	140	2.7069	3.4325
831	xa	139	2.6876	3.4294
832	-f	138	2.6682	3.4262
832	cm	138	2.6682	3.4262
832	q$	138	2.6682	3.4262
832	y-	138	2.6682	3.4262
833	'm	137	2.6489	3.4231
833	sw	137	2.6489	3.4231
834	-j	135	2.6102	3.4167
835	hą	134	2.5909	3.4135
835	ō$	134	2.5909	3.4135
836	-ž	133	2.5716	3.4102
836	uy	133	2.5716	3.4102
836	ój	133	2.5716	3.4102
837	h'	131	2.5329	3.4036
837	vd	131	2.5329	3.4036
838	bz	128	2.4749	3.3936
838	ùi	128	2.4749	3.3936
838	ņ$	128	2.4749	3.3936
839	aõ	127	2.4556	3.3902
839	dó	127	2.4556	3.3902
839	ūū	127	2.4556	3.3902
840	bš	126	2.4362	3.3867
840	dt	126	2.4362	3.3867
840	mg	126	2.4362	3.3867
841	d-	125	2.4169	3.3833
842	jl	123	2.3782	3.3762
842	m'	123	2.3782	3.3762
842	zū	123	2.3782	3.3762
843	^ē	121	2.3395	3.3691
844	eė	120	2.3202	3.3655
844	jò	120	2.3202	3.3655
844	zs	120	2.3202	3.3655
845	õ$	119	2.3009	3.3619
846	^è	117	2.2622	3.3545
846	ģ$	117	2.2622	3.3545
847	kf	116	2.2429	3.3508
848	b-	115	2.2235	3.347
848	h-	115	2.2235	3.347
849	vč	114	2.2042	3.3433
850	-š	113	2.1849	3.3394
850	zh	113	2.1849	3.3394
850	é$	113	2.1849	3.3394
850	čm	113	2.1849	3.3394
851	gw	112	2.1655	3.3356
852	g'	111	2.1462	3.3317
853	rü	110	2.1269	3.3277
854	bc	109	2.1075	3.3238
854	xp	109	2.1075	3.3238
854	ü$	109	2.1075	3.3238
855	'r	108	2.0882	3.3198
855	eū	108	2.0882	3.3198
856	'd	107	2.0689	3.3157
856	jp	107	2.0689	3.3157
856	js	107	2.0689	3.3157
856	u'	107	2.0689	3.3157
856	ùk	107	2.0689	3.3157
856	čė	107	2.0689	3.3157
857	ót	106	2.0495	3.3116
858	dp	105	2.0302	3.3075
858	ģt	105	2.0302	3.3075
859	hs	104	2.0108	3.3034
860	ün	103	1.9915	3.2992
861	dģ	102	1.9722	3.295
862	ós	101	1.9528	3.2907
863	ģs	100	1.9335	3.2863
864	cn	97	1.8755	3.2731
864	zb	97	1.8755	3.2731
864	ük	97	1.8755	3.2731
865	čd	96	1.8562	3.2686
865	ęš	96	1.8562	3.2686
865	ģj	96	1.8562	3.2686
866	aų	95	1.8368	3.2641
866	ø$	95	1.8368	3.2641
866	ā$	95	1.8368	3.2641
867	'n	94	1.8175	3.2595
867	ró	94	1.8175	3.2595
868	-u	93	1.7982	3.2548
868	a'	93	1.7982	3.2548
868	dc	93	1.7982	3.2548
868	p'	93	1.7982	3.2548
869	tł	92	1.7788	3.2501
869	xx	92	1.7788	3.2501
870	jž	91	1.7595	3.2454
871	iö	89	1.7208	3.2357
871	kp	89	1.7208	3.2357
871	ąg	89	1.7208	3.2357
872	'k	88	1.7015	3.2308
872	iį	88	1.7015	3.2308
873	üd	87	1.6822	3.2259
874	'l	85	1.6435	3.2158
875	mó	84	1.6241	3.2106
875	sł	84	1.6241	3.2106
876	cė	83	1.6048	3.2054
876	vz	83	1.6048	3.2054
877	cv	82	1.5855	3.2002
877	mģ	82	1.5855	3.2002
878	'b	81	1.5661	3.1948
878	dè	81	1.5661	3.1948
878	fs	81	1.5661	3.1948
879	lģ	80	1.5468	3.1894
879	ûs	80	1.5468	3.1894
879	įa	80	1.5468	3.1894
880	'h	79	1.5275	3.184
880	wr	79	1.5275	3.184
881	gf	78	1.5081	3.1784
881	x'	78	1.5081	3.1784
881	čn	78	1.5081	3.1784
882	rģ	77	1.4888	3.1728
882	š-	77	1.4888	3.1728
883	kw	76	1.4695	3.1672
883	uį	76	1.4695	3.1672
883	wu	76	1.4695	3.1672
883	xt	76	1.4695	3.1672
884	c'	75	1.4501	3.1614
885	^é	74	1.4308	3.1556
885	^õ	74	1.4308	3.1556
885	aū	74	1.4308	3.1556
885	bn	74	1.4308	3.1556
885	fc	74	1.4308	3.1556
885	ģl	74	1.4308	3.1556
886	dš	73	1.4115	3.1497
886	ù$	73	1.4115	3.1497
887	cf	72	1.3921	3.1437
887	fš	72	1.3921	3.1437
888	wy	69	1.3341	3.1252
889	'c	68	1.3148	3.1189
889	hū	68	1.3148	3.1189
889	ė-	68	1.3148	3.1189
890	jł	67	1.2955	3.1124
890	ņs	67	1.2955	3.1124
891	fū	66	1.2761	3.1059
891	iq	66	1.2761	3.1059
891	sš	66	1.2761	3.1059
891	tü	66	1.2761	3.1059
891	ą-	66	1.2761	3.1059
891	šf	66	1.2761	3.1059
892	fn	65	1.2568	3.0993
893	^ō	64	1.2374	3.0925
893	bm	64	1.2374	3.0925
893	éj	64	1.2374	3.0925
894	pb	63	1.2181	3.0857
894	és	63	1.2181	3.0857
894	ó$	63	1.2181	3.0857
895	jû	62	1.1988	3.0787
895	x-	62	1.1988	3.0787
896	^ņ	61	1.1794	3.0717
896	nw	61	1.1794	3.0717
896	sö	61	1.1794	3.0717
896	v-	61	1.1794	3.0717
896	ųe	61	1.1794	3.0717
897	kü	60	1.1601	3.0645
898	õi	59	1.1408	3.0572
899	-č	58	1.1214	3.0498
899	eõ	58	1.1214	3.0498
899	iđ	58	1.1214	3.0498
899	lw	58	1.1214	3.0498
899	mw	58	1.1214	3.0498
899	rw	58	1.1214	3.0498
899	tà	58	1.1214	3.0498
899	uų	58	1.1214	3.0498
900	bģ	57	1.1021	3.0422
900	ėc	57	1.1021	3.0422
901	iw	56	1.0828	3.0345
901	üp	56	1.0828	3.0345
901	źs	56	1.0828	3.0345
902	'j	55	1.0634	3.0267
902	eù	55	1.0634	3.0267
902	uè	55	1.0634	3.0267
903	aè	54	1.0441	3.0187
903	fb	54	1.0441	3.0187
903	fj	54	1.0441	3.0187
903	ré	54	1.0441	3.0187
903	üz	54	1.0441	3.0187
904	hų	53	1.0248	3.0106
904	xo	53	1.0248	3.0106
904	ól	53	1.0248	3.0106
904	ąš	53	1.0248	3.0106
904	ņų	53	1.0248	3.0106
905	-y	52	1.0054	3.0023
905	-z	52	1.0054	3.0023
905	jr	52	1.0054	3.0023
905	mà	52	1.0054	3.0023
905	sz	52	1.0054	3.0023
905	xu	52	1.0054	3.0023
906	c-	51	0.9861	2.9939
906	dé	51	0.9861	2.9939
906	sž	51	0.9861	2.9939
906	èm	51	0.9861	2.9939
906	ąp	51	0.9861	2.9939
906	ź$	51	0.9861	2.9939
907	aį	50	0.9668	2.9853
907	tó	50	0.9668	2.9853
907	ùt	50	0.9668	2.9853
907	ūi	50	0.9668	2.9853
907	ųt	50	0.9668	2.9853
908	cü	49	0.9474	2.9765
908	yy	49	0.9474	2.9765
909	aq	48	0.9281	2.9676
909	bû	48	0.9281	2.9676
909	fp	48	0.9281	2.9676
909	hė	48	0.9281	2.9676
909	čų	48	0.9281	2.9676
909	ųk	48	0.9281	2.9676
910	jš	47	0.9087	2.9584
910	nģ	47	0.9087	2.9584
911	aù	46	0.8894	2.9491
911	bó	46	0.8894	2.9491
911	cg	46	0.8894	2.9491
911	f'	46	0.8894	2.9491
911	ë$	46	0.8894	2.9491
911	ųm	46	0.8894	2.9491
912	hb	45	0.8701	2.9396
912	jà	45	0.8701	2.9396
912	ùa	45	0.8701	2.9396
912	ėė	45	0.8701	2.9396
913	gk	44	0.8507	2.9298
913	né	44	0.8507	2.9298
913	rq	44	0.8507	2.9298
913	sq	44	0.8507	2.9298
914	-į	43	0.8314	2.9198
914	bv	43	0.8314	2.9198
914	jē	43	0.8314	2.9198
914	kģ	43	0.8314	2.9198
914	tģ	43	0.8314	2.9198
914	él	43	0.8314	2.9198
914	čr	43	0.8314	2.9198
914	įf	43	0.8314	2.9198
915	'p	42	0.8121	2.9096
915	^đ	42	0.8121	2.9096
915	hw	42	0.8121	2.9096
915	jd	42	0.8121	2.9096
915	sü	42	0.8121	2.9096
915	ux	42	0.8121	2.9096
915	èv	42	0.8121	2.9096
915	ét	42	0.8121	2.9096
915	ût	42	0.8121	2.9096
915	ül	42	0.8121	2.9096
916	õa	41	0.7927	2.8991
916	łi	41	0.7927	2.8991
917	ań	40	0.7734	2.8884
917	bh	40	0.7734	2.8884
917	hd	40	0.7734	2.8884
917	kó	40	0.7734	2.8884
917	yf	40	0.7734	2.8884
918	'v	39	0.7541	2.8774
918	gj	39	0.7541	2.8774
918	iø	39	0.7541	2.8774
918	rł	39	0.7541	2.8774
918	vģ	39	0.7541	2.8774
918	á$	39	0.7541	2.8774
918	ųn	39	0.7541	2.8774
919	ià	38	0.7347	2.8661
919	lé	38	0.7347	2.8661
919	z-	38	0.7347	2.8661
919	õk	38	0.7347	2.8661
919	ųa	38	0.7347	2.8661
920	^ń	37	0.7154	2.8545
920	^т	37	0.7154	2.8545
920	cų	37	0.7154	2.8545
920	fk	37	0.7154	2.8545
920	gü	37	0.7154	2.8545
920	ló	37	0.7154	2.8545
921	iè	36	0.6961	2.8427
921	v'	36	0.6961	2.8427
922	^á	35	0.6767	2.8304
922	dë	35	0.6767	2.8304
922	jf	35	0.6767	2.8304
922	kà	35	0.6767	2.8304
922	kò	35	0.6767	2.8304
922	tņ	35	0.6767	2.8304
922	xy	35	0.6767	2.8304
922	zp	35	0.6767	2.8304
922	õt	35	0.6767	2.8304
922	ąa	35	0.6767	2.8304
923	cp	34	0.6574	2.8178
923	cq	34	0.6574	2.8178
923	fį	34	0.6574	2.8178
923	mò	34	0.6574	2.8178
923	vc	34	0.6574	2.8178
923	xr	34	0.6574	2.8178
923	yw	34	0.6574	2.8178
923	ùv	34	0.6574	2.8178
923	ģn	34	0.6574	2.8178
924	ał	33	0.6381	2.8049
924	j-	33	0.6381	2.8049
924	kù	33	0.6381	2.8049
924	kž	33	0.6381	2.8049
924	në	33	0.6381	2.8049
924	nń	33	0.6381	2.8049
924	ųp	33	0.6381	2.8049
924	žh	33	0.6381	2.8049
925	eń	32	0.6187	2.7915
925	éi	32	0.6187	2.7915
925	ók	32	0.6187	2.7915
925	ūy	32	0.6187	2.7915
926	cj	31	0.5994	2.7777
926	f-	31	0.5994	2.7777
926	hz	31	0.5994	2.7777
926	yń	31	0.5994	2.7777
926	ës	31	0.5994	2.7777
926	đ$	31	0.5994	2.7777
927	kł	30	0.5801	2.7635
927	nł	30	0.5801	2.7635
927	té	30	0.5801	2.7635
927	wl	30	0.5801	2.7635
927	xe	30	0.5801	2.7635
927	xv	30	0.5801	2.7635
927	čį	30	0.5801	2.7635
927	ū-	30	0.5801	2.7635
928	cb	29	0.5607	2.7487
928	eų	29	0.5607	2.7487
928	hv	29	0.5607	2.7487
928	iû	29	0.5607	2.7487
928	ię	29	0.5607	2.7487
928	kā	29	0.5607	2.7487
928	rē	29	0.5607	2.7487
928	zį	29	0.5607	2.7487
928	ëj	29	0.5607	2.7487
928	òj	29	0.5607	2.7487
928	ēs	29	0.5607	2.7487
929	'g	28	0.5414	2.7335
929	nà	28	0.5414	2.7335
929	z'	28	0.5414	2.7335
929	õe	28	0.5414	2.7335
929	ģg	28	0.5414	2.7335
930	^ł	27	0.522	2.7177
930	qa	27	0.522	2.7177
930	rë	27	0.522	2.7177
930	tö	27	0.522	2.7177
930	vó	27	0.522	2.7177
930	xb	27	0.522	2.7177
930	õp	27	0.522	2.7177
931	bé	26	0.5027	2.7013
931	jm	26	0.5027	2.7013
931	rà	26	0.5027	2.7013
931	vź	26	0.5027	2.7013
931	łt	26	0.5027	2.7013
931	ńo	26	0.5027	2.7013
931	šc	26	0.5027	2.7013
932	eq	25	0.4834	2.6843
932	eđ	25	0.4834	2.6843
932	nó	25	0.4834	2.6843
932	sģ	25	0.4834	2.6843
932	vp	25	0.4834	2.6843
932	ąi	25	0.4834	2.6843
933	-q	24	0.464	2.6665
933	^м	24	0.464	2.6665
933	gö	24	0.464	2.6665
933	lü	24	0.464	2.6665
933	nò	24	0.464	2.6665
933	só	24	0.464	2.6665
933	tō	24	0.464	2.6665
933	vm	24	0.464	2.6665
933	xl	24	0.464	2.6665
933	óm	24	0.464	2.6665
933	đa	24	0.464	2.6665
933	įi	24	0.464	2.6665
933	ž-	24	0.464	2.6665
934	gł	23	0.4447	2.6481
934	hc	23	0.4447	2.6481
934	hf	23	0.4447	2.6481
934	iņ	23	0.4447	2.6481
934	jg	23	0.4447	2.6481
934	oq	23	0.4447	2.6481
934	pw	23	0.4447	2.6481
934	pü	23	0.4447	2.6481
934	sà	23	0.4447	2.6481
934	sò	23	0.4447	2.6481
934	vņ	23	0.4447	2.6481
934	yè	23	0.4447	2.6481
934	ël	23	0.4447	2.6481
934	õg	23	0.4447	2.6481
935	^к	22	0.4254	2.6288
935	ké	22	0.4254	2.6288
935	mé	22	0.4254	2.6288
935	tx	22	0.4254	2.6288
935	uū	22	0.4254	2.6288
935	wk	22	0.4254	2.6288
935	èe	22	0.4254	2.6288
935	łs	22	0.4254	2.6288
936	b'	21	0.406	2.6085
936	mņ	21	0.406	2.6085
936	nņ	21	0.406	2.6085
936	rù	21	0.406	2.6085
936	rō	21	0.406	2.6085
936	sé	21	0.406	2.6085
936	vt	21	0.406	2.6085
936	ët	21	0.406	2.6085
936	õv	21	0.406	2.6085
936	ùe	21	0.406	2.6085
936	ąį	21	0.406	2.6085
936	čg	21	0.406	2.6085
937	'ų	20	0.3867	2.5874
937	^ļ	20	0.3867	2.5874
937	w'	20	0.3867	2.5874
937	xc	20	0.3867	2.5874
937	óń	20	0.3867	2.5874
937	đv	20	0.3867	2.5874
937	šü	20	0.3867	2.5874
937	мe	20	0.3867	2.5874
938	jj	19	0.3674	2.5651
938	jv	19	0.3674	2.5651
938	jō	19	0.3674	2.5651
938	nx	19	0.3674	2.5651
938	oį	19	0.3674	2.5651
938	è$	19	0.3674	2.5651
938	üe	19	0.3674	2.5651
938	đt	19	0.3674	2.5651
938	οn	19	0.3674	2.5651
938	тu	19	0.3674	2.5651
939	ađ	18	0.348	2.5416
939	eè	18	0.348	2.5416
939	fd	18	0.348	2.5416
939	nź	18	0.348	2.5416
939	sņ	18	0.348	2.5416
939	vé	18	0.348	2.5416
939	wb	18	0.348	2.5416
939	zč	18	0.348	2.5416
939	æ$	18	0.348	2.5416
939	èa	18	0.348	2.5416
939	ék	18	0.348	2.5416
939	ùs	18	0.348	2.5416
939	ģk	18	0.348	2.5416
939	ģr	18	0.348	2.5416
939	ūa	18	0.348	2.5416
939	ųo	18	0.348	2.5416
940	fh	17	0.3287	2.5168
940	gģ	17	0.3287	2.5168
940	jó	17	0.3287	2.5168
940	kõ	17	0.3287	2.5168
940	nq	17	0.3287	2.5168
940	nç	17	0.3287	2.5168
940	tø	17	0.3287	2.5168
940	vv	17	0.3287	2.5168
940	wg	17	0.3287	2.5168
940	čž	17	0.3287	2.5168
940	ģč	17	0.3287	2.5168
940	į-	17	0.3287	2.5168
940	ōs	17	0.3287	2.5168
940	ųl	17	0.3287	2.5168
941	-w	16	0.3094	2.4905
941	-x	16	0.3094	2.4905
941	-ū	16	0.3094	2.4905
941	bë	16	0.3094	2.4905
941	bο	16	0.3094	2.4905
941	cį	16	0.3094	2.4905
941	gc	16	0.3094	2.4905
941	hä	16	0.3094	2.4905
941	lë	16	0.3094	2.4905
941	xh	16	0.3094	2.4905
941	àj	16	0.3094	2.4905
941	ço	16	0.3094	2.4905
941	ón	16	0.3094	2.4905
941	đk	16	0.3094	2.4905
941	ęi	16	0.3094	2.4905
941	įį	16	0.3094	2.4905
942	dü	15	0.29	2.4624
942	hp	15	0.29	2.4624
942	jö	15	0.29	2.4624
942	kë	15	0.29	2.4624
942	lō	15	0.29	2.4624
942	lź	15	0.29	2.4624
942	pģ	15	0.29	2.4624
942	rò	15	0.29	2.4624
942	tź	15	0.29	2.4624
942	vł	15	0.29	2.4624
942	èu	15	0.29	2.4624
942	év	15	0.29	2.4624
942	û$	15	0.29	2.4624
942	ûn	15	0.29	2.4624
942	ę-	15	0.29	2.4624
942	ųd	15	0.29	2.4624
942	ųv	15	0.29	2.4624
943	gà	14	0.2707	2.4325
943	kû	14	0.2707	2.4325
943	kđ	14	0.2707	2.4325
943	kņ	14	0.2707	2.4325
943	më	14	0.2707	2.4325
943	nē	14	0.2707	2.4325
943	pz	14	0.2707	2.4325
943	rû	14	0.2707	2.4325
943	uw	14	0.2707	2.4325
943	vš	14	0.2707	2.4325
943	wd	14	0.2707	2.4325
943	ór	14	0.2707	2.4325
943	đi	14	0.2707	2.4325
943	ęj	14	0.2707	2.4325
944	'į	13	0.2514	2.4004
944	-ą	13	0.2514	2.4004
944	eł	13	0.2514	2.4004
944	jb	13	0.2514	2.4004
944	kö	13	0.2514	2.4004
944	rņ	13	0.2514	2.4004
944	vh	13	0.2514	2.4004
944	vü	13	0.2514	2.4004
944	wt	13	0.2514	2.4004
944	éa	13	0.2514	2.4004
944	ég	13	0.2514	2.4004
944	ër	13	0.2514	2.4004
944	ùl	13	0.2514	2.4004
944	ûr	13	0.2514	2.4004
944	ėa	13	0.2514	2.4004
944	ģv	13	0.2514	2.4004
944	ła	13	0.2514	2.4004
945	bp	12	0.232	2.3655
945	cz	12	0.232	2.3655
945	fé	12	0.232	2.3655
945	gò	12	0.232	2.3655
945	jč	12	0.232	2.3655
945	kz	12	0.232	2.3655
945	lē	12	0.232	2.3655
945	nō	12	0.232	2.3655
945	qi	12	0.232	2.3655
945	sx	12	0.232	2.3655
945	tē	12	0.232	2.3655
945	wm	12	0.232	2.3655
945	èn	12	0.232	2.3655
945	üc	12	0.232	2.3655
945	ąz	12	0.232	2.3655
945	ąą	12	0.232	2.3655
945	ļi	12	0.232	2.3655
946	'w	11	0.2127	2.3278
946	^о	11	0.2127	2.3278
946	bg	11	0.2127	2.3278
946	dø	11	0.2127	2.3278
946	fο	11	0.2127	2.3278
946	gq	11	0.2127	2.3278
946	gó	11	0.2127	2.3278
946	iń	11	0.2127	2.3278
946	lè	11	0.2127	2.3278
946	nö	11	0.2127	2.3278
946	nā	11	0.2127	2.3278
946	oè	11	0.2127	2.3278
946	oė	11	0.2127	2.3278
946	w-	11	0.2127	2.3278
946	xd	11	0.2127	2.3278
946	yh	11	0.2127	2.3278
946	ás	11	0.2127	2.3278
946	ùy	11	0.2127	2.3278
946	ùį	11	0.2127	2.3278
946	čv	11	0.2127	2.3278
946	đl	11	0.2127	2.3278
946	ęk	11	0.2127	2.3278
946	ęt	11	0.2127	2.3278
946	ģd	11	0.2127	2.3278
946	ūu	11	0.2127	2.3278
946	οr	11	0.2127	2.3278
947	bx	10	0.1934	2.2865
947	jk	10	0.1934	2.2865
947	rx	10	0.1934	2.2865
947	rè	10	0.1934	2.2865
947	sń	10	0.1934	2.2865
947	të	10	0.1934	2.2865
947	tā	10	0.1934	2.2865
947	wf	10	0.1934	2.2865
947	èd	10	0.1934	2.2865
947	èy	10	0.1934	2.2865
947	ëm	10	0.1934	2.2865
947	õs	10	0.1934	2.2865
947	öl	10	0.1934	2.2865
947	üm	10	0.1934	2.2865
947	čc	10	0.1934	2.2865
947	đč	10	0.1934	2.2865
947	ģm	10	0.1934	2.2865
947	łk	10	0.1934	2.2865
947	š'	10	0.1934	2.2865
947	ųš	10	0.1934	2.2865
947	тa	10	0.1934	2.2865
948	'ž	9	0.174	2.2405
948	dà	9	0.174	2.2405
948	fü	9	0.174	2.2405
948	hk	9	0.174	2.2405
948	hš	9	0.174	2.2405
948	jø	9	0.174	2.2405
948	jņ	9	0.174	2.2405
948	kź	9	0.174	2.2405
948	là	9	0.174	2.2405
948	lò	9	0.174	2.2405
948	mx	9	0.174	2.2405
948	mû	9	0.174	2.2405
948	mł	9	0.174	2.2405
948	où	9	0.174	2.2405
948	rõ	9	0.174	2.2405
948	rö	9	0.174	2.2405
948	sā	9	0.174	2.2405
948	uđ	9	0.174	2.2405
948	vò	9	0.174	2.2405
948	xą	9	0.174	2.2405
948	zf	9	0.174	2.2405
948	zj	9	0.174	2.2405
948	às	9	0.174	2.2405
948	än	9	0.174	2.2405
948	óg	9	0.174	2.2405
948	óo	9	0.174	2.2405
948	ùo	9	0.174	2.2405
948	ùp	9	0.174	2.2405
948	ùu	9	0.174	2.2405
948	ûd	9	0.174	2.2405
948	üh	9	0.174	2.2405
948	üv	9	0.174	2.2405
948	ēk	9	0.174	2.2405
948	łv	9	0.174	2.2405
948	ōų	9	0.174	2.2405
948	šh	9	0.174	2.2405
949	^ę	8	0.1547	2.1895
949	^а	8	0.1547	2.1895
949	bö	8	0.1547	2.1895
949	dò	8	0.1547	2.1895
949	dł	8	0.1547	2.1895
949	eģ	8	0.1547	2.1895
949	hg	8	0.1547	2.1895
949	ié	8	0.1547	2.1895
949	lł	8	0.1547	2.1895
949	nü	8	0.1547	2.1895
949	oų	8	0.1547	2.1895
949	uù	8	0.1547	2.1895
949	vb	8	0.1547	2.1895
949	wv	8	0.1547	2.1895
949	yù	8	0.1547	2.1895
949	zc	8	0.1547	2.1895
949	èt	8	0.1547	2.1895
949	én	8	0.1547	2.1895
949	ód	8	0.1547	2.1895
949	óv	8	0.1547	2.1895
949	õu	8	0.1547	2.1895
949	õō	8	0.1547	2.1895
949	ör	8	0.1547	2.1895
949	ùn	8	0.1547	2.1895
949	ąo	8	0.1547	2.1895
949	č-	8	0.1547	2.1895
949	čz	8	0.1547	2.1895
949	đg	8	0.1547	2.1895
949	ėe	8	0.1547	2.1895
949	į'	8	0.1547	2.1895
949	įz	8	0.1547	2.1895
949	ūe	8	0.1547	2.1895
949	ų'	8	0.1547	2.1895
950	'y	7	0.1353	2.1313
950	-ė	7	0.1353	2.1313
950	^ü	7	0.1353	2.1313
950	aē	7	0.1353	2.1313
950	bw	7	0.1353	2.1313
950	hè	7	0.1353	2.1313
950	hé	7	0.1353	2.1313
950	j'	7	0.1353	2.1313
950	jc	7	0.1353	2.1313
950	jn	7	0.1353	2.1313
950	jz	7	0.1353	2.1313
950	jā	7	0.1353	2.1313
950	mè	7	0.1353	2.1313
950	mā	7	0.1353	2.1313
950	pé	7	0.1353	2.1313
950	sø	7	0.1353	2.1313
950	uq	7	0.1353	2.1313
950	uõ	7	0.1353	2.1313
950	và	7	0.1353	2.1313
950	vë	7	0.1353	2.1313
950	wp	7	0.1353	2.1313
950	wx	7	0.1353	2.1313
950	xm	7	0.1353	2.1313
950	yx	7	0.1353	2.1313
950	èr	7	0.1353	2.1313
950	ém	7	0.1353	2.1313
950	õo	7	0.1353	2.1313
950	õy	7	0.1353	2.1313
950	öt	7	0.1353	2.1313
950	ùr	7	0.1353	2.1313
950	üg	7	0.1353	2.1313
950	ąu	7	0.1353	2.1313
950	čę	7	0.1353	2.1313
950	ēm	7	0.1353	2.1313
950	ēt	7	0.1353	2.1313
950	ęn	7	0.1353	2.1313
950	ņu	7	0.1353	2.1313
950	ōv	7	0.1353	2.1313
950	ōõ	7	0.1353	2.1313
950	ųb	7	0.1353	2.1313
950	ųg	7	0.1353	2.1313
950	ųu	7	0.1353	2.1313
950	žü	7	0.1353	2.1313
951	''	6	0.116	2.0645
951	'q	6	0.116	2.0645
951	bf	6	0.116	2.0645
951	bà	6	0.116	2.0645
951	dä	6	0.116	2.0645
951	dō	6	0.116	2.0645
951	fw	6	0.116	2.0645
951	hę	6	0.116	2.0645
951	ió	6	0.116	2.0645
951	kē	6	0.116	2.0645
951	kō	6	0.116	2.0645
951	mđ	6	0.116	2.0645
951	qv	6	0.116	2.0645
951	tæ	6	0.116	2.0645
951	wc	6	0.116	2.0645
951	xf	6	0.116	2.0645
951	yé	6	0.116	2.0645
951	zü	6	0.116	2.0645
951	zž	6	0.116	2.0645
951	äm	6	0.116	2.0645
951	èj	6	0.116	2.0645
951	èl	6	0.116	2.0645
951	éo	6	0.116	2.0645
951	ér	6	0.116	2.0645
951	ëk	6	0.116	2.0645
951	óz	6	0.116	2.0645
951	ûl	6	0.116	2.0645
951	ąb	6	0.116	2.0645
951	ęl	6	0.116	2.0645
951	ī$	6	0.116	2.0645
951	įo	6	0.116	2.0645
951	įù	6	0.116	2.0645
951	ńš	6	0.116	2.0645
951	о$	6	0.116	2.0645
952	'f	5	0.0967	1.9854
952	'š	5	0.0967	1.9854
952	^ã	5	0.0967	1.9854
952	^ģ	5	0.0967	1.9854
952	^ī	5	0.0967	1.9854
952	cw	5	0.0967	1.9854
952	cš	5	0.0967	1.9854
952	dö	5	0.0967	1.9854
952	dņ	5	0.0967	1.9854
952	eē	5	0.0967	1.9854
952	fę	5	0.0967	1.9854
952	gã	5	0.0967	1.9854
952	jä	5	0.0967	1.9854
952	lö	5	0.0967	1.9854
952	lņ	5	0.0967	1.9854
952	mø	5	0.0967	1.9854
952	næ	5	0.0967	1.9854
952	ođ	5	0.0967	1.9854
952	px	5	0.0967	1.9854
952	sû	5	0.0967	1.9854
952	ué	5	0.0967	1.9854
952	uą	5	0.0967	1.9854
952	xn	5	0.0967	1.9854
952	xs	5	0.0967	1.9854
952	zw	5	0.0967	1.9854
952	zē	5	0.0967	1.9854
952	át	5	0.0967	1.9854
952	ãd	5	0.0967	1.9854
952	ãg	5	0.0967	1.9854
952	äa	5	0.0967	1.9854
952	æs	5	0.0967	1.9854
952	éc	5	0.0967	1.9854
952	õr	5	0.0967	1.9854
952	õó	5	0.0967	1.9854
952	ùm	5	0.0967	1.9854
952	ûk	5	0.0967	1.9854
952	ą'	5	0.0967	1.9854
952	ęa	5	0.0967	1.9854
952	ęm	5	0.0967	1.9854
952	łe	5	0.0967	1.9854
952	ųō	5	0.0967	1.9854
952	žc	5	0.0967	1.9854
952	а$	5	0.0967	1.9854
952	аr	5	0.0967	1.9854
952	кa	5	0.0967	1.9854
952	ко	5	0.0967	1.9854
953	-ę	4	0.0773	1.8882
953	-ų	4	0.0773	1.8882
953	^º	4	0.0773	1.8882
953	^í	4	0.0773	1.8882
953	aü	4	0.0773	1.8882
953	dē	4	0.0773	1.8882
953	eá	4	0.0773	1.8882
953	eñ	4	0.0773	1.8882
953	eą	4	0.0773	1.8882
953	gé	4	0.0773	1.8882
953	gë	4	0.0773	1.8882
953	hô	4	0.0773	1.8882
953	jģ	4	0.0773	1.8882
953	jź	4	0.0773	1.8882
953	lx	4	0.0773	1.8882
953	lā	4	0.0773	1.8882
953	mź	4	0.0773	1.8882
953	nè	4	0.0773	1.8882
953	pó	4	0.0773	1.8882
953	q'	4	0.0773	1.8882
953	qr	4	0.0773	1.8882
953	qt	4	0.0773	1.8882
953	rá	4	0.0773	1.8882
953	rā	4	0.0773	1.8882
953	rź	4	0.0773	1.8882
953	së	4	0.0773	1.8882
953	tá	4	0.0773	1.8882
953	vā	4	0.0773	1.8882
953	ww	4	0.0773	1.8882
953	º$	4	0.0773	1.8882
953	àè	4	0.0773	1.8882
953	äg	4	0.0773	1.8882
953	äu	4	0.0773	1.8882
953	èk	4	0.0773	1.8882
953	ée	4	0.0773	1.8882
953	ño	4	0.0773	1.8882
953	õb	4	0.0773	1.8882
953	õl	4	0.0773	1.8882
953	õm	4	0.0773	1.8882
953	õń	4	0.0773	1.8882
953	ûp	4	0.0773	1.8882
953	üš	4	0.0773	1.8882
953	ąc	4	0.0773	1.8882
953	đn	4	0.0773	1.8882
953	đu	4	0.0773	1.8882
953	đë	4	0.0773	1.8882
953	ēe	4	0.0773	1.8882
953	ēg	4	0.0773	1.8882
953	ęg	4	0.0773	1.8882
953	ęp	4	0.0773	1.8882
953	ļe	4	0.0773	1.8882
953	łj	4	0.0773	1.8882
953	ły	4	0.0773	1.8882
953	ńa	4	0.0773	1.8882
953	ōk	4	0.0773	1.8882
953	ųņ	4	0.0773	1.8882
953	žž	4	0.0773	1.8882
953	аi	4	0.0773	1.8882
953	еl	4	0.0773	1.8882
953	ка	4	0.0773	1.8882
953	ке	4	0.0773	1.8882
954	'ė	3	0.058	1.7634
954	^ā	3	0.058	1.7634
954	^ś	3	0.058	1.7634
954	^ż	3	0.058	1.7634
954	^д	3	0.058	1.7634
954	^и	3	0.058	1.7634
954	cé	3	0.058	1.7634
954	cû	3	0.058	1.7634
954	cč	3	0.058	1.7634
954	dā	3	0.058	1.7634
954	dź	3	0.058	1.7634
954	eō	3	0.058	1.7634
954	gè	3	0.058	1.7634
954	iā	3	0.058	1.7634
954	jh	3	0.058	1.7634
954	jw	3	0.058	1.7634
954	já	3	0.058	1.7634
954	kø	3	0.058	1.7634
954	lq	3	0.058	1.7634
954	lá	3	0.058	1.7634
954	læ	3	0.058	1.7634
954	lù	3	0.058	1.7634
954	lο	3	0.058	1.7634
954	mö	3	0.058	1.7634
954	mń	3	0.058	1.7634
954	ná	3	0.058	1.7634
954	oõ	3	0.058	1.7634
954	oń	3	0.058	1.7634
954	qo	3	0.058	1.7634
954	rđ	3	0.058	1.7634
954	sο	3	0.058	1.7634
954	tû	3	0.058	1.7634
954	uģ	3	0.058	1.7634
954	vf	3	0.058	1.7634
954	xū	3	0.058	1.7634
954	yė	3	0.058	1.7634
954	ył	3	0.058	1.7634
954	zé	3	0.058	1.7634
954	zó	3	0.058	1.7634
954	ám	3	0.058	1.7634
954	èo	3	0.058	1.7634
954	éd	3	0.058	1.7634
954	ép	3	0.058	1.7634
954	ëd	3	0.058	1.7634
954	ëg	3	0.058	1.7634
954	ðš	3	0.058	1.7634
954	ôn	3	0.058	1.7634
954	öc	3	0.058	1.7634
954	ùò	3	0.058	1.7634
954	ûz	3	0.058	1.7634
954	üč	3	0.058	1.7634
954	ąy	3	0.058	1.7634
954	čp	3	0.058	1.7634
954	čš	3	0.058	1.7634
954	đe	3	0.058	1.7634
954	đm	3	0.058	1.7634
954	đā	3	0.058	1.7634
954	ēl	3	0.058	1.7634
954	ēv	3	0.058	1.7634
954	ėo	3	0.058	1.7634
954	ėį	3	0.058	1.7634
954	ęb	3	0.058	1.7634
954	ęe	3	0.058	1.7634
954	ģp	3	0.058	1.7634
954	įè	3	0.058	1.7634
954	ło	3	0.058	1.7634
954	łp	3	0.058	1.7634
954	ńe	3	0.058	1.7634
954	ņa	3	0.058	1.7634
954	ōd	3	0.058	1.7634
954	ūā	3	0.058	1.7634
954	ūė	3	0.058	1.7634
954	ųó	3	0.058	1.7634
954	žē	3	0.058	1.7634
954	οi	3	0.058	1.7634
954	и$	3	0.058	1.7634
954	й$	3	0.058	1.7634
954	сь	3	0.058	1.7634
954	ь$	3	0.058	1.7634
955	'z	2	0.0387	1.5877
955	^ķ	2	0.0387	1.5877
955	^з	2	0.0387	1.5877
955	að	2	0.0387	1.5877
955	bæ	2	0.0387	1.5877
955	bò	2	0.0387	1.5877
955	bņ	2	0.0387	1.5877
955	cx	2	0.0387	1.5877
955	cô	2	0.0387	1.5877
955	cę	2	0.0387	1.5877
955	dx	2	0.0387	1.5877
955	fč	2	0.0387	1.5877
955	gā	2	0.0387	1.5877
955	gņ	2	0.0387	1.5877
955	gź	2	0.0387	1.5877
955	hâ	2	0.0387	1.5877
955	ië	2	0.0387	1.5877
955	jx	2	0.0387	1.5877
955	jæ	2	0.0387	1.5877
955	jé	2	0.0387	1.5877
955	jë	2	0.0387	1.5877
955	kx	2	0.0387	1.5877
955	kń	2	0.0387	1.5877
955	lí	2	0.0387	1.5877
955	lû	2	0.0387	1.5877
955	mq	2	0.0387	1.5877
955	mæ	2	0.0387	1.5877
955	nõ	2	0.0387	1.5877
955	nø	2	0.0387	1.5877
955	oû	2	0.0387	1.5877
955	oē	2	0.0387	1.5877
955	oę	2	0.0387	1.5877
955	oł	2	0.0387	1.5877
955	oź	2	0.0387	1.5877
955	pö	2	0.0387	1.5877
955	pû	2	0.0387	1.5877
955	pł	2	0.0387	1.5877
955	ql	2	0.0387	1.5877
955	qq	2	0.0387	1.5877
955	qü	2	0.0387	1.5877
955	rä	2	0.0387	1.5877
955	rń	2	0.0387	1.5877
955	sē	2	0.0387	1.5877
955	uę	2	0.0387	1.5877
955	vá	2	0.0387	1.5877
955	vö	2	0.0387	1.5877
955	vû	2	0.0387	1.5877
955	vž	2	0.0387	1.5877
955	wą	2	0.0387	1.5877
955	yõ	2	0.0387	1.5877
955	yą	2	0.0387	1.5877
955	yų	2	0.0387	1.5877
955	zë	2	0.0387	1.5877
955	zö	2	0.0387	1.5877
955	zø	2	0.0387	1.5877
955	áe	2	0.0387	1.5877
955	ât	2	0.0387	1.5877
955	å$	2	0.0387	1.5877
955	ça	2	0.0387	1.5877
955	èò	2	0.0387	1.5877
955	ën	2	0.0387	1.5877
955	ëz	2	0.0387	1.5877
955	ëđ	2	0.0387	1.5877
955	íb	2	0.0387	1.5877
955	íå	2	0.0387	1.5877
955	íā	2	0.0387	1.5877
955	ôt	2	0.0387	1.5877
955	õn	2	0.0387	1.5877
955	õņ	2	0.0387	1.5877
955	öj	2	0.0387	1.5877
955	øy	2	0.0387	1.5877
955	ùb	2	0.0387	1.5877
955	ùd	2	0.0387	1.5877
955	ùj	2	0.0387	1.5877
955	ûv	2	0.0387	1.5877
955	üb	2	0.0387	1.5877
955	üi	2	0.0387	1.5877
955	üž	2	0.0387	1.5877
955	āj	2	0.0387	1.5877
955	ār	2	0.0387	1.5877
955	āv	2	0.0387	1.5877
955	āī	2	0.0387	1.5877
955	ąe	2	0.0387	1.5877
955	ąč	2	0.0387	1.5877
955	čb	2	0.0387	1.5877
955	čf	2	0.0387	1.5877
955	čh	2	0.0387	1.5877
955	čū	2	0.0387	1.5877
955	đo	2	0.0387	1.5877
955	đá	2	0.0387	1.5877
955	ēd	2	0.0387	1.5877
955	ė'	2	0.0387	1.5877
955	ėh	2	0.0387	1.5877
955	ėu	2	0.0387	1.5877
955	ėy	2	0.0387	1.5877
955	ėę	2	0.0387	1.5877
955	ę'	2	0.0387	1.5877
955	ęf	2	0.0387	1.5877
955	ęv	2	0.0387	1.5877
955	ęč	2	0.0387	1.5877
955	ģa	2	0.0387	1.5877
955	ģi	2	0.0387	1.5877
955	īņ	2	0.0387	1.5877
955	įh	2	0.0387	1.5877
955	ļm	2	0.0387	1.5877
955	łd	2	0.0387	1.5877
955	łl	2	0.0387	1.5877
955	łu	2	0.0387	1.5877
955	ń$	2	0.0387	1.5877
955	ńt	2	0.0387	1.5877
955	ńö	2	0.0387	1.5877
955	ōr	2	0.0387	1.5877
955	ōt	2	0.0387	1.5877
955	ś$	2	0.0387	1.5877
955	ūc	2	0.0387	1.5877
955	ūf	2	0.0387	1.5877
955	ūh	2	0.0387	1.5877
955	ūo	2	0.0387	1.5877
955	ūá	2	0.0387	1.5877
955	ūë	2	0.0387	1.5877
955	ųį	2	0.0387	1.5877
955	ųū	2	0.0387	1.5877
955	że	2	0.0387	1.5877
955	ба	2	0.0387	1.5877
955	да	2	0.0387	1.5877
955	де	2	0.0387	1.5877
955	ес	2	0.0387	1.5877
955	зд	2	0.0387	1.5877
955	ив	2	0.0387	1.5877
955	мa	2	0.0387	1.5877
955	не	2	0.0387	1.5877
955	оb	2	0.0387	1.5877
955	оm	2	0.0387	1.5877
955	оr	2	0.0387	1.5877
955	оv	2	0.0387	1.5877
955	ри	2	0.0387	1.5877
955	т$	2	0.0387	1.5877
955	тr	2	0.0387	1.5877
955	я$	2	0.0387	1.5877
956	'à	1	0.0193	1.2856
956	'č	1	0.0193	1.2856
956	'ę	1	0.0193	1.2856
956	-è	1	0.0193	1.2856
956	^ß	1	0.0193	1.2856
956	^à	1	0.0193	1.2856
956	^æ	1	0.0193	1.2856
956	^ç	1	0.0193	1.2856
956	^î	1	0.0193	1.2856
956	^þ	1	0.0193	1.2856
956	^ũ	1	0.0193	1.2856
956	^ˇ	1	0.0193	1.2856
956	^ν	1	0.0193	1.2856
956	^б	1	0.0193	1.2856
956	^в	1	0.0193	1.2856
956	^ж	1	0.0193	1.2856
956	^н	1	0.0193	1.2856
956	^с	1	0.0193	1.2856
956	^ю	1	0.0193	1.2856
956	^㤹	1	0.0193	1.2856
956	añ	1	0.0193	1.2856
956	aò	1	0.0193	1.2856
956	aó	1	0.0193	1.2856
956	aú	1	0.0193	1.2856
956	aę	1	0.0193	1.2856
956	aģ	1	0.0193	1.2856
956	aя	1	0.0193	1.2856
956	bq	1	0.0193	1.2856
956	bø	1	0.0193	1.2856
956	bā	1	0.0193	1.2856
956	bń	1	0.0193	1.2856
956	bź	1	0.0193	1.2856
956	cá	1	0.0193	1.2856
956	cú	1	0.0193	1.2856
956	cā	1	0.0193	1.2856
956	dq	1	0.0193	1.2856
956	dæ	1	0.0193	1.2856
956	dù	1	0.0193	1.2856
956	dû	1	0.0193	1.2856
956	dĩ	1	0.0193	1.2856
956	eð	1	0.0193	1.2856
956	eó	1	0.0193	1.2856
956	eę	1	0.0193	1.2856
956	eя	1	0.0193	1.2856
956	fł	1	0.0193	1.2856
956	gø	1	0.0193	1.2856
956	gō	1	0.0193	1.2856
956	hq	1	0.0193	1.2856
956	hx	1	0.0193	1.2856
956	hö	1	0.0193	1.2856
956	hā	1	0.0193	1.2856
956	hś	1	0.0193	1.2856
956	hž	1	0.0193	1.2856
956	hе	1	0.0193	1.2856
956	iß	1	0.0193	1.2856
956	ið	1	0.0193	1.2856
956	iē	1	0.0193	1.2856
956	iī	1	0.0193	1.2856
956	jq	1	0.0193	1.2856
956	kq	1	0.0193	1.2856
956	lķ	1	0.0193	1.2856
956	mä	1	0.0193	1.2856
956	mõ	1	0.0193	1.2856
956	mù	1	0.0193	1.2856
956	mķ	1	0.0193	1.2856
956	nî	1	0.0193	1.2856
956	nù	1	0.0193	1.2856
956	nû	1	0.0193	1.2856
956	nг	1	0.0193	1.2856
956	oé	1	0.0193	1.2856
956	oą	1	0.0193	1.2856
956	oū	1	0.0193	1.2856
956	pq	1	0.0193	1.2856
956	pà	1	0.0193	1.2856
956	pá	1	0.0193	1.2856
956	pè	1	0.0193	1.2856
956	pë	1	0.0193	1.2856
956	pò	1	0.0193	1.2856
956	põ	1	0.0193	1.2856
956	pø	1	0.0193	1.2856
956	pù	1	0.0193	1.2856
956	pć	1	0.0193	1.2856
956	pņ	1	0.0193	1.2856
956	pź	1	0.0193	1.2856
956	qb	1	0.0193	1.2856
956	qe	1	0.0193	1.2856
956	qf	1	0.0193	1.2856
956	qn	1	0.0193	1.2856
956	qw	1	0.0193	1.2856
956	ræ	1	0.0193	1.2856
956	sć	1	0.0193	1.2856
956	sī	1	0.0193	1.2856
956	sō	1	0.0193	1.2856
956	sź	1	0.0193	1.2856
956	tê	1	0.0193	1.2856
956	tú	1	0.0193	1.2856
956	uó	1	0.0193	1.2856
956	uń	1	0.0193	1.2856
956	uź	1	0.0193	1.2856
956	vw	1	0.0193	1.2856
956	wq	1	0.0193	1.2856
956	wz	1	0.0193	1.2856
956	wü	1	0.0193	1.2856
956	wū	1	0.0193	1.2856
956	xg	1	0.0193	1.2856
956	xj	1	0.0193	1.2856
956	xk	1	0.0193	1.2856
956	xz	1	0.0193	1.2856
956	xė	1	0.0193	1.2856
956	xę	1	0.0193	1.2856
956	yq	1	0.0193	1.2856
956	yū	1	0.0193	1.2856
956	yź	1	0.0193	1.2856
956	zx	1	0.0193	1.2856
956	zò	1	0.0193	1.2856
956	zā	1	0.0193	1.2856
956	zģ	1	0.0193	1.2856
956	ßa	1	0.0193	1.2856
956	ße	1	0.0193	1.2856
956	àl	1	0.0193	1.2856
956	àm	1	0.0193	1.2856
956	àą	1	0.0193	1.2856
956	ák	1	0.0193	1.2856
956	án	1	0.0193	1.2856
956	áv	1	0.0193	1.2856
956	áî	1	0.0193	1.2856
956	áû	1	0.0193	1.2856
956	ãî	1	0.0193	1.2856
956	ãā	1	0.0193	1.2856
956	äk	1	0.0193	1.2856
956	äv	1	0.0193	1.2856
956	åã	1	0.0193	1.2856
956	åé	1	0.0193	1.2856
956	åń	1	0.0193	1.2856
956	åō	1	0.0193	1.2856
956	åų	1	0.0193	1.2856
956	æq	1	0.0193	1.2856
956	æå	1	0.0193	1.2856
956	èg	1	0.0193	1.2856
956	èp	1	0.0193	1.2856
956	ès	1	0.0193	1.2856
956	èà	1	0.0193	1.2856
956	èę	1	0.0193	1.2856
956	èį	1	0.0193	1.2856
956	é-	1	0.0193	1.2856
956	éį	1	0.0193	1.2856
956	êt	1	0.0193	1.2856
956	ëv	1	0.0193	1.2856
956	ëå	1	0.0193	1.2856
956	ëč	1	0.0193	1.2856
956	ëė	1	0.0193	1.2856
956	ía	1	0.0193	1.2856
956	íč	1	0.0193	1.2856
956	î$	1	0.0193	1.2856
956	îm	1	0.0193	1.2856
956	îã	1	0.0193	1.2856
956	îæ	1	0.0193	1.2856
956	îí	1	0.0193	1.2856
956	îō	1	0.0193	1.2856
956	ð$	1	0.0193	1.2856
956	ña	1	0.0193	1.2856
956	òo	1	0.0193	1.2856
956	òs	1	0.0193	1.2856
956	óc	1	0.0193	1.2856
956	óp	1	0.0193	1.2856
956	óõ	1	0.0193	1.2856
956	óų	1	0.0193	1.2856
956	ôm	1	0.0193	1.2856
956	õj	1	0.0193	1.2856
956	õö	1	0.0193	1.2856
956	õš	1	0.0193	1.2856
956	öh	1	0.0193	1.2856
956	ön	1	0.0193	1.2856
956	ös	1	0.0193	1.2856
956	øj	1	0.0193	1.2856
956	ùg	1	0.0193	1.2856
956	ùà	1	0.0193	1.2856
956	ùę	1	0.0193	1.2856
956	ú$	1	0.0193	1.2856
956	úl	1	0.0193	1.2856
956	ún	1	0.0193	1.2856
956	ûb	1	0.0193	1.2856
956	ûi	1	0.0193	1.2856
956	ûo	1	0.0193	1.2856
956	ûč	1	0.0193	1.2856
956	ûđ	1	0.0193	1.2856
956	ûō	1	0.0193	1.2856
956	üu	1	0.0193	1.2856
956	þm	1	0.0193	1.2856
956	āt	1	0.0193	1.2856
956	āá	1	0.0193	1.2856
956	āë	1	0.0193	1.2856
956	āą	1	0.0193	1.2856
956	āš	1	0.0193	1.2856
956	āū	1	0.0193	1.2856
956	ąf	1	0.0193	1.2856
956	ąx	1	0.0193	1.2856
956	ąå	1	0.0193	1.2856
956	ąē	1	0.0193	1.2856
956	ąę	1	0.0193	1.2856
956	ć$	1	0.0193	1.2856
956	ćc	1	0.0193	1.2856
956	č'	1	0.0193	1.2856
956	čí	1	0.0193	1.2856
956	đr	1	0.0193	1.2856
956	đs	1	0.0193	1.2856
956	đy	1	0.0193	1.2856
956	đæ	1	0.0193	1.2856
956	đû	1	0.0193	1.2856
956	ēa	1	0.0193	1.2856
956	ēo	1	0.0193	1.2856
956	ēr	1	0.0193	1.2856
956	ēš	1	0.0193	1.2856
956	ēū	1	0.0193	1.2856
956	ėî	1	0.0193	1.2856
956	ėü	1	0.0193	1.2856
956	ęd	1	0.0193	1.2856
956	ęo	1	0.0193	1.2856
956	ģą	1	0.0193	1.2856
956	ĩ$	1	0.0193	1.2856
956	īg	1	0.0193	1.2856
956	īj	1	0.0193	1.2856
956	įy	1	0.0193	1.2856
956	įé	1	0.0193	1.2856
956	įą	1	0.0193	1.2856
956	įę	1	0.0193	1.2856
956	ķ$	1	0.0193	1.2856
956	ķi	1	0.0193	1.2856
956	ķn	1	0.0193	1.2856
956	ķr	1	0.0193	1.2856
956	ķå	1	0.0193	1.2856
956	ķą	1	0.0193	1.2856
956	ļa	1	0.0193	1.2856
956	ļå	1	0.0193	1.2856
956	łm	1	0.0193	1.2856
956	łn	1	0.0193	1.2856
956	ńķ	1	0.0193	1.2856
956	ņe	1	0.0193	1.2856
956	ņą	1	0.0193	1.2856
956	ņī	1	0.0193	1.2856
956	ņū	1	0.0193	1.2856
956	ōe	1	0.0193	1.2856
956	ōm	1	0.0193	1.2856
956	ōî	1	0.0193	1.2856
956	ōü	1	0.0193	1.2856
956	ōķ	1	0.0193	1.2856
956	ś-	1	0.0193	1.2856
956	śa	1	0.0193	1.2856
956	ũō	1	0.0193	1.2856
956	ūû	1	0.0193	1.2856
956	ūō	1	0.0193	1.2856
956	ųh	1	0.0193	1.2856
956	ųr	1	0.0193	1.2856
956	ųy	1	0.0193	1.2856
956	ųz	1	0.0193	1.2856
956	ųü	1	0.0193	1.2856
956	ųč	1	0.0193	1.2856
956	ųž	1	0.0193	1.2856
956	żņ	1	0.0193	1.2856
956	žz	1	0.0193	1.2856
956	ˇe	1	0.0193	1.2856
956	νe	1	0.0193	1.2856
956	аp	1	0.0193	1.2856
956	ав	1	0.0193	1.2856
956	ал	1	0.0193	1.2856
956	ан	1	0.0193	1.2856
956	ар	1	0.0193	1.2856
956	ас	1	0.0193	1.2856
956	бо	1	0.0193	1.2856
956	ва	1	0.0193	1.2856
956	ви	1	0.0193	1.2856
956	вк	1	0.0193	1.2856
956	ву	1	0.0193	1.2856
956	вь	1	0.0193	1.2856
956	гs	1	0.0193	1.2856
956	ди	1	0.0193	1.2856
956	до	1	0.0193	1.2856
956	е$	1	0.0193	1.2856
956	еt	1	0.0193	1.2856
956	ен	1	0.0193	1.2856
956	ет	1	0.0193	1.2856
956	еч	1	0.0193	1.2856
956	жи	1	0.0193	1.2856
956	иб	1	0.0193	1.2856
956	ид	1	0.0193	1.2856
956	ий	1	0.0193	1.2856
956	ио	1	0.0193	1.2856
956	кe	1	0.0193	1.2856
956	кi	1	0.0193	1.2856
956	кo	1	0.0193	1.2856
956	кu	1	0.0193	1.2856
956	кv	1	0.0193	1.2856
956	лб	1	0.0193	1.2856
956	лу	1	0.0193	1.2856
956	мi	1	0.0193	1.2856
956	ме	1	0.0193	1.2856
956	н$	1	0.0193	1.2856
956	нн	1	0.0193	1.2856
956	но	1	0.0193	1.2856
956	ны	1	0.0193	1.2856
956	оn	1	0.0193	1.2856
956	оs	1	0.0193	1.2856
956	ой	1	0.0193	1.2856
956	ол	1	0.0193	1.2856
956	он	1	0.0193	1.2856
956	оо	1	0.0193	1.2856
956	от	1	0.0193	1.2856
956	па	1	0.0193	1.2856
956	ра	1	0.0193	1.2856
956	си	1	0.0193	1.2856
956	сп	1	0.0193	1.2856
956	тo	1	0.0193	1.2856
956	тy	1	0.0193	1.2856
956	тą	1	0.0193	1.2856
956	та	1	0.0193	1.2856
956	тв	1	0.0193	1.2856
956	тр	1	0.0193	1.2856
956	у$	1	0.0193	1.2856
956	ую	1	0.0193	1.2856
956	чн	1	0.0193	1.2856
956	ый	1	0.0193	1.2856
956	ье	1	0.0193	1.2856
956	юр	1	0.0193	1.2856
956	юс	1	0.0193	1.2856
956	ⰰ〵	1	0.0193	1.2856
956	ⰲ昼	1	0.0193	1.2856
956	ⴭ㨰	1	0.0193	1.2856
956	〵ⴭ	1	0.0193	1.2856
956	ㄽ㸴	1	0.0193	1.2856
956	㤹㤹	1	0.0193	1.2856
956	㤹㨰	1	0.0193	1.2856
956	㨰ⰰ	1	0.0193	1.2856
956	㨰ⰲ	1	0.0193	1.2856
956	㱴是	1	0.0193	1.2856
956	㵲晦	1	0.0193	1.2856
956	㸴睷	1	0.0193	1.2856
956	㹴$	1	0.0193	1.2856
956	敬敮	1	0.0193	1.2856
956	敮㱴	1	0.0193	1.2856
956	敺ㄽ	1	0.0193	1.2856
956	是湯	1	0.0193	1.2856
956	昼湯	1	0.0193	1.2856
956	晦晦	1	0.0193	1.2856
956	晦楳	1	0.0193	1.2856
956	楳敺	1	0.0193	1.2856
956	湯㹴	1	0.0193	1.2856
956	湯潣	1	0.0193	1.2856
956	潣潬	1	0.0193	1.2856
956	潬㵲	1	0.0193	1.2856
956	瑢瑩	1	0.0193	1.2856
956	瑩敬	1	0.0193	1.2856
956	畳瑢	1	0.0193	1.2856
956	癴畳	1	0.0193	1.2856
956	睷癴	1	0.0193	1.2856
