Rank	Character	Frequency	Frequency per million	Zipf value
1	a	471714057	88256.7514	7.9457
2	e	467964945	87555.3001	7.9423
3	i	456951602	85494.7257	7.9319
4	o	393806174	73680.3432	7.8674
5	z	308508162	57721.2567	7.7613
6	n	265985480	49765.3484	7.6969
7	s	230868849	43195.0973	7.6354
8	t	227342582	42535.3399	7.6287
9	m	213980822	40035.3814	7.6024
10	c	206799062	38691.6886	7.5876
11	r	204074536	38181.9353	7.5819
12	y	194700234	36428.0222	7.5614
13	w	192703671	36054.4693	7.557
14	d	177687816	33245.033	7.5217
15	k	149871552	28040.666	7.4478
16	p	148364284	27758.6592	7.4434
17	j	145699832	27260.1455	7.4355
18	l	109628952	20511.3564	7.312
19	u	108580388	20315.1722	7.3078
20	b	100168898	18741.3994	7.2728
21	ł	93449733	17484.2571	7.2426
22	ę	90004001	16839.5676	7.2263
23	g	70375225	13167.0631	7.1195
24	ś	55502614	10384.4275	7.0164
25	h	53856496	10076.4421	7.0033
26	ż	53495234	10008.8507	7.0004
27	ą	45773568	8564.1425	6.9327
28	ć	39597715	7408.6528	6.8697
29	ó	36189287	6770.9428	6.8306
30	f	12519462	2342.3662	6.3697
31	ń	7028763	1315.0674	6.1189
32	ź	6847338	1281.1232	6.1076
33	v	2931747	548.524	5.7392
34	x	1075759	201.2723	5.3038
35	q	317622	59.4264	4.774
36	ê	67397	12.6098	4.1007
37	é	48629	9.0984	3.959
38	œ	39037	7.3037	3.8635
39	š	31770	5.9441	3.7741
40	æ	29212	5.4655	3.7376
41	ü	21636	4.0481	3.6073
42	ä	20277	3.7938	3.5791
43	ĺ	18808	3.5189	3.5464
44	á	12099	2.2637	3.3548
45	í	12075	2.2592	3.354
46	ö	11785	2.2049	3.3434
47	â	11611	2.1724	3.3369
48	ş	8808	1.648	3.217
49	ă	8620	1.6128	3.2076
50	ž	7902	1.4784	3.1698
51	ˇ	7574	1.4171	3.1514
52	ñ	6085	1.1385	3.0563
53	ľ	5864	1.0971	3.0402
54	č	5220	0.9767	2.9898
55	ÿ	4827	0.9031	2.9557
56	ú	4180	0.7821	2.8933
57	ý	3817	0.7142	2.8538
58	ç	3347	0.6262	2.7967
59	ň	2254	0.4217	2.625
60	ď	1988	0.372	2.5705
61	î	1975	0.3695	2.5676
62	ŕ	1939	0.3628	2.5597
63	ů	1683	0.3149	2.4982
64	ţ	1671	0.3126	2.495
65	ô	1589	0.2973	2.4732
66	ř	1546	0.2893	2.4613
67	ť	1401	0.2621	2.4185
68	ě	1081	0.2023	2.306
69	ë	1077	0.2015	2.3043
70	đ	989	0.185	2.2672
71	і	836	0.1564	2.1942
72	к	775	0.145	2.1614
73	ß	485	0.0907	1.9576
74	њ	472	0.0883	1.946
75	ű	434	0.0812	1.9096
76	ї	421	0.0788	1.8965
77	ő	419	0.0784	1.8943
78	ך	384	0.0718	1.8561
79	ж	346	0.0647	1.8109
80	ō	302	0.0565	1.752
81	у	294	0.055	1.7404
82	κ	272	0.0509	1.7067
83	ò	267	0.05	1.699
84	å	266	0.0498	1.6972
85	の	234	0.0438	1.6415
86	ӣ	209	0.0391	1.5922
87	ό	207	0.0387	1.5877
88	ז	200	0.0374	1.5729
89	い	194	0.0363	1.5599
90	è	186	0.0348	1.5416
91	à	165	0.0309	1.49
92	µ	162	0.0303	1.4814
93	ף	147	0.0275	1.4393
94	て	144	0.0269	1.4298
95	ã	140	0.0262	1.4183
96	ʯ	135	0.0253	1.4031
97	な	134	0.0251	1.3997
98	̨	125	0.0234	1.3692
99	た	118	0.0221	1.3444
100	ø	115	0.0215	1.3324
101	ζ	103	0.0193	1.2856
101	џ	103	0.0193	1.2856
102	る	101	0.0189	1.2765
103	ή	98	0.0183	1.2625
103	的	98	0.0183	1.2625
104	に	92	0.0172	1.2355
105	́	90	0.0168	1.2253
105	ν	90	0.0168	1.2253
106	し	88	0.0165	1.2175
107	с	86	0.0161	1.2068
108	が	85	0.0159	1.2014
109	っ	84	0.0157	1.1959
110	ώ	83	0.0155	1.1903
111	も	82	0.0153	1.1847
112	を	81	0.0152	1.1818
113	術	76	0.0142	1.1523
114	σ	74	0.0138	1.1399
115	þ	70	0.0131	1.1173
115	う	70	0.0131	1.1173
116	̇	69	0.0129	1.1106
117	ӏ	66	0.0123	1.0899
117	だ	66	0.0123	1.0899
117	我	66	0.0123	1.0899
118	ª	65	0.0122	1.0864
119	く	64	0.012	1.0792
119	は	64	0.012	1.0792
120	ū	61	0.0114	1.0569
121	と	60	0.0112	1.0492
122	れ	59	0.011	1.0414
123	º	58	0.0109	1.0374
124	で	57	0.0107	1.0294
125	遁	56	0.0105	1.0212
126	君	55	0.0103	1.0128
127	こ	54	0.0101	1.0043
127	是	54	0.0101	1.0043
128	ま	53	0.0099	0.9956
129	か	52	0.0097	0.9868
129	ん	52	0.0097	0.9868
130	け	51	0.0095	0.9777
130	ら	51	0.0095	0.9777
131	あ	49	0.0092	0.9638
131	せ	49	0.0092	0.9638
132	了	47	0.0088	0.9445
133	よ	42	0.0079	0.8976
133	分	42	0.0079	0.8976
134	不	41	0.0077	0.8865
135	き	40	0.0075	0.8751
135	そ	40	0.0075	0.8751
136	え	39	0.0073	0.8633
137	ʌ	38	0.0071	0.8513
137	ệ	38	0.0071	0.8513
137	人	38	0.0071	0.8513
138	ể	36	0.0067	0.8261
139	ӯ	35	0.0065	0.8129
139	一	35	0.0065	0.8129
140	你	34	0.0064	0.8062
140	出	34	0.0064	0.8062
141	β	33	0.0062	0.7924
142	手	32	0.006	0.7782
142	这	32	0.006	0.7782
143	つ	31	0.0058	0.7634
144	ċ	30	0.0056	0.7482
145	さ	29	0.0054	0.7324
145	り	29	0.0054	0.7324
145	们	29	0.0054	0.7324
146	他	27	0.0051	0.7076
147	好	26	0.0049	0.6902
147	影	26	0.0049	0.6902
147	身	26	0.0049	0.6902
148	ð	24	0.0045	0.6532
148	ù	24	0.0045	0.6532
148	ο	24	0.0045	0.6532
148	め	24	0.0045	0.6532
148	土	24	0.0045	0.6532
148	多	24	0.0045	0.6532
148	木	24	0.0045	0.6532
148	法	24	0.0045	0.6532
148	那	24	0.0045	0.6532
149	在	23	0.0043	0.6335
150	ȯ	22	0.0041	0.6128
151	ρ	21	0.0039	0.5911
151	す	21	0.0039	0.5911
151	ど	21	0.0039	0.5911
151	火	21	0.0039	0.5911
151	見	21	0.0039	0.5911
152	ば	20	0.0037	0.5682
152	感	20	0.0037	0.5682
152	気	20	0.0037	0.5682
152	生	20	0.0037	0.5682
153	み	19	0.0036	0.5563
153	么	19	0.0036	0.5563
153	大	19	0.0036	0.5563
153	就	19	0.0036	0.5563
153	日	19	0.0036	0.5563
153	来	19	0.0036	0.5563
153	道	19	0.0036	0.5563
154	心	18	0.0034	0.5315
154	旋	18	0.0034	0.5315
154	螺	18	0.0034	0.5315
155	今	17	0.0032	0.5051
155	尔	17	0.0032	0.5051
155	歩	17	0.0032	0.5051
155	空	17	0.0032	0.5051
155	车	17	0.0032	0.5051
155	马	17	0.0032	0.5051
156	ắ	16	0.003	0.4771
156	じ	16	0.003	0.4771
156	何	16	0.003	0.4771
156	去	16	0.003	0.4771
156	知	16	0.003	0.4771
156	風	16	0.003	0.4771
157	а	15	0.0028	0.4472
157	ס	15	0.0028	0.4472
157	寄	15	0.0028	0.4472
157	小	15	0.0028	0.4472
157	能	15	0.0028	0.4472
157	速	15	0.0028	0.4472
158	开	14	0.0026	0.415
158	快	14	0.0026	0.415
158	水	14	0.0026	0.415
158	真	14	0.0026	0.415
158	阿	14	0.0026	0.415
159	上	13	0.0024	0.3802
159	中	13	0.0024	0.3802
159	天	13	0.0024	0.3802
159	德	13	0.0024	0.3802
159	流	13	0.0024	0.3802
159	看	13	0.0024	0.3802
159	要	13	0.0024	0.3802
159	返	13	0.0024	0.3802
160	下	12	0.0022	0.3424
160	丸	12	0.0022	0.3424
160	会	12	0.0022	0.3424
160	八	12	0.0022	0.3424
160	到	12	0.0022	0.3424
160	口	12	0.0022	0.3424
160	星	12	0.0022	0.3424
160	有	12	0.0022	0.3424
160	没	12	0.0022	0.3424
160	界	12	0.0022	0.3424
160	竜	12	0.0022	0.3424
160	笑	12	0.0022	0.3424
160	胸	12	0.0022	0.3424
160	超	12	0.0022	0.3424
160	重	12	0.0022	0.3424
160	错	12	0.0022	0.3424
160	雷	12	0.0022	0.3424
161	û	11	0.0021	0.3222
161	ず	11	0.0021	0.3222
161	剣	11	0.0021	0.3222
161	力	11	0.0021	0.3222
161	吧	11	0.0021	0.3222
161	啊	11	0.0021	0.3222
161	实	11	0.0021	0.3222
161	少	11	0.0021	0.3222
161	思	11	0.0021	0.3222
161	振	11	0.0021	0.3222
161	牙	11	0.0021	0.3222
161	辆	11	0.0021	0.3222
162	ね	10	0.0019	0.2788
162	イ	10	0.0019	0.2788
162	タ	10	0.0019	0.2788
162	僕	10	0.0019	0.2788
162	卦	10	0.0019	0.2788
162	和	10	0.0019	0.2788
162	哈	10	0.0019	0.2788
162	她	10	0.0019	0.2788
162	愛	10	0.0019	0.2788
162	掌	10	0.0019	0.2788
162	涙	10	0.0019	0.2788
162	目	10	0.0019	0.2788
162	着	10	0.0019	0.2788
162	确	10	0.0019	0.2788
162	维	10	0.0019	0.2788
162	蒙	10	0.0019	0.2788
163	ș	9	0.0017	0.2304
163	о	9	0.0017	0.2304
163	ち	9	0.0017	0.2304
163	わ	9	0.0017	0.2304
163	吗	9	0.0017	0.2304
163	壁	9	0.0017	0.2304
163	嫌	9	0.0017	0.2304
163	它	9	0.0017	0.2304
163	得	9	0.0017	0.2304
163	意	9	0.0017	0.2304
163	戦	9	0.0017	0.2304
163	所	9	0.0017	0.2304
163	朝	9	0.0017	0.2304
163	消	9	0.0017	0.2304
163	炎	9	0.0017	0.2304
163	皆	9	0.0017	0.2304
163	眠	9	0.0017	0.2304
163	罗	9	0.0017	0.2304
163	行	9	0.0017	0.2304
163	裏	9	0.0017	0.2304
163	让	9	0.0017	0.2304
163	遠	9	0.0017	0.2304
163	驶	9	0.0017	0.2304
164	н	8	0.0015	0.1761
164	ё	8	0.0015	0.1761
164	世	8	0.0015	0.1761
164	个	8	0.0015	0.1761
164	也	8	0.0015	0.1761
164	于	8	0.0015	0.1761
164	以	8	0.0015	0.1761
164	但	8	0.0015	0.1761
164	切	8	0.0015	0.1761
164	四	8	0.0015	0.1761
164	圈	8	0.0015	0.1761
164	強	8	0.0015	0.1761
164	想	8	0.0015	0.1761
164	最	8	0.0015	0.1761
164	未	8	0.0015	0.1761
164	点	8	0.0015	0.1761
164	特	8	0.0015	0.1761
164	玉	8	0.0015	0.1761
164	色	8	0.0015	0.1761
164	花	8	0.0015	0.1761
164	试	8	0.0015	0.1761
164	说	8	0.0015	0.1761
164	転	8	0.0015	0.1761
164	还	8	0.0015	0.1761
164	里	8	0.0015	0.1761
165	ũ	7	0.0013	0.1139
165	ј	7	0.0013	0.1139
165	ව	7	0.0013	0.1139
165	げ	7	0.0013	0.1139
165	为	7	0.0013	0.1139
165	前	7	0.0013	0.1139
165	化	7	0.0013	0.1139
165	千	7	0.0013	0.1139
165	可	7	0.0013	0.1139
165	威	7	0.0013	0.1139
165	室	7	0.0013	0.1139
165	对	7	0.0013	0.1139
165	常	7	0.0013	0.1139
165	悲	7	0.0013	0.1139
165	情	7	0.0013	0.1139
165	方	7	0.0013	0.1139
165	时	7	0.0013	0.1139
165	明	7	0.0013	0.1139
165	樹	7	0.0013	0.1139
165	比	7	0.0013	0.1139
165	無	7	0.0013	0.1139
165	独	7	0.0013	0.1139
165	確	7	0.0013	0.1139
165	神	7	0.0013	0.1139
165	线	7	0.0013	0.1139
165	舞	7	0.0013	0.1139
165	言	7	0.0013	0.1139
165	誓	7	0.0013	0.1139
165	都	7	0.0013	0.1139
165	鉄	7	0.0013	0.1139
165	門	7	0.0013	0.1139
165	隠	7	0.0013	0.1139
165	驾	7	0.0013	0.1139
165	鳴	7	0.0013	0.1139
166	ï	6	0.0011	0.0414
166	ā	6	0.0011	0.0414
166	ʣ	6	0.0011	0.0414
166	͡	6	0.0011	0.0414
166	ほ	6	0.0011	0.0414
166	ろ	6	0.0011	0.0414
166	ク	6	0.0011	0.0414
166	ボ	6	0.0011	0.0414
166	之	6	0.0011	0.0414
166	二	6	0.0011	0.0414
166	交	6	0.0011	0.0414
166	仙	6	0.0011	0.0414
166	側	6	0.0011	0.0414
166	億	6	0.0011	0.0414
166	先	6	0.0011	0.0414
166	别	6	0.0011	0.0414
166	加	6	0.0011	0.0414
166	升	6	0.0011	0.0414
166	发	6	0.0011	0.0414
166	古	6	0.0011	0.0414
166	呟	6	0.0011	0.0414
166	変	6	0.0011	0.0414
166	孤	6	0.0011	0.0414
166	岩	6	0.0011	0.0414
166	度	6	0.0011	0.0414
166	很	6	0.0011	0.0414
166	怖	6	0.0011	0.0414
166	成	6	0.0011	0.0414
166	把	6	0.0011	0.0414
166	拳	6	0.0011	0.0414
166	時	6	0.0011	0.0414
166	月	6	0.0011	0.0414
166	用	6	0.0011	0.0414
166	直	6	0.0011	0.0414
166	秒	6	0.0011	0.0414
166	締	6	0.0011	0.0414
166	聞	6	0.0011	0.0414
166	覚	6	0.0011	0.0414
166	见	6	0.0011	0.0414
166	赛	6	0.0011	0.0414
166	过	6	0.0011	0.0414
167	μ	5	0.0009	-0.0458
167	м	5	0.0009	-0.0458
167	ア	5	0.0009	-0.0458
167	キ	5	0.0009	-0.0458
167	ド	5	0.0009	-0.0458
167	ミ	5	0.0009	-0.0458
167	乎	5	0.0009	-0.0458
167	伝	5	0.0009	-0.0458
167	包	5	0.0009	-0.0458
167	双	5	0.0009	-0.0458
167	吹	5	0.0009	-0.0458
167	哥	5	0.0009	-0.0458
167	哪	5	0.0009	-0.0458
167	因	5	0.0009	-0.0458
167	地	5	0.0009	-0.0458
167	基	5	0.0009	-0.0458
167	太	5	0.0009	-0.0458
167	奇	5	0.0009	-0.0458
167	子	5	0.0009	-0.0458
167	定	5	0.0009	-0.0458
167	巡	5	0.0009	-0.0458
167	差	5	0.0009	-0.0458
167	帯	5	0.0009	-0.0458
167	幾	5	0.0009	-0.0458
167	弯	5	0.0009	-0.0458
167	張	5	0.0009	-0.0458
167	抜	5	0.0009	-0.0458
167	换	5	0.0009	-0.0458
167	放	5	0.0009	-0.0458
167	教	5	0.0009	-0.0458
167	更	5	0.0009	-0.0458
167	极	5	0.0009	-0.0458
167	林	5	0.0009	-0.0458
167	柔	5	0.0009	-0.0458
167	样	5	0.0009	-0.0458
167	潜	5	0.0009	-0.0458
167	白	5	0.0009	-0.0458
167	离	5	0.0009	-0.0458
167	穢	5	0.0009	-0.0458
167	繰	5	0.0009	-0.0458
167	终	5	0.0009	-0.0458
167	美	5	0.0009	-0.0458
167	考	5	0.0009	-0.0458
167	背	5	0.0009	-0.0458
167	良	5	0.0009	-0.0458
167	襟	5	0.0009	-0.0458
167	誰	5	0.0009	-0.0458
167	豪	5	0.0009	-0.0458
167	送	5	0.0009	-0.0458
167	陣	5	0.0009	-0.0458
167	震	5	0.0009	-0.0458
167	鳥	5	0.0009	-0.0458
167	龍	5	0.0009	-0.0458
168	ė	4	0.0007	-0.1549
168	ı	4	0.0007	-0.1549
168	и	4	0.0007	-0.1549
168	т	4	0.0007	-0.1549
168	ය	4	0.0007	-0.1549
168	び	4	0.0007	-0.1549
168	む	4	0.0007	-0.1549
168	ゆ	4	0.0007	-0.1549
168	メ	4	0.0007	-0.1549
168	ン	4	0.0007	-0.1549
168	ー	4	0.0007	-0.1549
168	万	4	0.0007	-0.1549
168	两	4	0.0007	-0.1549
168	事	4	0.0007	-0.1549
168	什	4	0.0007	-0.1549
168	伸	4	0.0007	-0.1549
168	佐	4	0.0007	-0.1549
168	倍	4	0.0007	-0.1549
168	功	4	0.0007	-0.1549
168	匹	4	0.0007	-0.1549
168	半	4	0.0007	-0.1549
168	单	4	0.0007	-0.1549
168	只	4	0.0007	-0.1549
168	叫	4	0.0007	-0.1549
168	叶	4	0.0007	-0.1549
168	合	4	0.0007	-0.1549
168	咆	4	0.0007	-0.1549
168	哮	4	0.0007	-0.1549
168	喜	4	0.0007	-0.1549
168	器	4	0.0007	-0.1549
168	壊	4	0.0007	-0.1549
168	夜	4	0.0007	-0.1549
168	夢	4	0.0007	-0.1549
168	完	4	0.0007	-0.1549
168	尾	4	0.0007	-0.1549
168	山	4	0.0007	-0.1549
168	年	4	0.0007	-0.1549
168	强	4	0.0007	-0.1549
168	弾	4	0.0007	-0.1549
168	当	4	0.0007	-0.1549
168	形	4	0.0007	-0.1549
168	必	4	0.0007	-0.1549
168	忘	4	0.0007	-0.1549
168	怎	4	0.0007	-0.1549
168	才	4	0.0007	-0.1549
168	掀	4	0.0007	-0.1549
168	替	4	0.0007	-0.1549
168	本	4	0.0007	-0.1549
168	果	4	0.0007	-0.1549
168	段	4	0.0007	-0.1549
168	每	4	0.0007	-0.1549
168	波	4	0.0007	-0.1549
168	爱	4	0.0007	-0.1549
168	猩	4	0.0007	-0.1549
168	理	4	0.0007	-0.1549
168	留	4	0.0007	-0.1549
168	简	4	0.0007	-0.1549
168	而	4	0.0007	-0.1549
168	自	4	0.0007	-0.1549
168	觉	4	0.0007	-0.1549
168	解	4	0.0007	-0.1549
168	认	4	0.0007	-0.1549
168	起	4	0.0007	-0.1549
168	跡	4	0.0007	-0.1549
168	路	4	0.0007	-0.1549
168	輝	4	0.0007	-0.1549
168	进	4	0.0007	-0.1549
168	迷	4	0.0007	-0.1549
168	造	4	0.0007	-0.1549
168	連	4	0.0007	-0.1549
168	部	4	0.0007	-0.1549
168	闇	4	0.0007	-0.1549
168	須	4	0.0007	-0.1549
168	願	4	0.0007	-0.1549
168	高	4	0.0007	-0.1549
169	ì	3	0.0006	-0.2218
169	õ	3	0.0006	-0.2218
169	ȃ	3	0.0006	-0.2218
169	ʖ	3	0.0006	-0.2218
169	͜	3	0.0006	-0.2218
169	α	3	0.0006	-0.2218
169	ι	3	0.0006	-0.2218
169	д	3	0.0006	-0.2218
169	е	3	0.0006	-0.2218
169	р	3	0.0006	-0.2218
169	ш	3	0.0006	-0.2218
169	ґ	3	0.0006	-0.2218
169	ා	3	0.0006	-0.2218
169	ේ	3	0.0006	-0.2218
169	ọ	3	0.0006	-0.2218
169	ỏ	3	0.0006	-0.2218
169	ふ	3	0.0006	-0.2218
169	べ	3	0.0006	-0.2218
169	や	3	0.0006	-0.2218
169	ス	3	0.0006	-0.2218
169	バ	3	0.0006	-0.2218
169	マ	3	0.0006	-0.2218
169	ム	3	0.0006	-0.2218
169	ラ	3	0.0006	-0.2218
169	ル	3	0.0006	-0.2218
169	乱	3	0.0006	-0.2218
169	代	3	0.0006	-0.2218
169	众	3	0.0006	-0.2218
169	体	3	0.0006	-0.2218
169	俩	3	0.0006	-0.2218
169	候	3	0.0006	-0.2218
169	做	3	0.0006	-0.2218
169	入	3	0.0006	-0.2218
169	全	3	0.0006	-0.2218
169	具	3	0.0006	-0.2218
169	内	3	0.0006	-0.2218
169	再	3	0.0006	-0.2218
169	决	3	0.0006	-0.2218
169	几	3	0.0006	-0.2218
169	制	3	0.0006	-0.2218
169	区	3	0.0006	-0.2218
169	印	3	0.0006	-0.2218
169	友	3	0.0006	-0.2218
169	受	3	0.0006	-0.2218
169	台	3	0.0006	-0.2218
169	同	3	0.0006	-0.2218
169	后	3	0.0006	-0.2218
169	向	3	0.0006	-0.2218
169	味	3	0.0006	-0.2218
169	命	3	0.0006	-0.2218
169	哦	3	0.0006	-0.2218
169	回	3	0.0006	-0.2218
169	城	3	0.0006	-0.2218
169	場	3	0.0006	-0.2218
169	奔	3	0.0006	-0.2218
169	宵	3	0.0006	-0.2218
169	家	3	0.0006	-0.2218
169	封	3	0.0006	-0.2218
169	届	3	0.0006	-0.2218
169	幻	3	0.0006	-0.2218
169	式	3	0.0006	-0.2218
169	引	3	0.0006	-0.2218
169	後	3	0.0006	-0.2218
169	承	3	0.0006	-0.2218
169	持	3	0.0006	-0.2218
169	擎	3	0.0006	-0.2218
169	故	3	0.0006	-0.2218
169	斬	3	0.0006	-0.2218
169	无	3	0.0006	-0.2218
169	格	3	0.0006	-0.2218
169	求	3	0.0006	-0.2218
169	海	3	0.0006	-0.2218
169	炮	3	0.0006	-0.2218
169	然	3	0.0006	-0.2218
169	物	3	0.0006	-0.2218
169	狐	3	0.0006	-0.2218
169	狼	3	0.0006	-0.2218
169	球	3	0.0006	-0.2218
169	番	3	0.0006	-0.2218
169	眼	3	0.0006	-0.2218
169	秘	3	0.0006	-0.2218
169	移	3	0.0006	-0.2218
169	穿	3	0.0006	-0.2218
169	第	3	0.0006	-0.2218
169	给	3	0.0006	-0.2218
169	葉	3	0.0006	-0.2218
169	蟲	3	0.0006	-0.2218
169	裂	3	0.0006	-0.2218
169	誘	3	0.0006	-0.2218
169	计	3	0.0006	-0.2218
169	话	3	0.0006	-0.2218
169	走	3	0.0006	-0.2218
169	足	3	0.0006	-0.2218
169	转	3	0.0006	-0.2218
169	轮	3	0.0006	-0.2218
169	较	3	0.0006	-0.2218
169	通	3	0.0006	-0.2218
169	鎖	3	0.0006	-0.2218
169	钢	3	0.0006	-0.2218
169	降	3	0.0006	-0.2218
169	離	3	0.0006	-0.2218
169	面	3	0.0006	-0.2218
169	鞠	3	0.0006	-0.2218
169	须	3	0.0006	-0.2218
169	风	3	0.0006	-0.2218
169	飛	3	0.0006	-0.2218
169	驰	3	0.0006	-0.2218
169	ﬂ	3	0.0006	-0.2218
170	ĭ	2	0.0004	-0.3979
170	ĸ	2	0.0004	-0.3979
170	ʏ	2	0.0004	-0.3979
170	л	2	0.0004	-0.3979
170	ч	2	0.0004	-0.3979
170	ы	2	0.0004	-0.3979
170	я	2	0.0004	-0.3979
170	ආ	2	0.0004	-0.3979
170	ජ	2	0.0004	-0.3979
170	බ	2	0.0004	-0.3979
170	ෝ	2	0.0004	-0.3979
170	お	2	0.0004	-0.3979
170	ぬ	2	0.0004	-0.3979
170	ゃ	2	0.0004	-0.3979
170	ゅ	2	0.0004	-0.3979
170	ょ	2	0.0004	-0.3979
170	ィ	2	0.0004	-0.3979
170	ズ	2	0.0004	-0.3979
170	ダ	2	0.0004	-0.3979
170	モ	2	0.0004	-0.3979
170	七	2	0.0004	-0.3979
170	三	2	0.0004	-0.3979
170	且	2	0.0004	-0.3979
170	並	2	0.0004	-0.3979
170	乡	2	0.0004	-0.3979
170	些	2	0.0004	-0.3979
170	住	2	0.0004	-0.3979
170	修	2	0.0004	-0.3979
170	像	2	0.0004	-0.3979
170	優	2	0.0004	-0.3979
170	克	2	0.0004	-0.3979
170	公	2	0.0004	-0.3979
170	冲	2	0.0004	-0.3979
170	况	2	0.0004	-0.3979
170	准	2	0.0004	-0.3979
170	刚	2	0.0004	-0.3979
170	剥	2	0.0004	-0.3979
170	办	2	0.0004	-0.3979
170	動	2	0.0004	-0.3979
170	压	2	0.0004	-0.3979
170	原	2	0.0004	-0.3979
170	变	2	0.0004	-0.3979
170	名	2	0.0004	-0.3979
170	吨	2	0.0004	-0.3979
170	呢	2	0.0004	-0.3979
170	啥	2	0.0004	-0.3979
170	培	2	0.0004	-0.3979
170	塔	2	0.0004	-0.3979
170	塵	2	0.0004	-0.3979
170	增	2	0.0004	-0.3979
170	声	2	0.0004	-0.3979
170	复	2	0.0004	-0.3979
170	夫	2	0.0004	-0.3979
170	失	2	0.0004	-0.3979
170	头	2	0.0004	-0.3979
170	女	2	0.0004	-0.3979
170	如	2	0.0004	-0.3979
170	始	2	0.0004	-0.3979
170	姓	2	0.0004	-0.3979
170	季	2	0.0004	-0.3979
170	守	2	0.0004	-0.3979
170	宝	2	0.0004	-0.3979
170	将	2	0.0004	-0.3979
170	尽	2	0.0004	-0.3979
170	居	2	0.0004	-0.3979
170	岸	2	0.0004	-0.3979
170	工	2	0.0004	-0.3979
170	左	2	0.0004	-0.3979
170	巨	2	0.0004	-0.3979
170	带	2	0.0004	-0.3979
170	幸	2	0.0004	-0.3979
170	应	2	0.0004	-0.3979
170	底	2	0.0004	-0.3979
170	庞	2	0.0004	-0.3979
170	座	2	0.0004	-0.3979
170	彻	2	0.0004	-0.3979
170	恋	2	0.0004	-0.3979
170	憶	2	0.0004	-0.3979
170	战	2	0.0004	-0.3979
170	指	2	0.0004	-0.3979
170	挺	2	0.0004	-0.3979
170	排	2	0.0004	-0.3979
170	控	2	0.0004	-0.3979
170	撞	2	0.0004	-0.3979
170	数	2	0.0004	-0.3979
170	新	2	0.0004	-0.3979
170	昨	2	0.0004	-0.3979
170	晚	2	0.0004	-0.3979
170	景	2	0.0004	-0.3979
170	朽	2	0.0004	-0.3979
170	条	2	0.0004	-0.3979
170	棒	2	0.0004	-0.3979
170	欢	2	0.0004	-0.3979
170	欲	2	0.0004	-0.3979
170	正	2	0.0004	-0.3979
170	涡	2	0.0004	-0.3979
170	温	2	0.0004	-0.3979
170	滅	2	0.0004	-0.3979
170	漂	2	0.0004	-0.3979
170	灰	2	0.0004	-0.3979
170	烫	2	0.0004	-0.3979
170	焦	2	0.0004	-0.3979
170	爆	2	0.0004	-0.3979
170	獣	2	0.0004	-0.3979
170	现	2	0.0004	-0.3979
170	相	2	0.0004	-0.3979
170	省	2	0.0004	-0.3979
170	瞳	2	0.0004	-0.3979
170	砲	2	0.0004	-0.3979
170	稍	2	0.0004	-0.3979
170	究	2	0.0004	-0.3979
170	箱	2	0.0004	-0.3979
170	節	2	0.0004	-0.3979
170	米	2	0.0004	-0.3979
170	类	2	0.0004	-0.3979
170	糕	2	0.0004	-0.3979
170	紫	2	0.0004	-0.3979
170	結	2	0.0004	-0.3979
170	经	2	0.0004	-0.3979
170	结	2	0.0004	-0.3979
170	缓	2	0.0004	-0.3979
170	者	2	0.0004	-0.3979
170	肯	2	0.0004	-0.3979
170	胖	2	0.0004	-0.3979
170	臨	2	0.0004	-0.3979
170	菲	2	0.0004	-0.3979
170	落	2	0.0004	-0.3979
170	薄	2	0.0004	-0.3979
170	蛋	2	0.0004	-0.3979
170	街	2	0.0004	-0.3979
170	表	2	0.0004	-0.3979
170	裤	2	0.0004	-0.3979
170	褪	2	0.0004	-0.3979
170	記	2	0.0004	-0.3979
170	设	2	0.0004	-0.3979
170	证	2	0.0004	-0.3979
170	谁	2	0.0004	-0.3979
170	谢	2	0.0004	-0.3979
170	赤	2	0.0004	-0.3979
170	跑	2	0.0004	-0.3979
170	軽	2	0.0004	-0.3979
170	近	2	0.0004	-0.3979
170	迹	2	0.0004	-0.3979
170	途	2	0.0004	-0.3979
170	邪	2	0.0004	-0.3979
170	释	2	0.0004	-0.3979
170	鏡	2	0.0004	-0.3979
170	镑	2	0.0004	-0.3979
170	长	2	0.0004	-0.3979
170	閉	2	0.0004	-0.3979
170	開	2	0.0004	-0.3979
170	間	2	0.0004	-0.3979
170	預	2	0.0004	-0.3979
170	顔	2	0.0004	-0.3979
170	首	2	0.0004	-0.3979
170	驱	2	0.0004	-0.3979
170	鬼	2	0.0004	-0.3979
170	魔	2	0.0004	-0.3979
171	ī	1	0.0002	-0.699
171	ŝ	1	0.0002	-0.699
171	ơ	1	0.0002	-0.699
171	ư	1	0.0002	-0.699
171	ʘ	1	0.0002	-0.699
171	έ	1	0.0002	-0.699
171	γ	1	0.0002	-0.699
171	η	1	0.0002	-0.699
171	λ	1	0.0002	-0.699
171	υ	1	0.0002	-0.699
171	б	1	0.0002	-0.699
171	в	1	0.0002	-0.699
171	п	1	0.0002	-0.699
171	ф	1	0.0002	-0.699
171	х	1	0.0002	-0.699
171	න	1	0.0002	-0.699
171	්	1	0.0002	-0.699
171	ි	1	0.0002	-0.699
171	ු	1	0.0002	-0.699
171	ề	1	0.0002	-0.699
171	ỹ	1	0.0002	-0.699
171	々	1	0.0002	-0.699
171	ぁ	1	0.0002	-0.699
171	ぎ	1	0.0002	-0.699
171	ぐ	1	0.0002	-0.699
171	ご	1	0.0002	-0.699
171	ぜ	1	0.0002	-0.699
171	ひ	1	0.0002	-0.699
171	ぶ	1	0.0002	-0.699
171	ぼ	1	0.0002	-0.699
171	ぽ	1	0.0002	-0.699
171	ガ	1	0.0002	-0.699
171	サ	1	0.0002	-0.699
171	ジ	1	0.0002	-0.699
171	セ	1	0.0002	-0.699
171	ッ	1	0.0002	-0.699
171	デ	1	0.0002	-0.699
171	ニ	1	0.0002	-0.699
171	ノ	1	0.0002	-0.699
171	ハ	1	0.0002	-0.699
171	フ	1	0.0002	-0.699
171	ャ	1	0.0002	-0.699
171	レ	1	0.0002	-0.699
171	ロ	1	0.0002	-0.699
171	与	1	0.0002	-0.699
171	丑	1	0.0002	-0.699
171	东	1	0.0002	-0.699
171	両	1	0.0002	-0.699
171	乐	1	0.0002	-0.699
171	乘	1	0.0002	-0.699
171	享	1	0.0002	-0.699
171	亮	1	0.0002	-0.699
171	从	1	0.0002	-0.699
171	仕	1	0.0002	-0.699
171	价	1	0.0002	-0.699
171	伙	1	0.0002	-0.699
171	传	1	0.0002	-0.699
171	伤	1	0.0002	-0.699
171	似	1	0.0002	-0.699
171	位	1	0.0002	-0.699
171	余	1	0.0002	-0.699
171	作	1	0.0002	-0.699
171	佩	1	0.0002	-0.699
171	併	1	0.0002	-0.699
171	侧	1	0.0002	-0.699
171	俗	1	0.0002	-0.699
171	保	1	0.0002	-0.699
171	信	1	0.0002	-0.699
171	値	1	0.0002	-0.699
171	偏	1	0.0002	-0.699
171	停	1	0.0002	-0.699
171	傷	1	0.0002	-0.699
171	儚	1	0.0002	-0.699
171	元	1	0.0002	-0.699
171	兄	1	0.0002	-0.699
171	光	1	0.0002	-0.699
171	党	1	0.0002	-0.699
171	兰	1	0.0002	-0.699
171	共	1	0.0002	-0.699
171	写	1	0.0002	-0.699
171	冷	1	0.0002	-0.699
171	凍	1	0.0002	-0.699
171	减	1	0.0002	-0.699
171	処	1	0.0002	-0.699
171	刀	1	0.0002	-0.699
171	刃	1	0.0002	-0.699
171	判	1	0.0002	-0.699
171	別	1	0.0002	-0.699
171	刹	1	0.0002	-0.699
171	刻	1	0.0002	-0.699
171	剛	1	0.0002	-0.699
171	动	1	0.0002	-0.699
171	励	1	0.0002	-0.699
171	劲	1	0.0002	-0.699
171	势	1	0.0002	-0.699
171	北	1	0.0002	-0.699
171	匙	1	0.0002	-0.699
171	匪	1	0.0002	-0.699
171	十	1	0.0002	-0.699
171	南	1	0.0002	-0.699
171	卧	1	0.0002	-0.699
171	危	1	0.0002	-0.699
171	即	1	0.0002	-0.699
171	却	1	0.0002	-0.699
171	又	1	0.0002	-0.699
171	反	1	0.0002	-0.699
171	史	1	0.0002	-0.699
171	右	1	0.0002	-0.699
171	吉	1	0.0002	-0.699
171	吖	1	0.0002	-0.699
171	否	1	0.0002	-0.699
171	吵	1	0.0002	-0.699
171	呐	1	0.0002	-0.699
171	员	1	0.0002	-0.699
171	呼	1	0.0002	-0.699
171	咦	1	0.0002	-0.699
171	咱	1	0.0002	-0.699
171	品	1	0.0002	-0.699
171	响	1	0.0002	-0.699
171	唄	1	0.0002	-0.699
171	售	1	0.0002	-0.699
171	唯	1	0.0002	-0.699
171	啦	1	0.0002	-0.699
171	嘲	1	0.0002	-0.699
171	围	1	0.0002	-0.699
171	国	1	0.0002	-0.699
171	场	1	0.0002	-0.699
171	块	1	0.0002	-0.699
171	坚	1	0.0002	-0.699
171	坨	1	0.0002	-0.699
171	型	1	0.0002	-0.699
171	域	1	0.0002	-0.699
171	堡	1	0.0002	-0.699
171	塚	1	0.0002	-0.699
171	士	1	0.0002	-0.699
171	备	1	0.0002	-0.699
171	外	1	0.0002	-0.699
171	够	1	0.0002	-0.699
171	夭	1	0.0002	-0.699
171	夷	1	0.0002	-0.699
171	奥	1	0.0002	-0.699
171	奪	1	0.0002	-0.699
171	姆	1	0.0002	-0.699
171	孔	1	0.0002	-0.699
171	字	1	0.0002	-0.699
171	学	1	0.0002	-0.699
171	宛	1	0.0002	-0.699
171	客	1	0.0002	-0.699
171	宽	1	0.0002	-0.699
171	寂	1	0.0002	-0.699
171	密	1	0.0002	-0.699
171	寝	1	0.0002	-0.699
171	射	1	0.0002	-0.699
171	屁	1	0.0002	-0.699
171	屋	1	0.0002	-0.699
171	屍	1	0.0002	-0.699
171	展	1	0.0002	-0.699
171	屠	1	0.0002	-0.699
171	層	1	0.0002	-0.699
171	嵐	1	0.0002	-0.699
171	巧	1	0.0002	-0.699
171	己	1	0.0002	-0.699
171	已	1	0.0002	-0.699
171	巻	1	0.0002	-0.699
171	布	1	0.0002	-0.699
171	师	1	0.0002	-0.699
171	帮	1	0.0002	-0.699
171	幕	1	0.0002	-0.699
171	干	1	0.0002	-0.699
171	平	1	0.0002	-0.699
171	并	1	0.0002	-0.699
171	幼	1	0.0002	-0.699
171	広	1	0.0002	-0.699
171	序	1	0.0002	-0.699
171	店	1	0.0002	-0.699
171	延	1	0.0002	-0.699
171	弟	1	0.0002	-0.699
171	彰	1	0.0002	-0.699
171	往	1	0.0002	-0.699
171	忍	1	0.0002	-0.699
171	志	1	0.0002	-0.699
171	念	1	0.0002	-0.699
171	忽	1	0.0002	-0.699
171	急	1	0.0002	-0.699
171	性	1	0.0002	-0.699
171	怪	1	0.0002	-0.699
171	总	1	0.0002	-0.699
171	恐	1	0.0002	-0.699
171	悔	1	0.0002	-0.699
171	您	1	0.0002	-0.699
171	惬	1	0.0002	-0.699
171	愚	1	0.0002	-0.699
171	憎	1	0.0002	-0.699
171	或	1	0.0002	-0.699
171	戟	1	0.0002	-0.699
171	截	1	0.0002	-0.699
171	打	1	0.0002	-0.699
171	抓	1	0.0002	-0.699
171	折	1	0.0002	-0.699
171	拢	1	0.0002	-0.699
171	拼	1	0.0002	-0.699
171	拾	1	0.0002	-0.699
171	挫	1	0.0002	-0.699
171	挿	1	0.0002	-0.699
171	捷	1	0.0002	-0.699
171	掛	1	0.0002	-0.699
171	探	1	0.0002	-0.699
171	接	1	0.0002	-0.699
171	描	1	0.0002	-0.699
171	握	1	0.0002	-0.699
171	損	1	0.0002	-0.699
171	搞	1	0.0002	-0.699
171	摧	1	0.0002	-0.699
171	撃	1	0.0002	-0.699
171	操	1	0.0002	-0.699
171	攻	1	0.0002	-0.699
171	敌	1	0.0002	-0.699
171	敞	1	0.0002	-0.699
171	整	1	0.0002	-0.699
171	文	1	0.0002	-0.699
171	斑	1	0.0002	-0.699
171	斯	1	0.0002	-0.699
171	施	1	0.0002	-0.699
171	旅	1	0.0002	-0.699
171	春	1	0.0002	-0.699
171	昼	1	0.0002	-0.699
171	智	1	0.0002	-0.699
171	暗	1	0.0002	-0.699
171	暴	1	0.0002	-0.699
171	服	1	0.0002	-0.699
171	末	1	0.0002	-0.699
171	杀	1	0.0002	-0.699
171	杂	1	0.0002	-0.699
171	杜	1	0.0002	-0.699
171	杰	1	0.0002	-0.699
171	某	1	0.0002	-0.699
171	查	1	0.0002	-0.699
171	核	1	0.0002	-0.699
171	根	1	0.0002	-0.699
171	梅	1	0.0002	-0.699
171	棍	1	0.0002	-0.699
171	棚	1	0.0002	-0.699
171	棺	1	0.0002	-0.699
171	楚	1	0.0002	-0.699
171	概	1	0.0002	-0.699
171	榨	1	0.0002	-0.699
171	構	1	0.0002	-0.699
171	槍	1	0.0002	-0.699
171	機	1	0.0002	-0.699
171	次	1	0.0002	-0.699
171	欧	1	0.0002	-0.699
171	歌	1	0.0002	-0.699
171	此	1	0.0002	-0.699
171	武	1	0.0002	-0.699
171	死	1	0.0002	-0.699
171	毁	1	0.0002	-0.699
171	永	1	0.0002	-0.699
171	汉	1	0.0002	-0.699
171	決	1	0.0002	-0.699
171	汽	1	0.0002	-0.699
171	沫	1	0.0002	-0.699
171	河	1	0.0002	-0.699
171	油	1	0.0002	-0.699
171	沿	1	0.0002	-0.699
171	泡	1	0.0002	-0.699
171	注	1	0.0002	-0.699
171	派	1	0.0002	-0.699
171	混	1	0.0002	-0.699
171	清	1	0.0002	-0.699
171	游	1	0.0002	-0.699
171	満	1	0.0002	-0.699
171	溶	1	0.0002	-0.699
171	漠	1	0.0002	-0.699
171	激	1	0.0002	-0.699
171	灼	1	0.0002	-0.699
171	炫	1	0.0002	-0.699
171	為	1	0.0002	-0.699
171	烈	1	0.0002	-0.699
171	烛	1	0.0002	-0.699
171	烤	1	0.0002	-0.699
171	煌	1	0.0002	-0.699
171	照	1	0.0002	-0.699
171	熊	1	0.0002	-0.699
171	熔	1	0.0002	-0.699
171	熱	1	0.0002	-0.699
171	版	1	0.0002	-0.699
171	犂	1	0.0002	-0.699
171	犬	1	0.0002	-0.699
171	犯	1	0.0002	-0.699
171	猎	1	0.0002	-0.699
171	玩	1	0.0002	-0.699
171	瑞	1	0.0002	-0.699
171	産	1	0.0002	-0.699
171	电	1	0.0002	-0.699
171	男	1	0.0002	-0.699
171	略	1	0.0002	-0.699
171	痛	1	0.0002	-0.699
171	百	1	0.0002	-0.699
171	皚	1	0.0002	-0.699
171	益	1	0.0002	-0.699
171	盘	1	0.0002	-0.699
171	眉	1	0.0002	-0.699
171	瞧	1	0.0002	-0.699
171	瞬	1	0.0002	-0.699
171	矫	1	0.0002	-0.699
171	石	1	0.0002	-0.699
171	砂	1	0.0002	-0.699
171	研	1	0.0002	-0.699
171	破	1	0.0002	-0.699
171	示	1	0.0002	-0.699
171	祭	1	0.0002	-0.699
171	福	1	0.0002	-0.699
171	私	1	0.0002	-0.699
171	种	1	0.0002	-0.699
171	科	1	0.0002	-0.699
171	程	1	0.0002	-0.699
171	稳	1	0.0002	-0.699
171	穹	1	0.0002	-0.699
171	立	1	0.0002	-0.699
171	笛	1	0.0002	-0.699
171	等	1	0.0002	-0.699
171	算	1	0.0002	-0.699
171	管	1	0.0002	-0.699
171	篷	1	0.0002	-0.699
171	粉	1	0.0002	-0.699
171	糖	1	0.0002	-0.699
171	紅	1	0.0002	-0.699
171	素	1	0.0002	-0.699
171	紡	1	0.0002	-0.699
171	組	1	0.0002	-0.699
171	絆	1	0.0002	-0.699
171	経	1	0.0002	-0.699
171	絡	1	0.0002	-0.699
171	絵	1	0.0002	-0.699
171	絶	1	0.0002	-0.699
171	続	1	0.0002	-0.699
171	網	1	0.0002	-0.699
171	縛	1	0.0002	-0.699
171	縫	1	0.0002	-0.699
171	繋	1	0.0002	-0.699
171	红	1	0.0002	-0.699
171	纲	1	0.0002	-0.699
171	续	1	0.0002	-0.699
171	罪	1	0.0002	-0.699
171	羅	1	0.0002	-0.699
171	羽	1	0.0002	-0.699
171	翔	1	0.0002	-0.699
171	耐	1	0.0002	-0.699
171	聊	1	0.0002	-0.699
171	肉	1	0.0002	-0.699
171	肝	1	0.0002	-0.699
171	股	1	0.0002	-0.699
171	育	1	0.0002	-0.699
171	脈	1	0.0002	-0.699
171	脚	1	0.0002	-0.699
171	舔	1	0.0002	-0.699
171	航	1	0.0002	-0.699
171	船	1	0.0002	-0.699
171	苏	1	0.0002	-0.699
171	苛	1	0.0002	-0.699
171	若	1	0.0002	-0.699
171	英	1	0.0002	-0.699
171	范	1	0.0002	-0.699
171	荷	1	0.0002	-0.699
171	華	1	0.0002	-0.699
171	萃	1	0.0002	-0.699
171	葬	1	0.0002	-0.699
171	蒸	1	0.0002	-0.699
171	蒼	1	0.0002	-0.699
171	蓮	1	0.0002	-0.699
171	蔭	1	0.0002	-0.699
171	薪	1	0.0002	-0.699
171	虎	1	0.0002	-0.699
171	虫	1	0.0002	-0.699
171	蛙	1	0.0002	-0.699
171	蜡	1	0.0002	-0.699
171	融	1	0.0002	-0.699
171	血	1	0.0002	-0.699
171	袋	1	0.0002	-0.699
171	被	1	0.0002	-0.699
171	装	1	0.0002	-0.699
171	襲	1	0.0002	-0.699
171	西	1	0.0002	-0.699
171	覆	1	0.0002	-0.699
171	覧	1	0.0002	-0.699
171	视	1	0.0002	-0.699
171	角	1	0.0002	-0.699
171	詹	1	0.0002	-0.699
171	誕	1	0.0002	-0.699
171	読	1	0.0002	-0.699
171	調	1	0.0002	-0.699
171	謎	1	0.0002	-0.699
171	议	1	0.0002	-0.699
171	该	1	0.0002	-0.699
171	请	1	0.0002	-0.699
171	贈	1	0.0002	-0.699
171	质	1	0.0002	-0.699
171	贵	1	0.0002	-0.699
171	赖	1	0.0002	-0.699
171	赢	1	0.0002	-0.699
171	趋	1	0.0002	-0.699
171	跪	1	0.0002	-0.699
171	車	1	0.0002	-0.699
171	載	1	0.0002	-0.699
171	輪	1	0.0002	-0.699
171	远	1	0.0002	-0.699
171	迫	1	0.0002	-0.699
171	迸	1	0.0002	-0.699
171	选	1	0.0002	-0.699
171	遇	1	0.0002	-0.699
171	運	1	0.0002	-0.699
171	過	1	0.0002	-0.699
171	郊	1	0.0002	-0.699
171	酒	1	0.0002	-0.699
171	酷	1	0.0002	-0.699
171	量	1	0.0002	-0.699
171	鉴	1	0.0002	-0.699
171	錠	1	0.0002	-0.699
171	钥	1	0.0002	-0.699
171	長	1	0.0002	-0.699
171	閃	1	0.0002	-0.699
171	闪	1	0.0002	-0.699
171	问	1	0.0002	-0.699
171	间	1	0.0002	-0.699
171	际	1	0.0002	-0.699
171	限	1	0.0002	-0.699
171	除	1	0.0002	-0.699
171	陽	1	0.0002	-0.699
171	随	1	0.0002	-0.699
171	隷	1	0.0002	-0.699
171	难	1	0.0002	-0.699
171	雀	1	0.0002	-0.699
171	集	1	0.0002	-0.699
171	雨	1	0.0002	-0.699
171	雲	1	0.0002	-0.699
171	零	1	0.0002	-0.699
171	需	1	0.0002	-0.699
171	霊	1	0.0002	-0.699
171	霞	1	0.0002	-0.699
171	霸	1	0.0002	-0.699
171	青	1	0.0002	-0.699
171	非	1	0.0002	-0.699
171	靠	1	0.0002	-0.699
171	音	1	0.0002	-0.699
171	響	1	0.0002	-0.699
171	頬	1	0.0002	-0.699
171	頭	1	0.0002	-0.699
171	顶	1	0.0002	-0.699
171	预	1	0.0002	-0.699
171	领	1	0.0002	-0.699
171	题	1	0.0002	-0.699
171	飚	1	0.0002	-0.699
171	飞	1	0.0002	-0.699
171	験	1	0.0002	-0.699
171	髦	1	0.0002	-0.699
171	鮮	1	0.0002	-0.699
171	鱗	1	0.0002	-0.699
171	鹰	1	0.0002	-0.699
171	黒	1	0.0002	-0.699
171	黯	1	0.0002	-0.699
171	龟	1	0.0002	-0.699
171	랑	1	0.0002	-0.699
171	신	1	0.0002	-0.699
