Rank	Character	Frequency	Frequency per million	Zipf value
1	e	495757742	115021.555	8.0608
2	a	475338238	110283.9929	8.0425
3	i	421644645	97826.4556	7.9905
4	t	302263285	70128.5933	7.8459
5	u	277569004	64399.2332	7.8089
6	n	276665550	64189.6214	7.8075
7	r	259618249	60234.4496	7.7798
8	c	232500541	53942.8263	7.7319
9	s	201470230	46743.4337	7.6697
10	o	177189569	41110.0383	7.6139
11	m	166840385	38708.9074	7.5878
12	l	163217671	37868.3957	7.5783
13	ă	151467390	35142.194	7.5458
14	d	140751629	32656.0129	7.514
15	p	125281809	29066.835	7.4634
16	v	64501141	14965.014	7.1751
17	f	53473810	12406.5451	7.0937
18	b	51542432	11958.443	7.0777
19	ş	42742054	9916.653	6.9964
20	g	40881623	9485.0114	6.977
21	î	40315240	9353.604	6.971
22	ţ	36931330	8568.4976	6.9329
23	z	28298602	6565.6044	6.8173
24	h	23355499	5418.7471	6.7339
25	â	22074109	5121.4497	6.7094
26	j	12791619	2967.8042	6.4724
27	y	6647699	1542.3434	6.1882
28	k	6148766	1426.5851	6.1543
29	x	4541690	1053.7248	6.0227
30	w	3095305	718.1467	5.8562
31	ș	2073694	481.1211	5.6823
32	ț	1686068	391.1874	5.5924
33	ã	743013	172.3876	5.2365
34	q	286365	66.44	4.8224
35	þ	64802	15.0348	4.1771
36	º	64262	14.9095	4.1735
37	é	56722	13.1602	4.1193
38	ä	30135	6.9917	3.8446
39	ĺ	22418	5.2012	3.7161
40	ü	17089	3.9648	3.5982
41	á	16158	3.7488	3.5739
42	í	13179	3.0577	3.4854
43	ª	11227	2.6048	3.4158
44	ö	10005	2.3213	3.3657
45	ˇ	9820	2.2784	3.3576
46	ó	9739	2.2596	3.354
47	ł	9168	2.1271	3.3278
48	č	9162	2.1257	3.3275
49	ç	6876	1.5953	3.2028
50	ń	6692	1.5526	3.1911
51	ž	6045	1.4025	3.1469
52	š	4133	0.9589	2.9818
53	ż	3903	0.9055	2.9569
54	è	3706	0.8598	2.9344
55	ú	3203	0.7431	2.871
56	ŕ	3163	0.7339	2.8656
57	ý	2917	0.6768	2.8305
58	ć	2859	0.6633	2.8217
59	ľ	2718	0.6306	2.7998
60	ű	1848	0.4288	2.6323
61	ô	1828	0.4241	2.6275
62	ë	1688	0.3916	2.5928
63	ř	1648	0.3824	2.5825
64	ś	1600	0.3712	2.5696
65	æ	1436	0.3332	2.5227
66	ę	1408	0.3267	2.5141
67	ñ	1063	0.2466	2.392
68	đ	1015	0.2355	2.372
69	ο	993	0.2304	2.3625
70	ι	951	0.2206	2.3436
71	ď	945	0.2193	2.341
72	ź	887	0.2058	2.3134
73	ť	882	0.2046	2.3109
74	ě	881	0.2044	2.3105
75	ň	839	0.1947	2.2894
76	р	762	0.1768	2.2475
77	à	756	0.1754	2.244
78	ï	699	0.1622	2.2101
79	å	661	0.1534	2.1858
80	μ	572	0.1327	2.1229
81	ů	432	0.1002	2.0009
82	ő	406	0.0942	1.9741
83	ì	380	0.0882	1.9455
84	ø	370	0.0858	1.9335
85	а	361	0.0838	1.9232
86	ą	335	0.0777	1.8904
87	ν	332	0.077	1.8865
88	с	318	0.0738	1.8681
89	ƒ	313	0.0726	1.8609
90	ê	281	0.0652	1.8142
91	ß	230	0.0534	1.7275
91	ί	230	0.0534	1.7275
92	œ	228	0.0529	1.7235
93	ð	227	0.0527	1.7218
94	α	208	0.0483	1.6839
95	о	197	0.0457	1.6599
96	ù	188	0.0436	1.6395
97	ō	181	0.042	1.6232
98	ğ	178	0.0413	1.616
99	β	176	0.0408	1.6107
100	е	167	0.0387	1.5877
101	ﬁ	165	0.0383	1.5832
102	τ	164	0.038	1.5798
103	ε	153	0.0355	1.5502
104	м	144	0.0334	1.5237
105	õ	131	0.0304	1.4829
106	ū	128	0.0297	1.4728
107	µ	116	0.0269	1.4298
108	η	104	0.0241	1.382
109	ı	95	0.022	1.3424
110	ò	86	0.02	1.301
110	у	86	0.02	1.301
111	ρ	82	0.019	1.2788
112	ѕ	76	0.0176	1.2455
113	ǎ	74	0.0172	1.2355
113	т	74	0.0172	1.2355
114	κ	54	0.0125	1.0969
115	і	53	0.0123	1.0899
116	カ	52	0.0121	1.0828
117	ا	51	0.0118	1.0719
118	ÿ	50	0.0116	1.0645
119	û	46	0.0107	1.0294
120	ن	39	0.009	0.9542
120	ي	39	0.009	0.9542
121	ή	37	0.0086	0.9345
121	н	37	0.0086	0.9345
122	и	35	0.0081	0.9085
123	к	34	0.0079	0.8976
124	д	30	0.007	0.8451
125	ζ	29	0.0067	0.8261
125	п	29	0.0067	0.8261
126	̇	28	0.0065	0.8129
126	ت	28	0.0065	0.8129
127	胶	27	0.0063	0.7993
128	م	25	0.0058	0.7634
129	娴	24	0.0056	0.7482
129	ﬂ	24	0.0056	0.7482
130	ī	23	0.0053	0.7243
130	鈾	23	0.0053	0.7243
131	و	22	0.0051	0.7076
132	в	21	0.0049	0.6902
132	л	21	0.0049	0.6902
132	ه	21	0.0049	0.6902
133	ر	20	0.0046	0.6628
134	σ	18	0.0042	0.6232
134	س	18	0.0042	0.6232
134	府	18	0.0042	0.6232
135	й	17	0.0039	0.5911
135	њ	17	0.0039	0.5911
135	ل	17	0.0039	0.5911
136	б	16	0.0037	0.5682
136	я	16	0.0037	0.5682
136	ו	16	0.0037	0.5682
136	ר	16	0.0037	0.5682
136	ك	16	0.0037	0.5682
137	з	15	0.0035	0.5441
137	ộ	15	0.0035	0.5441
138	г	14	0.0032	0.5051
138	х	14	0.0032	0.5051
138	ъ	14	0.0032	0.5051
138	י	14	0.0032	0.5051
138	خ	14	0.0032	0.5051
139	γ	13	0.003	0.4771
139	λ	13	0.003	0.4771
139	υ	13	0.003	0.4771
139	ب	13	0.003	0.4771
139	د	13	0.003	0.4771
140	ā	12	0.0028	0.4472
140	ق	12	0.0028	0.4472
140	ः	12	0.0028	0.4472
141	ġ	11	0.0026	0.415
141	ж	11	0.0026	0.415
141	ح	11	0.0026	0.415
141	ف	11	0.0026	0.415
141	ک	11	0.0026	0.415
142	ά	9	0.0021	0.3222
142	ק	9	0.0021	0.3222
142	ව	9	0.0021	0.3222
142	绢	9	0.0021	0.3222
142	聪	9	0.0021	0.3222
143	π	8	0.0019	0.2788
143	ч	8	0.0019	0.2788
143	ш	8	0.0019	0.2788
143	ת	8	0.0019	0.2788
143	أ	8	0.0019	0.2788
143	ج	8	0.0019	0.2788
143	ى	8	0.0019	0.2788
143	叔	8	0.0019	0.2788
144	θ	7	0.0016	0.2041
144	ь	7	0.0016	0.2041
144	ї	7	0.0016	0.2041
144	א	7	0.0016	0.2041
144	ש	7	0.0016	0.2041
144	捞	7	0.0016	0.2041
145	δ	6	0.0014	0.1461
145	φ	6	0.0014	0.1461
145	щ	6	0.0014	0.1461
145	ј	6	0.0014	0.1461
145	מ	6	0.0014	0.1461
145	ص	6	0.0014	0.1461
145	ع	6	0.0014	0.1461
145	ڻ	6	0.0014	0.1461
145	ය	6	0.0014	0.1461
145	令	6	0.0014	0.1461
145	农	6	0.0014	0.1461
145	决	6	0.0014	0.1461
145	努	6	0.0014	0.1461
145	廓	6	0.0014	0.1461
145	滚	6	0.0014	0.1461
145	畔	6	0.0014	0.1461
145	福	6	0.0014	0.1461
145	靛	6	0.0014	0.1461
145	飘	6	0.0014	0.1461
145	饭	6	0.0014	0.1461
145	骇	6	0.0014	0.1461
146	ĳ	5	0.0012	0.0792
146	ω	5	0.0012	0.0792
146	ה	5	0.0012	0.0792
146	成	5	0.0012	0.0792
147	ʈ	4	0.0009	-0.0458
147	ʌ	4	0.0009	-0.0458
147	ϊ	4	0.0009	-0.0458
147	ב	4	0.0009	-0.0458
147	ל	4	0.0009	-0.0458
147	ן	4	0.0009	-0.0458
147	נ	4	0.0009	-0.0458
147	ס	4	0.0009	-0.0458
147	ش	4	0.0009	-0.0458
147	ط	4	0.0009	-0.0458
147	ڸ	4	0.0009	-0.0458
147	ආ	4	0.0009	-0.0458
147	බ	4	0.0009	-0.0458
147	ෝ	4	0.0009	-0.0458
147	不	4	0.0009	-0.0458
147	叶	4	0.0009	-0.0458
147	官	4	0.0009	-0.0458
147	日	4	0.0009	-0.0458
147	明	4	0.0009	-0.0458
147	的	4	0.0009	-0.0458
147	石	4	0.0009	-0.0458
147	腔	4	0.0009	-0.0458
147	香	4	0.0009	-0.0458
147	鱸	4	0.0009	-0.0458
148	ũ	3	0.0007	-0.1549
148	έ	3	0.0007	-0.1549
148	ς	3	0.0007	-0.1549
148	ό	3	0.0007	-0.1549
148	ג	3	0.0007	-0.1549
148	כ	3	0.0007	-0.1549
148	ע	3	0.0007	-0.1549
148	ئ	3	0.0007	-0.1549
148	ة	3	0.0007	-0.1549
148	න	3	0.0007	-0.1549
148	්	3	0.0007	-0.1549
148	ා	3	0.0007	-0.1549
148	ු	3	0.0007	-0.1549
148	ේ	3	0.0007	-0.1549
148	ể	3	0.0007	-0.1549
148	临	3	0.0007	-0.1549
148	举	3	0.0007	-0.1549
148	付	3	0.0007	-0.1549
148	力	3	0.0007	-0.1549
148	匙	3	0.0007	-0.1549
148	单	3	0.0007	-0.1549
148	叼	3	0.0007	-0.1549
148	呈	3	0.0007	-0.1549
148	咙	3	0.0007	-0.1549
148	困	3	0.0007	-0.1549
148	固	3	0.0007	-0.1549
148	坊	3	0.0007	-0.1549
148	坷	3	0.0007	-0.1549
148	宏	3	0.0007	-0.1549
148	客	3	0.0007	-0.1549
148	家	3	0.0007	-0.1549
148	弃	3	0.0007	-0.1549
148	快	3	0.0007	-0.1549
148	愧	3	0.0007	-0.1549
148	扼	3	0.0007	-0.1549
148	既	3	0.0007	-0.1549
148	歹	3	0.0007	-0.1549
148	炼	3	0.0007	-0.1549
148	烙	3	0.0007	-0.1549
148	焊	3	0.0007	-0.1549
148	牡	3	0.0007	-0.1549
148	牢	3	0.0007	-0.1549
148	眉	3	0.0007	-0.1549
148	矩	3	0.0007	-0.1549
148	碱	3	0.0007	-0.1549
148	箕	3	0.0007	-0.1549
148	繁	3	0.0007	-0.1549
148	缴	3	0.0007	-0.1549
148	罢	3	0.0007	-0.1549
148	能	3	0.0007	-0.1549
148	菩	3	0.0007	-0.1549
148	蠢	3	0.0007	-0.1549
148	贰	3	0.0007	-0.1549
148	赣	3	0.0007	-0.1549
148	酱	3	0.0007	-0.1549
148	霸	3	0.0007	-0.1549
149	ơ	2	0.0005	-0.301
149	ƽ	2	0.0005	-0.301
149	ȭ	2	0.0005	-0.301
149	ȳ	2	0.0005	-0.301
149	ˉ	2	0.0005	-0.301
149	́	2	0.0005	-0.301
149	̸	2	0.0005	-0.301
149	̺	2	0.0005	-0.301
149	ͻ	2	0.0005	-0.301
149	χ	2	0.0005	-0.301
149	ώ	2	0.0005	-0.301
149	ю	2	0.0005	-0.301
149	ז	2	0.0005	-0.301
149	פ	2	0.0005	-0.301
149	ث	2	0.0005	-0.301
149	ذ	2	0.0005	-0.301
149	غ	2	0.0005	-0.301
149	ڳ	2	0.0005	-0.301
149	ජ	2	0.0005	-0.301
149	ạ	2	0.0005	-0.301
149	ề	2	0.0005	-0.301
149	ủ	2	0.0005	-0.301
149	ₑ	2	0.0005	-0.301
149	さ	2	0.0005	-0.301
149	て	2	0.0005	-0.301
149	㨰	2	0.0005	-0.301
149	中	2	0.0005	-0.301
149	列	2	0.0005	-0.301
149	开	2	0.0005	-0.301
149	报	2	0.0005	-0.301
149	拥	2	0.0005	-0.301
149	旬	2	0.0005	-0.301
149	条	2	0.0005	-0.301
149	款	2	0.0005	-0.301
149	潦	2	0.0005	-0.301
149	瑮	2	0.0005	-0.301
149	联	2	0.0005	-0.301
149	臂	2	0.0005	-0.301
149	茄	2	0.0005	-0.301
149	辫	2	0.0005	-0.301
149	锅	2	0.0005	-0.301
150	ļ	1	0.0002	-0.699
150	ņ	1	0.0002	-0.699
150	ŋ	1	0.0002	-0.699
150	ƶ	1	0.0002	-0.699
150	ɽ	1	0.0002	-0.699
150	ˆ	1	0.0002	-0.699
150	ύ	1	0.0002	-0.699
150	ц	1	0.0002	-0.699
150	ы	1	0.0002	-0.699
150	э	1	0.0002	-0.699
150	ў	1	0.0002	-0.699
150	ѱ	1	0.0002	-0.699
150	ם	1	0.0002	-0.699
150	צ	1	0.0002	-0.699
150	ء	1	0.0002	-0.699
150	ظ	1	0.0002	-0.699
150	ँ	1	0.0002	-0.699
150	ഊ	1	0.0002	-0.699
150	ര	1	0.0002	-0.699
150	ഹ	1	0.0002	-0.699
150	ാ	1	0.0002	-0.699
150	ි	1	0.0002	-0.699
150	ẕ	1	0.0002	-0.699
150	ả	1	0.0002	-0.699
150	ấ	1	0.0002	-0.699
150	ậ	1	0.0002	-0.699
150	ế	1	0.0002	-0.699
150	ệ	1	0.0002	-0.699
150	ố	1	0.0002	-0.699
150	ữ	1	0.0002	-0.699
150	ἱ	1	0.0002	-0.699
150	ί	1	0.0002	-0.699
150	ⴠ	1	0.0002	-0.699
150	〬	1	0.0002	-0.699
150	し	1	0.0002	-0.699
150	っ	1	0.0002	-0.699
150	と	1	0.0002	-0.699
150	ほ	1	0.0002	-0.699
150	め	1	0.0002	-0.699
150	や	1	0.0002	-0.699
150	ら	1	0.0002	-0.699
150	ろ	1	0.0002	-0.699
150	ノ	1	0.0002	-0.699
150	㐱	1	0.0002	-0.699
150	㔬	1	0.0002	-0.699
150	㤊	1	0.0002	-0.699
150	㤹	1	0.0002	-0.699
150	㰊	1	0.0002	-0.699
150	㵥	1	0.0002	-0.699
150	㸭	1	0.0002	-0.699
150	严	1	0.0002	-0.699
150	久	1	0.0002	-0.699
150	亲	1	0.0002	-0.699
150	似	1	0.0002	-0.699
150	佳	1	0.0002	-0.699
150	假	1	0.0002	-0.699
150	兒	1	0.0002	-0.699
150	兜	1	0.0002	-0.699
150	再	1	0.0002	-0.699
150	压	1	0.0002	-0.699
150	厘	1	0.0002	-0.699
150	号	1	0.0002	-0.699
150	合	1	0.0002	-0.699
150	唯	1	0.0002	-0.699
150	商	1	0.0002	-0.699
150	噢	1	0.0002	-0.699
150	图	1	0.0002	-0.699
150	圈	1	0.0002	-0.699
150	场	1	0.0002	-0.699
150	处	1	0.0002	-0.699
150	始	1	0.0002	-0.699
150	室	1	0.0002	-0.699
150	帽	1	0.0002	-0.699
150	干	1	0.0002	-0.699
150	庭	1	0.0002	-0.699
150	建	1	0.0002	-0.699
150	式	1	0.0002	-0.699
150	张	1	0.0002	-0.699
150	戏	1	0.0002	-0.699
150	或	1	0.0002	-0.699
150	扵	1	0.0002	-0.699
150	抄	1	0.0002	-0.699
150	抛	1	0.0002	-0.699
150	挠	1	0.0002	-0.699
150	据	1	0.0002	-0.699
150	控	1	0.0002	-0.699
150	改	1	0.0002	-0.699
150	教	1	0.0002	-0.699
150	文	1	0.0002	-0.699
150	昣	1	0.0002	-0.699
150	晦	1	0.0002	-0.699
150	林	1	0.0002	-0.699
150	枚	1	0.0002	-0.699
150	查	1	0.0002	-0.699
150	柳	1	0.0002	-0.699
150	校	1	0.0002	-0.699
150	案	1	0.0002	-0.699
150	楴	1	0.0002	-0.699
150	欧	1	0.0002	-0.699
150	汯	1	0.0002	-0.699
150	汴	1	0.0002	-0.699
150	洲	1	0.0002	-0.699
150	浅	1	0.0002	-0.699
150	测	1	0.0002	-0.699
150	渮	1	0.0002	-0.699
150	牯	1	0.0002	-0.699
150	猠	1	0.0002	-0.699
150	獥	1	0.0002	-0.699
150	獶	1	0.0002	-0.699
150	琮	1	0.0002	-0.699
150	瑥	1	0.0002	-0.699
150	白	1	0.0002	-0.699
150	盲	1	0.0002	-0.699
150	眾	1	0.0002	-0.699
150	睷	1	0.0002	-0.699
150	碰	1	0.0002	-0.699
150	社	1	0.0002	-0.699
150	离	1	0.0002	-0.699
150	积	1	0.0002	-0.699
150	穩	1	0.0002	-0.699
150	约	1	0.0002	-0.699
150	级	1	0.0002	-0.699
150	纽	1	0.0002	-0.699
150	考	1	0.0002	-0.699
150	者	1	0.0002	-0.699
150	肃	1	0.0002	-0.699
150	虑	1	0.0002	-0.699
150	言	1	0.0002	-0.699
150	议	1	0.0002	-0.699
150	记	1	0.0002	-0.699
150	调	1	0.0002	-0.699
150	趟	1	0.0002	-0.699
150	铆	1	0.0002	-0.699
150	锐	1	0.0002	-0.699
150	闭	1	0.0002	-0.699
150	院	1	0.0002	-0.699
150	集	1	0.0002	-0.699
150	雕	1	0.0002	-0.699
