Rank	Character	Frequency	Frequency per million	Zipf value
1	о	110575680	108632.3261	8.036
2	е	87086461	85555.9272	7.9323
3	а	80282544	78871.5882	7.8969
4	т	75440007	74114.1582	7.8699
5	н	65321671	64173.6507	7.8074
6	и	60657608	59591.5581	7.7752
7	с	49884453	49007.7399	7.6903
8	р	40996310	40275.8049	7.605
9	л	39643957	38947.2194	7.5905
10	в	38863461	38180.4405	7.5818
11	м	35369492	34747.8776	7.5409
12	д	34180179	33579.4666	7.5261
13	к	30390436	29856.3279	7.475
14	у	28249725	27753.2396	7.4433
15	п	27804585	27315.9229	7.4364
16	я	23929148	23508.5962	7.3712
17	ь	22919292	22516.4883	7.3525
18	ы	20583021	20221.277	7.3058
19	б	19455244	19113.3205	7.2813
20	ч	18249833	17929.0944	7.2536
21	з	16127591	15844.1506	7.1999
22	г	15523575	15250.7501	7.1833
23	й	12498894	12279.2275	7.0892
24	ж	11775825	11568.8663	7.0633
25	ш	10311379	10130.1578	7.0056
26	х	8043542	7902.1777	6.8977
27	э	7448053	7317.1544	6.8643
28	ю	7272545	7144.7309	6.854
29	ц	3000447	2947.7145	6.4695
30	щ	2803038	2753.775	6.4399
31	ё	2625422	2579.2805	6.4115
32	ф	1882348	1849.266	6.267
33	a	900595	884.7672	5.9468
34	e	865608	850.395	5.9296
35	o	836537	821.835	5.9148
36	i	498620	489.8568	5.6901
37	t	458936	450.8703	5.6541
38	n	424937	417.4688	5.6206
39	s	412442	405.1934	5.6077
40	r	411568	404.3347	5.6067
41	c	379103	372.4403	5.5711
42	h	363104	356.7225	5.5523
43	l	343371	337.3363	5.5281
44	u	247959	243.6012	5.3867
45	ъ	244944	240.6391	5.3814
46	d	238306	234.1178	5.3694
47	p	231805	227.7311	5.3574
48	m	231065	227.0041	5.356
49	f	230160	226.115	5.3543
50	y	219389	215.5333	5.3335
51	b	176976	173.8657	5.2402
52	k	157834	155.0601	5.1905
53	g	147749	145.1523	5.1618
54	w	108605	106.6963	5.0281
55	ќ	86370	84.8521	4.9287
56	v	79047	77.6578	4.8902
57	x	71395	70.1402	4.846
58	ѕ	59406	58.3619	4.7661
59	ћ	44890	44.1011	4.6444
60	ƒ	37673	37.0109	4.5683
61	z	33027	32.4466	4.5112
62	j	31790	31.2313	4.4946
63	є	26918	26.4449	4.4223
64	ј	26010	25.5529	4.4074
65	q	10418	10.2349	4.0101
66	ў	7133	7.0076	3.8456
67	ı	6483	6.3691	3.8041
68	ѓ	5079	4.9897	3.6981
69	ι	3506	3.4444	3.5371
70	ο	3353	3.2941	3.5177
71	ђ	2233	2.1938	3.3412
72	ї	2108	2.071	3.3162
73	џ	1883	1.8499	3.2671
74	µ	1005	0.9873	2.9944
75	ë	990	0.9726	2.9879
76	і	975	0.9579	2.9813
77	́	951	0.9343	2.9705
78	い	708	0.6956	2.8424
79	é	670	0.6582	2.8184
80	á	531	0.5217	2.7174
81	ö	523	0.5138	2.7108
82	て	509	0.5001	2.6991
83	ґ	451	0.4431	2.6465
84	τ	419	0.4116	2.6145
85	た	408	0.4008	2.6029
86	の	404	0.3969	2.5987
87	な	366	0.3596	2.5558
88	њ	336	0.3301	2.5186
89	く	319	0.3134	2.4961
90	し	316	0.3104	2.4919
91	に	293	0.2879	2.4592
92	ی	286	0.281	2.4487
93	ó	275	0.2702	2.4317
94	っ	261	0.2564	2.4089
94	れ	261	0.2564	2.4089
95	る	259	0.2544	2.4055
96	が	253	0.2486	2.3955
97	ا	249	0.2446	2.3885
98	ら	246	0.2417	2.3833
99	η	237	0.2328	2.367
100	も	235	0.2309	2.3634
101	を	224	0.2201	2.3426
102	م	221	0.2171	2.3367
103	و	218	0.2142	2.3308
104	は	217	0.2132	2.3288
105	ن	213	0.2093	2.3208
106	π	207	0.2034	2.3084
107	ま	197	0.1935	2.2867
108	と	191	0.1876	2.2732
109	う	186	0.1827	2.2617
110	か	182	0.1788	2.2524
111	で	180	0.1768	2.2475
112	き	176	0.1729	2.2378
113	ر	173	0.17	2.2304
114	だ	170	0.167	2.2227
115	こ	158	0.1552	2.1909
116	ه	149	0.1464	2.1655
117	í	145	0.1425	2.1538
117	り	145	0.1425	2.1538
118	د	134	0.1316	2.1193
119	ん	129	0.1267	2.1028
120	ت	124	0.1218	2.0856
121	ب	120	0.1179	2.0715
122	け	119	0.1169	2.0678
123	笙	118	0.1159	2.0641
123	ｪ	118	0.1159	2.0641
124	そ	110	0.1081	2.0338
125	わ	103	0.1012	2.0052
126	夢	98	0.0963	1.9836
127	љ	97	0.0953	1.9791
128	ü	94	0.0923	1.9652
129	ő	90	0.0884	1.9465
130	え	89	0.0874	1.9415
131	み	88	0.0865	1.937
132	ش	87	0.0855	1.932
132	す	87	0.0855	1.932
133	ど	86	0.0845	1.9269
134	心	84	0.0825	1.9165
135	今	81	0.0796	1.9009
136	僕	80	0.0786	1.8954
137	つ	79	0.0776	1.8899
138	見	77	0.0756	1.8785
139	め	76	0.0747	1.8733
140	α	74	0.0727	1.8615
140	出	74	0.0727	1.8615
141	س	73	0.0717	1.8555
142	ک	72	0.0707	1.8494
142	ば	72	0.0707	1.8494
143	強	69	0.0678	1.8312
144	あ	66	0.0648	1.8116
145	よ	65	0.0639	1.8055
145	分	65	0.0639	1.8055
146	さ	62	0.0609	1.7846
147	è	59	0.058	1.7634
148	ä	55	0.054	1.7324
149	世	53	0.0521	1.7168
149	空	53	0.0521	1.7168
150	ñ	52	0.0511	1.7084
150	界	52	0.0511	1.7084
151	ز	50	0.0491	1.6911
151	自	50	0.0491	1.6911
152	γ	49	0.0481	1.6821
152	君	49	0.0481	1.6821
152	気	49	0.0481	1.6821
152	現	49	0.0481	1.6821
152	高	49	0.0481	1.6821
153	怖	48	0.0472	1.6739
154	実	47	0.0462	1.6646
155	せ	45	0.0442	1.6454
155	手	45	0.0442	1.6454
156	ج	44	0.0432	1.6355
157	遠	42	0.0413	1.616
158	ì	41	0.0403	1.6053
158	ろ	41	0.0403	1.6053
158	眠	41	0.0403	1.6053
159	ل	40	0.0393	1.5944
160	不	38	0.0373	1.5717
160	居	38	0.0373	1.5717
160	振	38	0.0373	1.5717
160	無	38	0.0373	1.5717
160	生	38	0.0373	1.5717
160	過	38	0.0373	1.5717
161	خ	37	0.0363	1.5599
161	گ	37	0.0363	1.5599
161	じ	37	0.0363	1.5599
161	体	37	0.0363	1.5599
161	去	37	0.0363	1.5599
162	ž	36	0.0354	1.549
162	想	36	0.0354	1.549
162	映	36	0.0354	1.549
162	暗	36	0.0354	1.549
162	長	36	0.0354	1.549
163	ね	35	0.0344	1.5366
163	儚	35	0.0344	1.5366
163	安	35	0.0344	1.5366
163	広	35	0.0344	1.5366
164	μ	34	0.0334	1.5237
164	ق	34	0.0334	1.5237
164	ざ	34	0.0334	1.5237
164	づ	34	0.0334	1.5237
164	小	34	0.0334	1.5237
164	弱	34	0.0334	1.5237
164	後	34	0.0334	1.5237
164	払	34	0.0334	1.5237
164	描	34	0.0334	1.5237
164	永	34	0.0334	1.5237
164	病	34	0.0334	1.5237
164	臆	34	0.0334	1.5237
164	認	34	0.0334	1.5237
164	飛	34	0.0334	1.5237
165	ć	33	0.0324	1.5105
165	ず	33	0.0324	1.5105
166	一	32	0.0314	1.4969
166	日	32	0.0314	1.4969
167	ø	30	0.0295	1.4698
167	š	30	0.0295	1.4698
167	چ	30	0.0295	1.4698
168	前	29	0.0285	1.4548
169	ú	27	0.0265	1.4232
169	ý	27	0.0265	1.4232
169	ű	27	0.0265	1.4232
169	返	27	0.0265	1.4232
170	ゃ	26	0.0255	1.4065
171	پ	25	0.0246	1.3909
171	ン	25	0.0246	1.3909
171	抱	25	0.0246	1.3909
172	ف	24	0.0236	1.3729
173	à	23	0.0226	1.3541
173	ï	23	0.0226	1.3541
173	ʹ	23	0.0226	1.3541
173	ち	23	0.0226	1.3541
173	好	23	0.0226	1.3541
174	ー	22	0.0216	1.3345
174	ㅤ	22	0.0216	1.3345
174	寄	22	0.0216	1.3345
175	明	21	0.0206	1.3139
176	リ	20	0.0196	1.2923
176	会	20	0.0196	1.2923
176	度	20	0.0196	1.2923
177	思	19	0.0187	1.2718
177	感	19	0.0187	1.2718
177	目	19	0.0187	1.2718
177	知	19	0.0187	1.2718
177	胸	19	0.0187	1.2718
177	迷	19	0.0187	1.2718
178	â	18	0.0177	1.248
178	情	18	0.0177	1.248
178	星	18	0.0177	1.248
178	欲	18	0.0177	1.248
179	ã	17	0.0167	1.2227
179	付	17	0.0167	1.2227
179	何	17	0.0167	1.2227
179	傷	17	0.0167	1.2227
179	術	17	0.0167	1.2227
179	足	17	0.0167	1.2227
180	þ	16	0.0157	1.1959
180	ほ	16	0.0157	1.1959
180	ボ	16	0.0157	1.1959
180	忘	16	0.0157	1.1959
180	願	16	0.0157	1.1959
181	ç	15	0.0147	1.1673
181	ō	15	0.0147	1.1673
181	げ	15	0.0147	1.1673
181	び	15	0.0147	1.1673
181	べ	15	0.0147	1.1673
182	ラ	14	0.0138	1.1399
182	中	14	0.0138	1.1399
182	人	14	0.0138	1.1399
182	夜	14	0.0138	1.1399
182	時	14	0.0138	1.1399
182	消	14	0.0138	1.1399
182	繋	14	0.0138	1.1399
182	言	14	0.0138	1.1399
182	遁	14	0.0138	1.1399
183	ś	13	0.0128	1.1072
183	ふ	13	0.0128	1.1072
183	涙	13	0.0128	1.1072
183	添	13	0.0128	1.1072
183	花	13	0.0128	1.1072
183	行	13	0.0128	1.1072
184	å	12	0.0118	1.0719
184	ح	12	0.0118	1.0719
184	シ	12	0.0118	1.0719
184	上	12	0.0118	1.0719
184	未	12	0.0118	1.0719
184	来	12	0.0118	1.0719
184	続	12	0.0118	1.0719
184	雪	12	0.0118	1.0719
184	青	12	0.0118	1.0719
185	ع	11	0.0108	1.0334
185	事	11	0.0108	1.0334
185	光	11	0.0108	1.0334
185	声	11	0.0108	1.0334
185	待	11	0.0108	1.0334
185	私	11	0.0108	1.0334
185	誰	11	0.0108	1.0334
185	跡	11	0.0108	1.0334
185	ｒ	11	0.0108	1.0334
186	æ	10	0.0098	0.9912
186	ô	10	0.0098	0.9912
186	ν	10	0.0098	0.9912
186	や	10	0.0098	0.9912
186	ょ	10	0.0098	0.9912
186	ッ	10	0.0098	0.9912
186	二	10	0.0098	0.9912
186	交	10	0.0098	0.9912
186	大	10	0.0098	0.9912
186	奥	10	0.0098	0.9912
186	少	10	0.0098	0.9912
186	果	10	0.0098	0.9912
186	理	10	0.0098	0.9912
186	美	10	0.0098	0.9912
186	袋	10	0.0098	0.9912
186	進	10	0.0098	0.9912
186	間	10	0.0098	0.9912
186	降	10	0.0098	0.9912
186	革	10	0.0098	0.9912
186	鳴	10	0.0098	0.9912
186	ｅ	10	0.0098	0.9912
187	ϊ	9	0.0088	0.9445
187	ي	9	0.0088	0.9445
187	ව	9	0.0088	0.9445
187	メ	9	0.0088	0.9445
187	伸	9	0.0088	0.9445
187	叫	9	0.0088	0.9445
187	命	9	0.0088	0.9445
187	場	9	0.0088	0.9445
187	寂	9	0.0088	0.9445
187	所	9	0.0088	0.9445
187	水	9	0.0088	0.9445
187	玉	9	0.0088	0.9445
187	聞	9	0.0088	0.9445
187	風	9	0.0088	0.9445
188	ê	8	0.0079	0.8976
188	ε	8	0.0079	0.8976
188	ぎ	8	0.0079	0.8976
188	ぬ	8	0.0079	0.8976
188	イ	8	0.0079	0.8976
188	ク	8	0.0079	0.8976
188	セ	8	0.0079	0.8976
188	ト	8	0.0079	0.8976
188	ャ	8	0.0079	0.8976
188	下	8	0.0079	0.8976
188	丸	8	0.0079	0.8976
188	全	8	0.0079	0.8976
188	切	8	0.0079	0.8976
188	吹	8	0.0079	0.8976
188	変	8	0.0079	0.8976
188	幸	8	0.0079	0.8976
188	指	8	0.0079	0.8976
188	放	8	0.0079	0.8976
188	数	8	0.0079	0.8976
188	方	8	0.0079	0.8976
188	枯	8	0.0079	0.8976
188	瞬	8	0.0079	0.8976
188	繰	8	0.0079	0.8976
188	運	8	0.0079	0.8976
188	響	8	0.0079	0.8976
188	顔	8	0.0079	0.8976
188	ｉ	8	0.0079	0.8976
189	º	7	0.0069	0.8388
189	ρ	7	0.0069	0.8388
189	σ	7	0.0069	0.8388
189	ذ	7	0.0069	0.8388
189	ط	7	0.0069	0.8388
189	々	7	0.0069	0.8388
189	お	7	0.0069	0.8388
189	む	7	0.0069	0.8388
189	キ	7	0.0069	0.8388
189	ス	7	0.0069	0.8388
189	ピ	7	0.0069	0.8388
189	ル	7	0.0069	0.8388
189	丘	7	0.0069	0.8388
189	俺	7	0.0069	0.8388
189	優	7	0.0069	0.8388
189	割	7	0.0069	0.8388
189	叶	7	0.0069	0.8388
189	問	7	0.0069	0.8388
189	在	7	0.0069	0.8388
189	存	7	0.0069	0.8388
189	守	7	0.0069	0.8388
189	幻	7	0.0069	0.8388
189	恋	7	0.0069	0.8388
189	息	7	0.0069	0.8388
189	愛	7	0.0069	0.8388
189	戦	7	0.0069	0.8388
189	抜	7	0.0069	0.8388
189	押	7	0.0069	0.8388
189	握	7	0.0069	0.8388
189	期	7	0.0069	0.8388
189	木	7	0.0069	0.8388
189	殺	7	0.0069	0.8388
189	沫	7	0.0069	0.8388
189	泡	7	0.0069	0.8388
189	白	7	0.0069	0.8388
189	真	7	0.0069	0.8388
189	神	7	0.0069	0.8388
189	終	7	0.0069	0.8388
189	罅	7	0.0069	0.8388
189	葛	7	0.0069	0.8388
189	藤	7	0.0069	0.8388
189	裂	7	0.0069	0.8388
189	身	7	0.0069	0.8388
189	転	7	0.0069	0.8388
189	逃	7	0.0069	0.8388
189	錆	7	0.0069	0.8388
189	静	7	0.0069	0.8388
189	音	7	0.0069	0.8388
189	駆	7	0.0069	0.8388
189	ｔ	7	0.0069	0.8388
190	î	6	0.0059	0.7709
190	ù	6	0.0059	0.7709
190	θ	6	0.0059	0.7709
190	へ	6	0.0059	0.7709
190	ゆ	6	0.0059	0.7709
190	勝	6	0.0059	0.7709
190	合	6	0.0059	0.7709
190	咲	6	0.0059	0.7709
190	年	6	0.0059	0.7709
190	弾	6	0.0059	0.7709
190	影	6	0.0059	0.7709
190	持	6	0.0059	0.7709
190	朝	6	0.0059	0.7709
190	横	6	0.0059	0.7709
190	死	6	0.0059	0.7709
190	求	6	0.0059	0.7709
190	流	6	0.0059	0.7709
190	溢	6	0.0059	0.7709
190	熱	6	0.0059	0.7709
190	物	6	0.0059	0.7709
190	種	6	0.0059	0.7709
190	積	6	0.0059	0.7709
190	重	6	0.0059	0.7709
190	鐘	6	0.0059	0.7709
190	開	6	0.0059	0.7709
190	震	6	0.0059	0.7709
190	髪	6	0.0059	0.7709
191	ය	5	0.0049	0.6902
191	ズ	5	0.0049	0.6902
191	ダ	5	0.0049	0.6902
191	ツ	5	0.0049	0.6902
191	信	5	0.0049	0.6902
191	呼	5	0.0049	0.6902
191	天	5	0.0049	0.6902
191	止	5	0.0049	0.6902
191	満	5	0.0049	0.6902
191	照	5	0.0049	0.6902
191	確	5	0.0049	0.6902
191	秋	5	0.0049	0.6902
191	隠	5	0.0049	0.6902
191	ｄ	5	0.0049	0.6902
191	ｈ	5	0.0049	0.6902
191	ｓ	5	0.0049	0.6902
192	ß	4	0.0039	0.5911
192	ŭ	4	0.0039	0.5911
192	κ	4	0.0039	0.5911
192	ς	4	0.0039	0.5911
192	آ	4	0.0039	0.5911
192	ث	4	0.0039	0.5911
192	ـ	4	0.0039	0.5911
192	ා	4	0.0039	0.5911
192	ේ	4	0.0039	0.5911
192	ぶ	4	0.0039	0.5911
192	オ	4	0.0039	0.5911
192	ゴ	4	0.0039	0.5911
192	ド	4	0.0039	0.5911
192	ハ	4	0.0039	0.5911
192	マ	4	0.0039	0.5911
192	ミ	4	0.0039	0.5911
192	側	4	0.0039	0.5911
192	凝	4	0.0039	0.5911
192	動	4	0.0039	0.5911
192	千	4	0.0039	0.5911
192	夕	4	0.0039	0.5911
192	多	4	0.0039	0.5911
192	嬉	4	0.0039	0.5911
192	屈	4	0.0039	0.5911
192	嵐	4	0.0039	0.5911
192	差	4	0.0039	0.5911
192	引	4	0.0039	0.5911
192	従	4	0.0039	0.5911
192	悲	4	0.0039	0.5911
192	抗	4	0.0039	0.5911
192	掻	4	0.0039	0.5911
192	昇	4	0.0039	0.5911
192	昨	4	0.0039	0.5911
192	暮	4	0.0039	0.5911
192	構	4	0.0039	0.5911
192	様	4	0.0039	0.5911
192	泣	4	0.0039	0.5911
192	漕	4	0.0039	0.5911
192	火	4	0.0039	0.5911
192	点	4	0.0039	0.5911
192	焦	4	0.0039	0.5911
192	熟	4	0.0039	0.5911
192	由	4	0.0039	0.5911
192	睨	4	0.0039	0.5911
192	窮	4	0.0039	0.5911
192	笑	4	0.0039	0.5911
192	絶	4	0.0039	0.5911
192	苦	4	0.0039	0.5911
192	葉	4	0.0039	0.5911
192	蒼	4	0.0039	0.5911
192	虹	4	0.0039	0.5911
192	裸	4	0.0039	0.5911
192	視	4	0.0039	0.5911
192	許	4	0.0039	0.5911
192	誓	4	0.0039	0.5911
192	論	4	0.0039	0.5911
192	越	4	0.0039	0.5911
192	順	4	0.0039	0.5911
192	魂	4	0.0039	0.5911
192	魄	4	0.0039	0.5911
193	ò	3	0.0029	0.4624
193	û	3	0.0029	0.4624
193	đ	3	0.0029	0.4624
193	ř	3	0.0029	0.4624
193	β	3	0.0029	0.4624
193	ξ	3	0.0029	0.4624
193	υ	3	0.0029	0.4624
193	φ	3	0.0029	0.4624
193	χ	3	0.0029	0.4624
193	ω	3	0.0029	0.4624
193	ό	3	0.0029	0.4624
193	ص	3	0.0029	0.4624
193	ض	3	0.0029	0.4624
193	ك	3	0.0029	0.4624
193	ආ	3	0.0029	0.4624
193	බ	3	0.0029	0.4624
193	ෝ	3	0.0029	0.4624
193	ア	3	0.0029	0.4624
193	エ	3	0.0029	0.4624
193	カ	3	0.0029	0.4624
193	ジ	3	0.0029	0.4624
193	タ	3	0.0029	0.4624
193	バ	3	0.0029	0.4624
193	フ	3	0.0029	0.4624
193	ム	3	0.0029	0.4624
193	ロ	3	0.0029	0.4624
193	ワ	3	0.0029	0.4624
193	似	3	0.0029	0.4624
193	刀	3	0.0029	0.4624
193	別	3	0.0029	0.4624
193	勇	3	0.0029	0.4624
193	原	3	0.0029	0.4624
193	反	3	0.0029	0.4624
193	地	3	0.0029	0.4624
193	域	3	0.0029	0.4624
193	奇	3	0.0029	0.4624
193	定	3	0.0029	0.4624
193	導	3	0.0029	0.4624
193	岩	3	0.0029	0.4624
193	性	3	0.0029	0.4624
193	意	3	0.0029	0.4624
193	打	3	0.0029	0.4624
193	揺	3	0.0029	0.4624
193	月	3	0.0029	0.4624
193	根	3	0.0029	0.4624
193	海	3	0.0029	0.4624
193	爆	3	0.0029	0.4624
193	番	3	0.0029	0.4624
193	的	3	0.0029	0.4624
193	答	3	0.0029	0.4624
193	羽	3	0.0029	0.4624
193	装	3	0.0029	0.4624
193	解	3	0.0029	0.4624
193	躇	3	0.0029	0.4624
193	躊	3	0.0029	0.4624
193	軽	3	0.0029	0.4624
193	送	3	0.0029	0.4624
193	通	3	0.0029	0.4624
193	闇	3	0.0029	0.4624
193	離	3	0.0029	0.4624
193	雷	3	0.0029	0.4624
193	魔	3	0.0029	0.4624
193	소	3	0.0029	0.4624
193	ａ	3	0.0029	0.4624
193	ｎ	3	0.0029	0.4624
193	ｏ	3	0.0029	0.4624
193	ｙ	3	0.0029	0.4624
194	ð	2	0.002	0.301
194	ā	2	0.002	0.301
194	ň	2	0.002	0.301
194	ū	2	0.002	0.301
194	ˋ	2	0.002	0.301
194	́	2	0.002	0.301
194	ά	2	0.002	0.301
194	έ	2	0.002	0.301
194	ή	2	0.002	0.301
194	λ	2	0.002	0.301
194	ة	2	0.002	0.301
194	غ	2	0.002	0.301
194	ජ	2	0.002	0.301
194	ු	2	0.002	0.301
194	ế	2	0.002	0.301
194	ể	2	0.002	0.301
194	ệ	2	0.002	0.301
194	ぐ	2	0.002	0.301
194	ぼ	2	0.002	0.301
194	ィ	2	0.002	0.301
194	コ	2	0.002	0.301
194	ゾ	2	0.002	0.301
194	デ	2	0.002	0.301
194	ノ	2	0.002	0.301
194	ヒ	2	0.002	0.301
194	ポ	2	0.002	0.301
194	モ	2	0.002	0.301
194	ョ	2	0.002	0.301
194	レ	2	0.002	0.301
194	万	2	0.002	0.301
194	东	2	0.002	0.301
194	了	2	0.002	0.301
194	伝	2	0.002	0.301
194	億	2	0.002	0.301
194	先	2	0.002	0.301
194	初	2	0.002	0.301
194	到	2	0.002	0.301
194	剣	2	0.002	0.301
194	剥	2	0.002	0.301
194	力	2	0.002	0.301
194	加	2	0.002	0.301
194	助	2	0.002	0.301
194	区	2	0.002	0.301
194	印	2	0.002	0.301
194	取	2	0.002	0.301
194	口	2	0.002	0.301
194	名	2	0.002	0.301
194	向	2	0.002	0.301
194	喋	2	0.002	0.301
194	嘘	2	0.002	0.301
194	土	2	0.002	0.301
194	埋	2	0.002	0.301
194	塵	2	0.002	0.301
194	失	2	0.002	0.301
194	奏	2	0.002	0.301
194	奪	2	0.002	0.301
194	她	2	0.002	0.301
194	始	2	0.002	0.301
194	子	2	0.002	0.301
194	孤	2	0.002	0.301
194	宵	2	0.002	0.301
194	寸	2	0.002	0.301
194	射	2	0.002	0.301
194	巧	2	0.002	0.301
194	常	2	0.002	0.301
194	形	2	0.002	0.301
194	彷	2	0.002	0.301
194	很	2	0.002	0.301
194	徨	2	0.002	0.301
194	惜	2	0.002	0.301
194	拾	2	0.002	0.301
194	散	2	0.002	0.301
194	新	2	0.002	0.301
194	曲	2	0.002	0.301
194	有	2	0.002	0.301
194	望	2	0.002	0.301
194	朽	2	0.002	0.301
194	森	2	0.002	0.301
194	次	2	0.002	0.301
194	残	2	0.002	0.301
194	毎	2	0.002	0.301
194	決	2	0.002	0.301
194	沸	2	0.002	0.301
194	波	2	0.002	0.301
194	瀬	2	0.002	0.301
194	灯	2	0.002	0.301
194	牙	2	0.002	0.301
194	牛	2	0.002	0.301
194	犂	2	0.002	0.301
194	独	2	0.002	0.301
194	用	2	0.002	0.301
194	皆	2	0.002	0.301
194	盾	2	0.002	0.301
194	着	2	0.002	0.301
194	矛	2	0.002	0.301
194	石	2	0.002	0.301
194	破	2	0.002	0.301
194	磁	2	0.002	0.301
194	秒	2	0.002	0.301
194	結	2	0.002	0.301
194	置	2	0.002	0.301
194	羅	2	0.002	0.301
194	耳	2	0.002	0.301
194	臭	2	0.002	0.301
194	色	2	0.002	0.301
194	裏	2	0.002	0.301
194	褪	2	0.002	0.301
194	西	2	0.002	0.301
194	要	2	0.002	0.301
194	覚	2	0.002	0.301
194	触	2	0.002	0.301
194	話	2	0.002	0.301
194	誘	2	0.002	0.301
194	識	2	0.002	0.301
194	贈	2	0.002	0.301
194	起	2	0.002	0.301
194	車	2	0.002	0.301
194	連	2	0.002	0.301
194	逸	2	0.002	0.301
194	遅	2	0.002	0.301
194	選	2	0.002	0.301
194	陽	2	0.002	0.301
194	集	2	0.002	0.301
194	霧	2	0.002	0.301
194	飲	2	0.002	0.301
194	駄	2	0.002	0.301
194	験	2	0.002	0.301
194	鼓	2	0.002	0.301
194	막	2	0.002	0.301
194	역	2	0.002	0.301
194	자	2	0.002	0.301
194	️	2	0.002	0.301
194	ｂ	2	0.002	0.301
194	ｇ	2	0.002	0.301
194	ｌ	2	0.002	0.301
194	ｐ	2	0.002	0.301
194	ｕ	2	0.002	0.301
194	ｗ	2	0.002	0.301
195	õ	1	0.001	0.0
195	č	1	0.001	0.0
195	ē	1	0.001	0.0
195	ł	1	0.001	0.0
195	ů	1	0.001	0.0
195	̀	1	0.001	0.0
195	̆	1	0.001	0.0
195	̇	1	0.001	0.0
195	δ	1	0.001	0.0
195	ζ	1	0.001	0.0
195	ύ	1	0.001	0.0
195	ؑ	1	0.001	0.0
195	ء	1	0.001	0.0
195	ظ	1	0.001	0.0
195	ى	1	0.001	0.0
195	න	1	0.001	0.0
195	්	1	0.001	0.0
195	ි	1	0.001	0.0
195	ẏ	1	0.001	0.0
195	ạ	1	0.001	0.0
195	ằ	1	0.001	0.0
195	ề	1	0.001	0.0
195	ỉ	1	0.001	0.0
195	ọ	1	0.001	0.0
195	ồ	1	0.001	0.0
195	ờ	1	0.001	0.0
195	ụ	1	0.001	0.0
195	ự	1	0.001	0.0
195	ὔ	1	0.001	0.0
195	ⵔ	1	0.001	0.0
195	ァ	1	0.001	0.0
195	ガ	1	0.001	0.0
195	ギ	1	0.001	0.0
195	サ	1	0.001	0.0
195	パ	1	0.001	0.0
195	ブ	1	0.001	0.0
195	ホ	1	0.001	0.0
195	ュ	1	0.001	0.0
195	ヴ	1	0.001	0.0
195	㤤	1	0.001	0.0
195	㬴	1	0.001	0.0
195	与	1	0.001	0.0
195	仕	1	0.001	0.0
195	代	1	0.001	0.0
195	以	1	0.001	0.0
195	仲	1	0.001	0.0
195	作	1	0.001	0.0
195	你	1	0.001	0.0
195	倍	1	0.001	0.0
195	値	1	0.001	0.0
195	傀	1	0.001	0.0
195	償	1	0.001	0.0
195	儡	1	0.001	0.0
195	元	1	0.001	0.0
195	八	1	0.001	0.0
195	内	1	0.001	0.0
195	再	1	0.001	0.0
195	冒	1	0.001	0.0
195	凍	1	0.001	0.0
195	列	1	0.001	0.0
195	制	1	0.001	0.0
195	动	1	0.001	0.0
195	匂	1	0.001	0.0
195	包	1	0.001	0.0
195	化	1	0.001	0.0
195	半	1	0.001	0.0
195	協	1	0.001	0.0
195	卬	1	0.001	0.0
195	却	1	0.001	0.0
195	吉	1	0.001	0.0
195	吊	1	0.001	0.0
195	同	1	0.001	0.0
195	吐	1	0.001	0.0
195	吧	1	0.001	0.0
195	吸	1	0.001	0.0
195	呢	1	0.001	0.0
195	呪	1	0.001	0.0
195	味	1	0.001	0.0
195	咎	1	0.001	0.0
195	回	1	0.001	0.0
195	囧	1	0.001	0.0
195	坂	1	0.001	0.0
195	型	1	0.001	0.0
195	堕	1	0.001	0.0
195	堪	1	0.001	0.0
195	境	1	0.001	0.0
195	壁	1	0.001	0.0
195	壊	1	0.001	0.0
195	士	1	0.001	0.0
195	夏	1	0.001	0.0
195	女	1	0.001	0.0
195	妻	1	0.001	0.0
195	字	1	0.001	0.0
195	学	1	0.001	0.0
195	宋	1	0.001	0.0
195	室	1	0.001	0.0
195	寓	1	0.001	0.0
195	寝	1	0.001	0.0
195	对	1	0.001	0.0
195	封	1	0.001	0.0
195	尔	1	0.001	0.0
195	崩	1	0.001	0.0
195	巡	1	0.001	0.0
195	帰	1	0.001	0.0
195	幕	1	0.001	0.0
195	幼	1	0.001	0.0
195	庭	1	0.001	0.0
195	弔	1	0.001	0.0
195	張	1	0.001	0.0
195	徬	1	0.001	0.0
195	必	1	0.001	0.0
195	恐	1	0.001	0.0
195	恥	1	0.001	0.0
195	悪	1	0.001	0.0
195	惑	1	0.001	0.0
195	憶	1	0.001	0.0
195	我	1	0.001	0.0
195	戸	1	0.001	0.0
195	扉	1	0.001	0.0
195	招	1	0.001	0.0
195	拿	1	0.001	0.0
195	捉	1	0.001	0.0
195	捕	1	0.001	0.0
195	捨	1	0.001	0.0
195	掛	1	0.001	0.0
195	損	1	0.001	0.0
195	敗	1	0.001	0.0
195	料	1	0.001	0.0
195	旋	1	0.001	0.0
195	更	1	0.001	0.0
195	最	1	0.001	0.0
195	李	1	0.001	0.0
195	板	1	0.001	0.0
195	标	1	0.001	0.0
195	棄	1	0.001	0.0
195	棺	1	0.001	0.0
195	椿	1	0.001	0.0
195	標	1	0.001	0.0
195	模	1	0.001	0.0
195	機	1	0.001	0.0
195	欠	1	0.001	0.0
195	正	1	0.001	0.0
195	歩	1	0.001	0.0
195	歯	1	0.001	0.0
195	毀	1	0.001	0.0
195	汚	1	0.001	0.0
195	洋	1	0.001	0.0
195	混	1	0.001	0.0
195	渇	1	0.001	0.0
195	溺	1	0.001	0.0
195	滅	1	0.001	0.0
195	澄	1	0.001	0.0
195	澱	1	0.001	0.0
195	激	1	0.001	0.0
195	炎	1	0.001	0.0
195	為	1	0.001	0.0
195	然	1	0.001	0.0
195	片	1	0.001	0.0
195	王	1	0.001	0.0
195	玛	1	0.001	0.0
195	球	1	0.001	0.0
195	発	1	0.001	0.0
195	直	1	0.001	0.0
195	相	1	0.001	0.0
195	眩	1	0.001	0.0
195	眼	1	0.001	0.0
195	瞳	1	0.001	0.0
195	瞼	1	0.001	0.0
195	礼	1	0.001	0.0
195	秀	1	0.001	0.0
195	突	1	0.001	0.0
195	管	1	0.001	0.0
195	箱	1	0.001	0.0
195	精	1	0.001	0.0
195	絆	1	0.001	0.0
195	経	1	0.001	0.0
195	緒	1	0.001	0.0
195	组	1	0.001	0.0
195	罪	1	0.001	0.0
195	群	1	0.001	0.0
195	義	1	0.001	0.0
195	肉	1	0.001	0.0
195	肝	1	0.001	0.0
195	膏	1	0.001	0.0
195	船	1	0.001	0.0
195	艾	1	0.001	0.0
195	落	1	0.001	0.0
195	蘇	1	0.001	0.0
195	蝶	1	0.001	0.0
195	衝	1	0.001	0.0
195	衣	1	0.001	0.0
195	規	1	0.001	0.0
195	见	1	0.001	0.0
195	觉	1	0.001	0.0
195	記	1	0.001	0.0
195	訪	1	0.001	0.0
195	語	1	0.001	0.0
195	調	1	0.001	0.0
195	護	1	0.001	0.0
195	豪	1	0.001	0.0
195	賢	1	0.001	0.0
195	購	1	0.001	0.0
195	距	1	0.001	0.0
195	踏	1	0.001	0.0
195	軀	1	0.001	0.0
195	載	1	0.001	0.0
195	込	1	0.001	0.0
195	辿	1	0.001	0.0
195	近	1	0.001	0.0
195	道	1	0.001	0.0
195	達	1	0.001	0.0
195	違	1	0.001	0.0
195	野	1	0.001	0.0
195	銃	1	0.001	0.0
195	鎖	1	0.001	0.0
195	閉	1	0.001	0.0
195	陛	1	0.001	0.0
195	陣	1	0.001	0.0
195	陰	1	0.001	0.0
195	険	1	0.001	0.0
195	際	1	0.001	0.0
195	零	1	0.001	0.0
195	霊	1	0.001	0.0
195	非	1	0.001	0.0
195	頬	1	0.001	0.0
195	頭	1	0.001	0.0
195	飴	1	0.001	0.0
195	鮫	1	0.001	0.0
195	黒	1	0.001	0.0
195	龍	1	0.001	0.0
195	고	1	0.001	0.0
195	국	1	0.001	0.0
195	기	1	0.001	0.0
195	니	1	0.001	0.0
195	다	1	0.001	0.0
195	때	1	0.001	0.0
195	로	1	0.001	0.0
195	문	1	0.001	0.0
195	수	1	0.001	0.0
195	습	1	0.001	0.0
195	어	1	0.001	0.0
195	에	1	0.001	0.0
195	오	1	0.001	0.0
195	우	1	0.001	0.0
195	을	1	0.001	0.0
195	의	1	0.001	0.0
195	이	1	0.001	0.0
195	있	1	0.001	0.0
195	주	1	0.001	0.0
195	중	1	0.001	0.0
195	참	1	0.001	0.0
195	피	1	0.001	0.0
195	했	1	0.001	0.0
195	현	1	0.001	0.0
195	히	1	0.001	0.0
195	ｊ	1	0.001	0.0
195	ｋ	1	0.001	0.0
195	ﾟ	1	0.001	0.0
