Rank	Character	Frequency	Frequency per million	Zipf value
1	a	415187429	118476.8166	8.0736
2	o	329219247	93945.1574	7.9729
3	e	321491973	91740.1223	7.9626
4	i	311608575	88919.8213	7.949
5	n	186101257	53105.3759	7.7251
6	t	167224760	47718.8273	7.6787
7	s	161760116	46159.4505	7.6643
8	m	159434620	45495.853	7.658
9	d	147933642	42213.9635	7.6255
10	r	143364783	40910.2056	7.6118
11	j	140046595	39963.3361	7.6017
12	u	124814802	35616.8308	7.5517
13	l	115369186	32921.4541	7.5175
14	v	111239725	31743.0817	7.5016
15	k	98054160	27980.4828	7.4469
16	p	80990925	23111.362	7.3638
17	b	59109659	16867.3802	7.227
18	z	57455071	16395.2312	7.2147
19	š	56129775	16017.0482	7.2046
20	g	50506069	14412.2819	7.1587
21	è	24893365	7103.5066	6.8515
22	c	24825299	7084.0835	6.8503
23	æ	23866347	6810.4394	6.8332
24	ž	23568901	6725.561	6.8277
25	h	22241752	6346.8491	6.8026
26	а	16184955	4618.4971	6.6645
27	о	12716100	3628.6336	6.5597
28	е	12508069	3569.2704	6.5526
29	и	12027020	3431.9995	6.5355
30	н	6774767	1933.2301	6.2863
31	т	6427176	1834.0424	6.2634
32	с	6270506	1789.3355	6.2527
33	м	6241903	1781.1734	6.2507
34	f	6235886	1779.4564	6.2503
35	д	5898332	1683.1328	6.2261
36	ð	5661097	1615.4361	6.2083
37	р	5655361	1613.7993	6.2078
38	у	4900295	1398.3356	6.1456
39	в	4468347	1275.076	6.1055
40	ј	4130875	1178.7759	6.0714
41	л	3939556	1124.1816	6.0508
42	к	3890619	1110.217	6.0454
43	п	3179848	907.3932	5.9578
44	y	2367168	675.489	5.8296
45	б	2309066	658.9091	5.8188
46	ш	2250912	642.3145	5.8077
47	з	2227784	635.7147	5.8033
48	г	1994717	569.2073	5.7553
49	w	1075588	306.927	5.487
50	ч	1056209	301.3971	5.4791
51	ћ	1032596	294.6589	5.4693
52	ж	911206	260.0194	5.415
53	х	827945	236.2603	5.3734
54	ц	786573	224.4544	5.3511
55	љ	604433	172.4794	5.2367
56	č	597139	170.398	5.2315
57	ć	546412	155.9227	5.1929
58	њ	543884	155.2013	5.1909
59	x	331246	94.5235	4.9755
60	ђ	254766	72.6994	4.8615
61	ф	251858	71.8696	4.8565
62	đ	127865	36.4872	4.5621
63	q	98733	28.1742	4.4499
64	џ	98481	28.1023	4.4487
65	à	54139	15.449	4.1889
66	î	49988	14.2644	4.1543
67	å	42768	12.2042	4.0865
68	â	33943	9.6859	3.9861
69	í	32818	9.3649	3.9715
70	ä	27168	7.7526	3.8894
71	ó	23918	6.8252	3.8341
72	ñ	23722	6.7692	3.8305
73	ò	22035	6.2879	3.7985
74	ì	21910	6.2522	3.796
75	é	17801	5.0796	3.7058
76	ë	17520	4.9995	3.6989
77	ê	14073	4.0158	3.6038
78	á	13263	3.7847	3.578
79	ï	11764	3.3569	3.5259
80	ç	10654	3.0402	3.4829
81	ŕ	10004	2.8547	3.4556
82	ĺ	8738	2.4935	3.3968
83	ÿ	8575	2.4469	3.3886
84	ã	8549	2.4395	3.3873
85	ø	8293	2.3665	3.3741
86	ª	7582	2.1636	3.3352
87	ö	7307	2.0851	3.3191
88	ü	5512	1.5729	3.1967
89	́	5483	1.5646	3.1944
90	ń	4084	1.1654	3.0665
91	ě	4047	1.1548	3.0625
92	ň	3993	1.1394	3.0567
93	ľ	3635	1.0373	3.0159
94	ô	3457	0.9865	2.9941
95	õ	2999	0.8558	2.9324
96	œ	2860	0.8161	2.9117
97	ę	2631	0.7508	2.8755
98	ą	2388	0.6814	2.8334
99	ď	2036	0.581	2.7642
100	ř	1456	0.4155	2.6186
101	ă	1285	0.3667	2.5643
102	þ	1166	0.3327	2.5221
103	ť	1020	0.2911	2.464
104	ú	758	0.2163	2.3351
105	ќ	613	0.1749	2.2428
106	ő	564	0.1609	2.2066
107	ˇ	525	0.1498	2.1755
108	ś	514	0.1467	2.1664
109	ѕ	345	0.0984	1.993
109	ў	345	0.0984	1.993
110	ź	336	0.0959	1.9818
111	µ	326	0.093	1.9685
112	º	325	0.0927	1.9671
113	ċ	254	0.0725	1.8603
114	ˆ	243	0.0693	1.8407
115	ł	236	0.0673	1.828
116	ý	223	0.0636	1.8035
117	τ	208	0.0594	1.7738
118	і	187	0.0534	1.7275
119	ż	186	0.0531	1.7251
120	̃	170	0.0485	1.6857
121	ş	166	0.0474	1.6758
122	η	151	0.0431	1.6345
123	ы	147	0.0419	1.6222
124	ѓ	145	0.0414	1.617
125	ǉ	114	0.0325	1.5119
126	ß	110	0.0314	1.4969
127	û	96	0.0274	1.4378
128	ǌ	82	0.0234	1.3692
129	ù	78	0.0223	1.3483
129	ğ	78	0.0223	1.3483
130	ӕ	76	0.0217	1.3365
131	ا	62	0.0177	1.248
132	̂	56	0.016	1.2041
133	я	46	0.0131	1.1173
134	й	40	0.0114	1.0569
134	ل	40	0.0114	1.0569
135	و	37	0.0106	1.0253
136	ي	34	0.0097	0.9868
137	な	30	0.0086	0.9345
138	ı	29	0.0083	0.9191
138	ت	29	0.0083	0.9191
139	ъ	28	0.008	0.9031
140	ƒ	27	0.0077	0.8865
141	ن	26	0.0074	0.8692
142	α	25	0.0071	0.8513
143	ō	24	0.0068	0.8325
144	ь	22	0.0063	0.7993
144	ر	22	0.0063	0.7993
144	م	22	0.0063	0.7993
144	う	22	0.0063	0.7993
145	ك	20	0.0057	0.7559
145	た	20	0.0057	0.7559
146	は	19	0.0054	0.7324
147	い	18	0.0051	0.7076
148	ю	17	0.0049	0.6902
148	ج	17	0.0049	0.6902
149	が	16	0.0046	0.6628
149	の	16	0.0046	0.6628
150	ǆ	15	0.0043	0.6335
150	э	15	0.0043	0.6335
151	س	14	0.004	0.6021
151	か	14	0.004	0.6021
152	د	13	0.0037	0.5682
152	し	13	0.0037	0.5682
153	そ	12	0.0034	0.5315
154	ب	11	0.0031	0.4914
154	っ	11	0.0031	0.4914
154	て	11	0.0031	0.4914
154	よ	11	0.0031	0.4914
155	ف	10	0.0029	0.4624
155	ى	10	0.0029	0.4624
155	で	10	0.0029	0.4624
155	ら	10	0.0029	0.4624
156	ε	9	0.0026	0.415
156	日	9	0.0026	0.415
157	ţ	8	0.0023	0.3617
157	щ	8	0.0023	0.3617
157	す	8	0.0023	0.3617
157	と	8	0.0023	0.3617
157	も	8	0.0023	0.3617
158	ї	7	0.002	0.301
158	ع	7	0.002	0.301
158	ق	7	0.002	0.301
158	ه	7	0.002	0.301
158	ẑ	7	0.002	0.301
158	れ	7	0.002	0.301
159	̵	6	0.0017	0.2304
159	ح	6	0.0017	0.2304
159	ট	6	0.0017	0.2304
159	ে	6	0.0017	0.2304
159	だ	6	0.0017	0.2304
159	何	6	0.0017	0.2304
160	β	5	0.0014	0.1461
160	こ	5	0.0014	0.1461
160	ぬ	5	0.0014	0.1461
160	明	5	0.0014	0.1461
160	誰	5	0.0014	0.1461
160	ﾖ	5	0.0014	0.1461
161	ё	4	0.0011	0.0414
161	ز	4	0.0011	0.0414
161	র	4	0.0011	0.0414
161	া	4	0.0011	0.0414
161	ি	4	0.0011	0.0414
161	ව	4	0.0011	0.0414
161	あ	4	0.0011	0.0414
161	せ	4	0.0011	0.0414
161	め	4	0.0011	0.0414
161	り	4	0.0011	0.0414
161	を	4	0.0011	0.0414
161	取	4	0.0011	0.0414
161	求	4	0.0011	0.0414
161	流	4	0.0011	0.0414
162	ā	3	0.0009	-0.0458
162	ů	3	0.0009	-0.0458
162	ƹ	3	0.0009	-0.0458
162	ʒ	3	0.0009	-0.0458
162	̄	3	0.0009	-0.0458
162	̡	3	0.0009	-0.0458
162	̨	3	0.0009	-0.0458
162	ι	3	0.0009	-0.0458
162	ӝ	3	0.0009	-0.0458
162	ة	3	0.0009	-0.0458
162	ش	3	0.0009	-0.0458
162	ص	3	0.0009	-0.0458
162	ط	3	0.0009	-0.0458
162	々	3	0.0009	-0.0458
162	く	3	0.0009	-0.0458
162	ち	3	0.0009	-0.0458
162	ま	3	0.0009	-0.0458
162	ジ	3	0.0009	-0.0458
162	ー	3	0.0009	-0.0458
162	事	3	0.0009	-0.0458
162	今	3	0.0009	-0.0458
162	他	3	0.0009	-0.0458
162	僕	3	0.0009	-0.0458
162	君	3	0.0009	-0.0458
162	嘆	3	0.0009	-0.0458
162	娘	3	0.0009	-0.0458
162	彼	3	0.0009	-0.0458
162	戻	3	0.0009	-0.0458
162	知	3	0.0009	-0.0458
162	隠	3	0.0009	-0.0458
162	鳴	3	0.0009	-0.0458
163	ζ	2	0.0006	-0.2218
163	ο	2	0.0006	-0.2218
163	أ	2	0.0006	-0.2218
163	إ	2	0.0006	-0.2218
163	خ	2	0.0006	-0.2218
163	ই	2	0.0006	-0.2218
163	ক	2	0.0006	-0.2218
163	খ	2	0.0006	-0.2218
163	ছ	2	0.0006	-0.2218
163	ন	2	0.0006	-0.2218
163	ব	2	0.0006	-0.2218
163	ভ	2	0.0006	-0.2218
163	ম	2	0.0006	-0.2218
163	ল	2	0.0006	-0.2218
163	স	2	0.0006	-0.2218
163	ো	2	0.0006	-0.2218
163	ය	2	0.0006	-0.2218
163	ා	2	0.0006	-0.2218
163	ේ	2	0.0006	-0.2218
163	่	2	0.0006	-0.2218
163	え	2	0.0006	-0.2218
163	ど	2	0.0006	-0.2218
163	に	2	0.0006	-0.2218
163	ね	2	0.0006	-0.2218
163	ゃ	2	0.0006	-0.2218
163	ん	2	0.0006	-0.2218
163	ス	2	0.0006	-0.2218
163	ュ	2	0.0006	-0.2218
163	ラ	2	0.0006	-0.2218
163	二	2	0.0006	-0.2218
163	出	2	0.0006	-0.2218
163	動	2	0.0006	-0.2218
163	口	2	0.0006	-0.2218
163	名	2	0.0006	-0.2218
163	度	2	0.0006	-0.2218
163	手	2	0.0006	-0.2218
163	打	2	0.0006	-0.2218
163	異	2	0.0006	-0.2218
163	端	2	0.0006	-0.2218
163	者	2	0.0006	-0.2218
163	道	2	0.0006	-0.2218
163	霊	2	0.0006	-0.2218
163	鼓	2	0.0006	-0.2218
164	ē	1	0.0003	-0.5229
164	ī	1	0.0003	-0.5229
164	̇	1	0.0003	-0.5229
164	̌	1	0.0003	-0.5229
164	δ	1	0.0003	-0.5229
164	λ	1	0.0003	-0.5229
164	π	1	0.0003	-0.5229
164	ρ	1	0.0003	-0.5229
164	υ	1	0.0003	-0.5229
164	ό	1	0.0003	-0.5229
164	ذ	1	0.0003	-0.5229
164	ظ	1	0.0003	-0.5229
164	غ	1	0.0003	-0.5229
164	ً	1	0.0003	-0.5229
164	ّ	1	0.0003	-0.5229
164	ආ	1	0.0003	-0.5229
164	ජ	1	0.0003	-0.5229
164	බ	1	0.0003	-0.5229
164	ි	1	0.0003	-0.5229
164	ෝ	1	0.0003	-0.5229
164	ề	1	0.0003	-0.5229
164	げ	1	0.0003	-0.5229
164	ご	1	0.0003	-0.5229
164	さ	1	0.0003	-0.5229
164	じ	1	0.0003	-0.5229
164	ば	1	0.0003	-0.5229
164	ぱ	1	0.0003	-0.5229
164	ほ	1	0.0003	-0.5229
164	や	1	0.0003	-0.5229
164	る	1	0.0003	-0.5229
164	ろ	1	0.0003	-0.5229
164	イ	1	0.0003	-0.5229
164	ェ	1	0.0003	-0.5229
164	キ	1	0.0003	-0.5229
164	ツ	1	0.0003	-0.5229
164	ネ	1	0.0003	-0.5229
164	メ	1	0.0003	-0.5229
164	リ	1	0.0003	-0.5229
164	ワ	1	0.0003	-0.5229
164	ン	1	0.0003	-0.5229
164	不	1	0.0003	-0.5229
164	両	1	0.0003	-0.5229
164	了	1	0.0003	-0.5229
164	亏	1	0.0003	-0.5229
164	亡	1	0.0003	-0.5229
164	会	1	0.0003	-0.5229
164	伤	1	0.0003	-0.5229
164	你	1	0.0003	-0.5229
164	俺	1	0.0003	-0.5229
164	偉	1	0.0003	-0.5229
164	党	1	0.0003	-0.5229
164	共	1	0.0003	-0.5229
164	凍	1	0.0003	-0.5229
164	刀	1	0.0003	-0.5229
164	分	1	0.0003	-0.5229
164	切	1	0.0003	-0.5229
164	到	1	0.0003	-0.5229
164	単	1	0.0003	-0.5229
164	反	1	0.0003	-0.5229
164	合	1	0.0003	-0.5229
164	呀	1	0.0003	-0.5229
164	味	1	0.0003	-0.5229
164	命	1	0.0003	-0.5229
164	啊	1	0.0003	-0.5229
164	嘛	1	0.0003	-0.5229
164	在	1	0.0003	-0.5229
164	坊	1	0.0003	-0.5229
164	多	1	0.0003	-0.5229
164	太	1	0.0003	-0.5229
164	失	1	0.0003	-0.5229
164	対	1	0.0003	-0.5229
164	少	1	0.0003	-0.5229
164	岩	1	0.0003	-0.5229
164	崩	1	0.0003	-0.5229
164	干	1	0.0003	-0.5229
164	幽	1	0.0003	-0.5229
164	底	1	0.0003	-0.5229
164	开	1	0.0003	-0.5229
164	影	1	0.0003	-0.5229
164	思	1	0.0003	-0.5229
164	悲	1	0.0003	-0.5229
164	愀	1	0.0003	-0.5229
164	愁	1	0.0003	-0.5229
164	慢	1	0.0003	-0.5229
164	成	1	0.0003	-0.5229
164	我	1	0.0003	-0.5229
164	所	1	0.0003	-0.5229
164	救	1	0.0003	-0.5229
164	時	1	0.0003	-0.5229
164	東	1	0.0003	-0.5229
164	松	1	0.0003	-0.5229
164	果	1	0.0003	-0.5229
164	樀	1	0.0003	-0.5229
164	欁	1	0.0003	-0.5229
164	欲	1	0.0003	-0.5229
164	歩	1	0.0003	-0.5229
164	消	1	0.0003	-0.5229
164	点	1	0.0003	-0.5229
164	無	1	0.0003	-0.5229
164	物	1	0.0003	-0.5229
164	现	1	0.0003	-0.5229
164	甘	1	0.0003	-0.5229
164	的	1	0.0003	-0.5229
164	監	1	0.0003	-0.5229
164	督	1	0.0003	-0.5229
164	純	1	0.0003	-0.5229
164	総	1	0.0003	-0.5229
164	緩	1	0.0003	-0.5229
164	聡	1	0.0003	-0.5229
164	興	1	0.0003	-0.5229
164	虚	1	0.0003	-0.5229
164	蚌	1	0.0003	-0.5229
164	術	1	0.0003	-0.5229
164	言	1	0.0003	-0.5229
164	賛	1	0.0003	-0.5229
164	身	1	0.0003	-0.5229
164	軍	1	0.0003	-0.5229
164	輪	1	0.0003	-0.5229
164	追	1	0.0003	-0.5229
164	逃	1	0.0003	-0.5229
164	透	1	0.0003	-0.5229
164	郎	1	0.0003	-0.5229
164	酸	1	0.0003	-0.5229
164	鉄	1	0.0003	-0.5229
164	際	1	0.0003	-0.5229
164	離	1	0.0003	-0.5229
