Rank	Bigram	Frequency	Frequency per million	Zipf value
1	e$	47994488	33194.4933	7.5211
2	a$	43035133	29764.4479	7.4737
3	i$	37995343	26278.771	7.4196
4	o$	37862986	26187.2288	7.4181
5	^s	30772647	21283.3279	7.328
6	^p	26026745	18000.9132	7.2553
7	^n	25318126	17510.8101	7.2433
8	je	20360734	14082.1223	7.1487
9	^t	18556137	12834.0064	7.1084
10	m$	17991665	12443.5999	7.0949
11	^v	17433969	12057.8798	7.0813
12	^j	16275026	11256.3185	7.0514
13	^d	15566877	10766.5404	7.0321
14	^k	15506979	10725.1131	7.0304
15	^m	14694191	10162.9634	7.007
16	se	14164016	9796.2777	6.9911
17	^b	13729752	9495.9271	6.9775
18	na	13615334	9416.7921	6.9739
19	ne	13581727	9393.5484	6.9728
20	re	13581305	9393.2565	6.9728
21	ra	13532659	9359.6114	6.9713
22	po	13435723	9292.5675	6.9681
23	j$	13044043	9021.6693	6.9553
24	aj	13041485	9019.9001	6.9552
25	pr	12877547	8906.5154	6.9497
26	^z	12434616	8600.1705	6.9345
27	ka	12354823	8544.9831	6.9317
28	ni	12156909	8408.0996	6.9247
29	te	11894499	8226.6086	6.9152
30	em	11876108	8213.8888	6.9145
31	da	11635562	8047.5197	6.9057
32	ko	11449636	7918.9274	6.8987
33	st	11250222	7781.0064	6.891
34	ti	11146210	7709.0685	6.887
35	la	10875874	7522.0956	6.8763
36	li	10698907	7399.6997	6.8692
37	l$	10202931	7056.6671	6.8486
38	mo	10171968	7035.2521	6.8473
39	al	10095754	6982.5401	6.844
40	el	9433584	6524.5626	6.8146
41	il	9335243	6456.5469	6.81
42	^o	9328390	6451.8071	6.8097
43	^i	9255199	6401.1859	6.8063
44	ve	9228030	6382.395	6.805
45	en	9191159	6356.8939	6.8032
46	ri	9134617	6317.7876	6.8006
47	to	8809811	6093.1416	6.7848
48	n$	8761854	6059.9731	6.7825
49	no	8305531	5744.3658	6.7592
50	ja	8204255	5674.3201	6.7539
51	za	8156259	5641.1246	6.7514
52	bi	8013487	5542.379	6.7437
53	am	7949679	5498.2474	6.7402
54	bo	7934683	5487.8756	6.7394
55	ta	7639066	5283.4177	6.7229
56	va	7572405	5237.3128	6.7191
57	in	7225907	4997.6639	6.6988
58	or	7190913	4973.461	6.6967
59	im	7080413	4897.0357	6.6899
60	an	7061209	4883.7536	6.6888
61	ed	6880712	4758.9162	6.6775
62	ov	6860068	4744.6382	6.6762
63	ar	6793186	4698.3805	6.6719
64	v$	6733905	4657.3799	6.6681
65	me	6668544	4612.1742	6.6639
66	ak	6604091	4567.5965	6.6597
67	od	6543271	4525.5315	6.6557
68	le	6504386	4498.6374	6.6531
69	^r	6462587	4469.7279	6.6503
70	ma	6324162	4373.9888	6.6409
71	do	6234696	4312.1113	6.6347
72	ro	6036986	4175.3689	6.6207
73	av	5955172	4118.7838	6.6148
74	os	5944418	4111.3459	6.614
75	^g	5933928	4104.0907	6.6132
76	ga	5922583	4096.2442	6.6124
77	mi	5893695	4076.2643	6.6103
78	si	5814681	4021.6158	6.6044
79	lo	5704914	3945.6975	6.5961
80	če	5567307	3850.5242	6.5855
81	di	5532005	3826.1082	6.5828
82	it	5447773	3767.8507	6.5761
83	lj	5337995	3691.9248	6.5673
84	is	5283182	3654.0144	6.5628
85	vi	5265913	3642.0706	6.5613
86	de	5240437	3624.4506	6.5592
87	^l	5222545	3612.0759	6.5578
88	vo	5219179	3609.7479	6.5575
89	om	5159445	3568.434	6.5525
90	at	5042232	3487.3658	6.5425
91	er	5033031	3481.0021	6.5417
92	u$	4928739	3408.8705	6.5326
93	š$	4914115	3398.7561	6.5313
94	r$	4890216	3382.2268	6.5292
95	ol	4888679	3381.1637	6.5291
96	pa	4820627	3334.0968	6.523
97	et	4768359	3297.9467	6.5182
98	nj	4708104	3256.2724	6.5127
99	ob	4642581	3210.9546	6.5066
100	oj	4623398	3197.6871	6.5048
101	es	4468586	3090.6142	6.49
102	t$	4440916	3071.4768	6.4873
103	ot	4418035	3055.6516	6.4851
104	ek	4182251	2892.576	6.4613
105	oč	4138603	2862.3876	6.4567
106	tr	4126556	2854.0556	6.4555
107	s$	4050325	2801.3318	6.4474
108	go	4015479	2777.2312	6.4436
109	jo	4013853	2776.1066	6.4434
110	^č	3747324	2591.7668	6.4136
111	z$	3731920	2581.1129	6.4118
112	sa	3544825	2451.7122	6.3895
113	ji	3529383	2441.032	6.3876
114	as	3518815	2433.7228	6.3863
115	^u	3483861	2409.5475	6.3819
116	^a	3471200	2400.7908	6.3804
117	k$	3451051	2386.8551	6.3778
118	h$	3439492	2378.8606	6.3764
119	^h	3436405	2376.7255	6.376
120	az	3430338	2372.5294	6.3752
121	sl	3380669	2338.1767	6.3689
122	eg	3188472	2205.2472	6.3435
123	iš	3160449	2185.8657	6.3396
124	ad	3136778	2169.4941	6.3364
125	ik	3129210	2164.2598	6.3353
126	so	3123434	2160.2649	6.3345
127	og	3098419	2142.9638	6.331
128	še	3028220	2094.4119	6.3211
129	ej	3014577	2084.976	6.3191
130	ev	3009397	2081.3934	6.3184
131	on	3001389	2075.8548	6.3172
132	ij	2975429	2057.9	6.3134
133	d$	2959830	2047.1113	6.3111
134	sp	2953608	2042.8079	6.3102
135	^ž	2948228	2039.087	6.3094
136	aš	2930398	2026.7552	6.3068
137	sk	2928502	2025.4438	6.3065
138	ih	2798724	1935.6853	6.2868
139	ča	2714181	1877.2127	6.2735
140	iz	2687489	1858.7517	6.2692
141	ke	2653796	1835.4486	6.2637
142	ki	2605161	1801.8111	6.2557
143	^š	2534608	1753.0144	6.2438
144	ic	2487774	1720.6225	6.2357
145	či	2465179	1704.9951	6.2317
146	tu	2445816	1691.6031	6.2283
147	ju	2428157	1679.3895	6.2252
148	iv	2423872	1676.4259	6.2244
149	ič	2400744	1660.4299	6.2202
150	eč	2347034	1623.2823	6.2104
151	br	2341298	1619.3151	6.2093
152	kr	2307705	1596.0812	6.2031
153	be	2303934	1593.473	6.2023
154	dr	2301989	1592.1278	6.202
155	ok	2300466	1591.0744	6.2017
156	id	2288069	1582.5003	6.1993
157	vs	2270277	1570.1948	6.196
158	že	2247985	1554.7769	6.1917
159	ah	2238662	1548.3289	6.1899
160	eš	2230321	1542.56	6.1882
161	č$	2163770	1496.5312	6.1751
162	gr	2135634	1477.0715	6.1694
163	ži	2058161	1423.4887	6.1534
164	dn	1974501	1365.6268	6.1353
165	op	1927476	1333.1029	6.1249
166	ud	1891766	1308.4047	6.1167
167	us	1848706	1278.6231	6.1067
168	pe	1834890	1269.0675	6.1035
169	tv	1813714	1254.4215	6.0984
170	kl	1791154	1238.8183	6.093
171	eb	1760612	1217.6945	6.0855
172	gl	1752652	1212.1891	6.0836
173	pi	1749922	1210.3009	6.0829
174	ce	1728634	1195.5775	6.0776
175	ho	1640603	1134.6925	6.0549
176	^e	1616411	1117.9605	6.0484
177	ci	1592618	1101.5046	6.042
178	sv	1585036	1096.2606	6.0399
179	ru	1582233	1094.322	6.0391
180	hk	1566636	1083.5346	6.0348
181	ca	1560992	1079.631	6.0333
182	ir	1546799	1069.8147	6.0293
183	ša	1540334	1065.3433	6.0275
184	rj	1521176	1052.093	6.0221
185	^c	1496959	1035.3438	6.0151
186	ab	1496262	1034.8617	6.0149
187	čn	1474350	1019.7067	6.0085
188	ap	1471176	1017.5115	6.0075
189	ku	1464738	1013.0587	6.0056
190	sm	1453659	1005.3962	6.0023
191	zd	1436503	993.5305	5.9972
192	ba	1436377	993.4434	5.9971
193	oz	1414648	978.4149	5.9905
194	ač	1392034	962.7744	5.9835
195	zn	1387602	959.7091	5.9821
196	ez	1373895	950.2289	5.9778
197	oš	1357708	939.0334	5.9727
198	ha	1353518	936.1355	5.9713
199	ub	1338902	926.0266	5.9666
200	ep	1337195	924.846	5.9661
201	uj	1306786	903.8142	5.9561
202	rn	1300109	899.1962	5.9539
203	vr	1295456	895.978	5.9523
204	ze	1293913	894.9108	5.9518
205	um	1259386	871.0309	5.94
206	ag	1256076	868.7416	5.9389
207	tn	1249014	863.8573	5.9364
208	lu	1184505	819.2408	5.9134
209	up	1145143	792.0168	5.8987
210	du	1122187	776.1397	5.8899
211	vl	1118671	773.708	5.8886
212	rt	1118286	773.4417	5.8884
213	^f	1107557	766.0212	5.8842
214	ož	1105428	764.5487	5.8834
215	ši	1102346	762.4171	5.8822
216	ut	1101879	762.0941	5.882
217	mu	1098346	759.6505	5.8806
218	nt	1084666	750.189	5.8752
219	ec	1078138	745.6741	5.8725
220	pl	1068172	738.7813	5.8685
221	zg	1062923	735.1509	5.8664
222	y$	1048831	725.4044	5.8606
223	vn	1028275	711.1872	5.852
224	sn	1009548	698.2351	5.844
225	bl	992238	686.2629	5.8365
226	zi	991315	685.6245	5.8361
227	uk	988980	684.0096	5.8351
228	ge	976037	675.0578	5.8293
229	pu	954384	660.0819	5.8196
230	kd	938581	649.1521	5.8123
231	c$	932331	644.8294	5.8094
232	g$	927963	641.8083	5.8074
233	ža	924398	639.3427	5.8057
234	ln	922248	637.8556	5.8047
235	ež	884295	611.6062	5.7865
236	ug	868428	600.632	5.7786
237	dv	863114	596.9567	5.7759
238	ur	860970	595.4739	5.7749
239	sr	857308	592.9411	5.773
240	šl	852279	589.4629	5.7705
241	hi	839571	580.6736	5.7639
242	un	837897	579.5158	5.7631
243	co	820280	567.3314	5.7538
244	ig	812842	562.187	5.7499
245	šč	807522	558.5075	5.747
246	nd	806959	558.1182	5.7467
247	ip	799115	552.693	5.7425
248	ču	795595	550.2585	5.7406
249	he	787288	544.5131	5.736
250	eh	744385	514.84	5.7117
251	ns	742214	513.3385	5.7104
252	uš	726440	502.4287	5.7011
253	gi	715613	494.9404	5.6946
254	mp	713225	493.2888	5.6931
255	nu	710770	491.5908	5.6916
256	nc	695057	480.7232	5.6819
257	zu	692007	478.6137	5.68
258	mr	687449	475.4613	5.6771
259	bu	684093	473.1402	5.675
260	šk	675328	467.078	5.6694
261	rd	659668	456.2471	5.6592
262	vz	653561	452.0233	5.6552
263	oh	652089	451.0052	5.6542
264	ac	633582	438.2052	5.6417
265	šn	630980	436.4056	5.6399
266	hv	630532	436.0957	5.6396
267	už	618188	427.5582	5.631
268	jt	609817	421.7686	5.6251
269	rk	606900	419.7511	5.623
270	nk	599025	414.3045	5.6173
271	zv	593994	410.8249	5.6137
272	kj	593530	410.504	5.6133
273	zm	579121	400.5382	5.6026
274	bn	575225	397.8437	5.5997
275	dl	573507	396.6554	5.5984
276	až	570661	394.687	5.5963
277	št	556140	384.6439	5.5851
278	zo	551106	381.1622	5.5811
279	jn	546601	378.0464	5.5775
280	ll	542934	375.5102	5.5746
281	jš	538916	372.7312	5.5714
282	ie	535906	370.6494	5.569
283	gu	533974	369.3132	5.5674
284	su	523112	361.8007	5.5585
285	mn	515035	356.2144	5.5517
286	žn	514261	355.679	5.5511
287	ch	507699	351.1406	5.5455
288	rv	494283	341.8616	5.5339
289	rs	488734	338.0238	5.5289
290	fa	488292	337.7181	5.5286
291	rb	484750	335.2683	5.5254
292	ul	476417	329.5049	5.5179
293	rl	473882	327.7517	5.5155
294	dp	467976	323.6669	5.5101
295	uč	456107	315.4579	5.4989
296	kš	447741	309.6717	5.4909
297	jd	436475	301.8798	5.4798
298	tj	436145	301.6516	5.4795
299	zl	432309	298.9985	5.4757
300	zb	419875	290.3987	5.463
301	b$	415768	287.5582	5.4587
302	rž	413558	286.0297	5.4564
303	js	412706	285.4404	5.4555
304	čk	406688	281.2782	5.4491
305	dj	406354	281.0472	5.4488
306	ng	405591	280.5195	5.448
307	hu	404286	279.6169	5.4466
308	ia	395267	273.3791	5.4368
309	nč	392613	271.5435	5.4338
310	ck	382706	264.6915	5.4227
311	mb	374824	259.24	5.4137
312	ml	372200	257.4252	5.4107
313	kn	369031	255.2334	5.4069
314	au	365301	252.6536	5.4025
315	oc	362255	250.5469	5.3989
316	ds	357823	247.4816	5.3935
317	^w	357446	247.2209	5.3931
318	fi	354612	245.2608	5.3896
319	jb	351372	243.0199	5.3856
320	rg	349192	241.5121	5.3829
321	p$	343544	237.6058	5.3759
322	tk	334272	231.193	5.364
323	gn	329985	228.228	5.3584
324	čl	324070	224.137	5.3505
325	hn	314820	217.7394	5.3379
326	kt	313200	216.6189	5.3357
327	th	312810	216.3492	5.3352
328	šo	309734	214.2217	5.3309
329	fo	309509	214.0661	5.3305
330	nn	307435	212.6317	5.3276
331	uh	306323	211.8626	5.3261
332	vp	304808	210.8148	5.3239
333	lc	301273	208.3699	5.3188
334	lk	293608	203.0685	5.3076
335	zr	286635	198.2458	5.2972
336	io	282235	195.2026	5.2905
337	vt	282131	195.1306	5.2903
338	hr	277584	191.9858	5.2833
339	ea	273994	189.5028	5.2776
340	fr	271726	187.9342	5.274
341	tl	270505	187.0897	5.272
342	ks	266498	184.3184	5.2656
343	rc	265348	183.523	5.2637
344	rm	265260	183.4621	5.2635
345	ib	265213	183.4296	5.2635
346	ž$	252799	174.8437	5.2426
347	sh	250874	173.5123	5.2393
348	ei	244715	169.2526	5.2285
349	vš	244601	169.1737	5.2283
350	ee	241865	167.2814	5.2234
351	lg	241504	167.0317	5.2228
352	ey	240675	166.4584	5.2213
353	iž	239482	165.6333	5.2191
354	dk	239458	165.6167	5.2191
355	ef	234921	162.4787	5.2108
356	ai	234297	162.0472	5.2096
357	jm	234158	161.951	5.2094
358	čr	233515	161.5063	5.2082
359	eo	230599	159.4895	5.2027
360	zp	230376	159.3353	5.2023
361	hč	228266	157.8759	5.1983
362	žj	227947	157.6553	5.1977
363	db	227514	157.3558	5.1969
364	ry	222555	153.926	5.1873
365	oo	220183	152.2855	5.1827
366	vj	215706	149.189	5.1737
367	zk	209620	144.9798	5.1613
368	wa	204863	141.6897	5.1513
369	rr	202116	139.7898	5.1455
370	tt	198647	137.3905	5.138
371	čo	198453	137.2563	5.1375
372	vk	197223	136.4056	5.1348
373	ou	194414	134.4628	5.1286
374	žb	186986	129.3254	5.1117
375	oi	186800	129.1967	5.1113
376	bs	184771	127.7934	5.1065
377	eu	181324	125.4094	5.0983
378	cu	179639	124.244	5.0943
379	fe	178258	123.2888	5.0909
380	vč	173922	120.2899	5.0802
381	ly	173271	119.8397	5.0786
382	km	172102	119.0311	5.0757
383	dg	171334	118.5	5.0737
384	čj	170229	117.7357	5.0709
385	ss	169303	117.0953	5.0685
386	ay	166838	115.3904	5.0622
387	rš	165723	114.6192	5.0593
388	of	164551	113.8086	5.0562
389	rč	161796	111.9032	5.0488
390	f$	154764	107.0396	5.0295
391	sc	153803	106.375	5.0268
392	uc	152406	105.4088	5.0229
393	ls	151683	104.9087	5.0208
394	dd	149516	103.41	5.0146
395	ps	146589	101.3856	5.006
396	ld	145158	100.3958	5.0017
397	af	144597	100.0078	5.0
398	lt	141823	98.0892	4.9916
399	ny	140388	97.0967	4.9872
400	pn	137171	94.8718	4.9771
401	wi	136945	94.7155	4.9764
402	if	133191	92.1191	4.9643
403	hl	132121	91.379	4.9608
404	mm	130018	89.9245	4.9539
405	lm	129103	89.2917	4.9508
406	zj	128392	88.7999	4.9484
407	rz	127027	87.8559	4.9438
408	kv	126325	87.3703	4.9414
409	yj	123757	85.5942	4.9324
410	ht	122940	85.0292	4.9296
411	žu	122529	84.7449	4.9281
412	ii	121753	84.2082	4.9254
413	rp	121191	83.8195	4.9233
414	žk	120503	83.3437	4.9209
415	dy	119971	82.9757	4.919
416	bč	118235	81.775	4.9126
417	ow	113454	78.4683	4.8947
418	dš	112734	77.9704	4.8919
419	jk	111577	77.1702	4.8874
420	cl	111268	76.9564	4.8862
421	^y	109882	75.9978	4.8808
422	ts	108035	74.7204	4.8734
423	jv	106560	73.7002	4.8675
424	ew	106385	73.5792	4.8668
425	dm	105676	73.0888	4.8639
426	vd	104549	72.3094	4.8592
427	w$	102583	70.9496	4.8509
428	pt	102234	70.7082	4.8495
429	ph	101956	70.516	4.8483
430	žg	101177	69.9772	4.845
431	oe	99893	69.0891	4.8394
432	x$	99883	69.0822	4.8394
433	jh	98819	68.3463	4.8347
434	we	98793	68.3283	4.8346
435	vu	97885	67.7003	4.8306
436	ua	97715	67.5828	4.8298
437	fu	96399	66.6726	4.8239
438	jc	95506	66.0549	4.8199
439	ae	93069	64.3694	4.8087
440	dz	91921	63.5754	4.8033
441	rh	87741	60.6844	4.7831
442	dt	86669	59.943	4.7777
443	zs	86604	59.898	4.7774
444	my	85509	59.1407	4.7719
445	ya	85375	59.048	4.7712
446	ty	83918	58.0403	4.7637
447	ms	83084	57.4635	4.7594
448	jp	81411	56.3064	4.7506
449	yo	80955	55.991	4.7481
450	vc	79757	55.1624	4.7416
451	yl	78266	54.1312	4.7334
452	uz	77627	53.6893	4.7299
453	ff	76961	53.2286	4.7261
454	žr	76485	52.8994	4.7235
455	jl	76312	52.7798	4.7225
456	ui	76194	52.6982	4.7218
457	ue	76075	52.6159	4.7211
458	bj	75875	52.4775	4.72
459	bd	75697	52.3544	4.719
460	lž	75558	52.2583	4.7182
461	ex	74980	51.8585	4.7148
462	cr	74609	51.6019	4.7127
463	fl	74338	51.4145	4.7111
464	šu	73360	50.7381	4.7053
465	bt	72316	50.016	4.6991
466	bb	71049	49.1397	4.6914
467	kc	70147	48.5159	4.6859
468	by	69913	48.354	4.6844
469	bv	69643	48.1673	4.6828
470	mc	68701	47.5158	4.6768
471	ao	68046	47.0627	4.6727
472	oa	67618	46.7667	4.6699
473	ky	67432	46.6381	4.6687
474	žo	67157	46.4479	4.667
475	wo	65385	45.2223	4.6554
476	šp	64549	44.6441	4.6498
477	dh	63582	43.9753	4.6432
478	sb	62875	43.4863	4.6384
479	zh	61036	42.2144	4.6255
480	gh	60162	41.6099	4.6192
481	zt	57919	40.0586	4.6027
482	nf	57867	40.0226	4.6023
483	nz	57583	39.8262	4.6002
484	uv	57566	39.8145	4.6
485	yn	57389	39.692	4.5987
486	oy	56435	39.0322	4.5914
487	qu	55462	38.3593	4.5839
488	bš	53958	37.319	4.5719
489	aw	53616	37.0825	4.5692
490	lč	53396	36.9303	4.5674
491	ye	52532	36.3328	4.5603
492	zz	51855	35.8645	4.5547
493	tc	48770	33.7309	4.528
494	pš	48673	33.6638	4.5272
495	sj	47772	33.0406	4.519
496	cy	46822	32.3836	4.5103
497	aa	46680	32.2854	4.509
498	gg	46043	31.8448	4.503
499	lv	45887	31.7369	4.5016
500	lf	45013	31.1324	4.4932
500	lp	45013	31.1324	4.4932
501	ct	44648	30.88	4.4897
502	ax	44593	30.8419	4.4891
503	pp	44432	30.7306	4.4876
504	gd	43681	30.2111	4.4802
505	dč	43675	30.207	4.4801
506	-j	42914	29.6807	4.4725
507	lb	42301	29.2567	4.4662
508	lz	41241	28.5236	4.4552
509	iu	40934	28.3112	4.452
510	nr	40585	28.0699	4.4482
511	šj	40079	27.7199	4.4428
512	jč	39098	27.0414	4.432
513	dž	38513	26.6368	4.4255
514	vb	37415	25.8774	4.4129
515	tm	37200	25.7287	4.4104
516	bk	37076	25.6429	4.409
517	hm	36625	25.331	4.4037
518	uf	36350	25.1408	4.4004
519	sy	35755	24.7293	4.3932
520	cn	34692	23.9941	4.3801
521	gs	33227	22.9808	4.3614
522	^q	33211	22.9698	4.3612
523	nl	31656	21.8943	4.3403
524	a-	31443	21.747	4.3374
525	cc	31442	21.7463	4.3374
526	wh	30948	21.4046	4.3305
527	hy	30370	21.0048	4.3223
528	e-	29857	20.65	4.3149
529	o-	29639	20.4993	4.3117
530	nš	29171	20.1756	4.3048
531	dc	29153	20.1631	4.3046
532	fb	28822	19.9342	4.2996
533	rf	28463	19.6859	4.2942
534	bm	27827	19.246	4.2843
535	yd	27400	18.9507	4.2776
536	tz	27395	18.9472	4.2775
537	mk	27317	18.8933	4.2763
538	cv	27297	18.8795	4.276
539	gt	25741	17.8033	4.2505
540	wn	25599	17.7051	4.2481
541	ys	25146	17.3918	4.2403
542	i-	25066	17.3364	4.239
543	nv	25063	17.3344	4.2389
544	xa	25035	17.315	4.2384
545	pk	24882	17.2092	4.2358
546	vm	24821	17.167	4.2347
547	dw	24539	16.9719	4.2297
548	žl	24264	16.7817	4.2248
549	-a	23808	16.4664	4.2166
550	yu	23667	16.3688	4.214
551	vž	23404	16.1869	4.2092
552	ix	23271	16.095	4.2067
553	zš	23183	16.0341	4.205
554	pc	22409	15.4988	4.1903
555	nb	22341	15.4517	4.189
556	ox	22229	15.3743	4.1868
557	nh	22180	15.3404	4.1858
558	pj	21339	14.7587	4.169
559	sw	20126	13.9198	4.1436
560	ft	19983	13.8209	4.1405
561	^x	19972	13.8133	4.1403
562	xi	19729	13.6452	4.135
563	mv	19565	13.5318	4.1314
564	ws	19105	13.2136	4.121
565	n-	18329	12.6769	4.103
566	's	17485	12.0932	4.0825
567	-s	17243	11.9258	4.0765
568	čv	17171	11.876	4.0747
569	kh	16630	11.5018	4.0608
570	čm	16548	11.4451	4.0586
571	cm	16491	11.4057	4.0571
572	yr	16424	11.3594	4.0554
573	-o	16421	11.3573	4.0553
574	o'	16301	11.2743	4.0521
575	-p	16267	11.2508	4.0512
576	vh	15091	10.4374	4.0186
577	zč	15057	10.4139	4.0176
578	žv	15050	10.4091	4.0174
579	mt	14915	10.3157	4.0135
580	bc	14896	10.3025	4.0129
581	yi	14754	10.2043	4.0088
582	-m	14443	9.9892	3.9995
583	wr	14414	9.9692	3.9987
584	sf	14377	9.9436	3.9975
585	tw	14316	9.9014	3.9957
586	-h	14202	9.8225	3.9922
587	ym	13923	9.6296	3.9836
588	wy	13357	9.2381	3.9656
589	pč	13324	9.2153	3.9645
590	mš	13298	9.1973	3.9637
591	^'	13187	9.1205	3.96
592	-t	12960	8.9635	3.9525
593	šv	12873	8.9034	3.9496
594	-d	12569	8.6931	3.9392
595	yw	12415	8.5866	3.9338
596	kg	12134	8.3923	3.9239
597	mč	12067	8.3459	3.9215
598	r-	12061	8.3418	3.9213
599	bž	11993	8.2947	3.9188
600	gv	11790	8.1543	3.9114
601	jz	11758	8.1322	3.9102
602	t-	11642	8.052	3.9059
603	l-	11514	7.9634	3.9011
604	-b	11420	7.8984	3.8975
605	xo	11304	7.8182	3.8931
606	m-	11110	7.684	3.8856
607	jr	10954	7.5761	3.8794
608	'$	10929	7.5588	3.8785
609	hh	10900	7.5388	3.8773
610	xt	10844	7.5001	3.8751
611	-u	10831	7.4911	3.8745
612	s-	10820	7.4835	3.8741
613	yt	10800	7.4696	3.8733
614	nž	10626	7.3493	3.8662
615	wl	10542	7.2912	3.8628
616	yc	10498	7.2607	3.861
617	a'	10405	7.1964	3.8571
618	-e	10385	7.1826	3.8563
619	rw	10297	7.1217	3.8526
620	py	10208	7.0602	3.8488
621	k-	10125	7.0028	3.8453
622	gj	10109	6.9917	3.8446
623	td	10099	6.9848	3.8442
624	d-	9964	6.8914	3.8383
625	-k	9715	6.7192	3.8273
626	lh	9700	6.7088	3.8266
627	gy	9536	6.5954	3.8192
628	md	9328	6.4515	3.8097
629	uu	9320	6.446	3.8093
630	zy	9259	6.4038	3.8064
631	-n	9176	6.3464	3.8025
632	cg	9133	6.3167	3.8005
633	y-	9100	6.2938	3.7989
634	yb	9039	6.2517	3.796
635	gw	9001	6.2254	3.7942
636	-l	8901	6.1562	3.7893
637	l'	8847	6.1189	3.7867
638	vg	8831	6.1078	3.7859
639	n'	8598	5.9466	3.7743
640	bz	8525	5.8962	3.7706
641	cd	8499	5.8782	3.7692
642	gm	8328	5.7599	3.7604
643	sd	8303	5.7426	3.7591
644	u-	8287	5.7315	3.7583
645	mf	8250	5.706	3.7563
646	šm	7974	5.5151	3.7416
647	-r	7906	5.468	3.7378
648	ux	7885	5.4535	3.7367
649	lr	7757	5.365	3.7296
650	kk	7689	5.318	3.7257
651	h-	7685	5.3152	3.7255
652	g-	7630	5.2771	3.7224
653	vy	7574	5.2384	3.7192
654	zc	7506	5.1914	3.7153
655	wu	7480	5.1734	3.7138
656	'c	7362	5.0918	3.7069
657	uo	7282	5.0365	3.7021
658	nm	7211	4.9874	3.6979
659	sg	7198	4.9784	3.6971
660	mh	7059	4.8822	3.6886
661	nw	7010	4.8483	3.6856
662	'n	6991	4.8352	3.6844
663	fs	6961	4.8144	3.6825
664	-i	6946	4.8041	3.6816
665	xu	6767	4.6803	3.6703
666	lš	6752	4.6699	3.6693
667	fy	6722	4.6491	3.6674
667	hs	6722	4.6491	3.6674
668	gb	6693	4.6291	3.6655
669	aq	6625	4.5821	3.6611
670	šc	6527	4.5143	3.6546
671	d'	6463	4.47	3.6503
672	kb	6458	4.4666	3.65
673	c-	6435	4.4506	3.6484
674	kw	6316	4.3683	3.6403
675	cq	6288	4.349	3.6384
676	iq	6220	4.3019	3.6337
677	-v	6217	4.2999	3.6335
678	xe	6176	4.2715	3.6306
679	wk	6159	4.2598	3.6294
680	iy	6117	4.2307	3.6264
681	np	6110	4.2259	3.6259
682	uy	6101	4.2196	3.6253
683	q$	6100	4.219	3.6252
684	sč	6079	4.2044	3.6237
685	p-	6049	4.1837	3.6216
686	tg	6018	4.1622	3.6193
687	j-	5985	4.1394	3.6169
688	-c	5972	4.1304	3.616
689	'a	5846	4.0433	3.6067
690	df	5814	4.0211	3.6043
691	't	5758	3.9824	3.6001
692	cs	5753	3.979	3.5998
693	wc	5641	3.9015	3.5912
694	hw	5632	3.8953	3.5905
695	é$	5621	3.8877	3.5897
696	hc	5571	3.8531	3.5858
697	yp	5507	3.8088	3.5808
698	v-	5486	3.7943	3.5791
699	bh	5472	3.7846	3.578
700	'r	5421	3.7493	3.574
700	gč	5421	3.7493	3.574
701	zž	5338	3.6919	3.5672
702	mj	5278	3.6504	3.5623
703	fg	5153	3.564	3.5519
704	šš	5084	3.5163	3.5461
705	yk	5046	3.49	3.5428
706	'u	5035	3.4824	3.5419
707	tf	5020	3.472	3.5406
708	sq	4953	3.4257	3.5347
709	tb	4929	3.4091	3.5326
710	lw	4882	3.3765	3.5285
711	gp	4673	3.232	3.5095
712	-g	4622	3.1967	3.5047
713	r'	4608	3.187	3.5034
714	žm	4507	3.1172	3.4938
715	-z	4318	2.9865	3.4752
716	-f	4269	2.9526	3.4702
717	t'	4153	2.8723	3.4582
718	pm	4136	2.8606	3.4565
719	wt	4107	2.8405	3.4534
720	e'	4069	2.8142	3.4494
721	pb	3951	2.7326	3.4366
722	'm	3949	2.7313	3.4364
723	hb	3942	2.7264	3.4356
724	cb	3888	2.6891	3.4296
725	sz	3887	2.6884	3.4295
726	-w	3876	2.6808	3.4283
727	'd	3819	2.6413	3.4218
728	i'	3762	2.6019	3.4153
729	hd	3725	2.5763	3.411
730	čb	3692	2.5535	3.4071
731	fm	3687	2.55	3.4065
732	b-	3662	2.5328	3.4036
733	yv	3583	2.4781	3.3941
734	jg	3534	2.4442	3.3881
735	k'	3460	2.393	3.3789
736	gf	3337	2.308	3.3632
737	pd	3325	2.2997	3.3617
738	gk	3302	2.2838	3.3587
739	fn	3252	2.2492	3.352
740	cp	3245	2.2443	3.3511
741	rq	3240	2.2409	3.3504
742	'e	3237	2.2388	3.35
743	mz	3220	2.2271	3.3477
744	z-	3210	2.2201	3.3464
745	mw	3133	2.1669	3.3358
746	cj	3081	2.1309	3.3286
747	'b	3030	2.0956	3.3213
748	wm	3011	2.0825	3.3186
749	jj	2983	2.0631	3.3145
750	xx	2958	2.0458	3.3109
750	xy	2958	2.0458	3.3109
751	cf	2947	2.0382	3.3092
752	yf	2872	1.9864	3.2981
753	nx	2835	1.9608	3.2924
754	x-	2806	1.9407	3.288
755	'l	2738	1.8937	3.2773
756	fk	2694	1.8633	3.2703
757	mg	2675	1.8501	3.2672
758	qi	2670	1.8467	3.2664
759	pf	2664	1.8425	3.2654
759	xp	2664	1.8425	3.2654
760	wd	2636	1.8231	3.2608
761	ić	2572	1.7789	3.2502
762	xl	2539	1.7561	3.2445
763	iw	2533	1.7519	3.2435
764	bg	2500	1.7291	3.2378
765	-č	2468	1.7069	3.2322
766	jf	2442	1.689	3.2276
767	ím	2396	1.6571	3.2193
768	-y	2343	1.6205	3.2096
769	gc	2326	1.6087	3.2065
770	tp	2288	1.5825	3.1993
771	sí	2282	1.5783	3.1982
772	žc	2277	1.5748	3.1972
773	hj	2274	1.5728	3.1967
774	y'	2271	1.5707	3.1961
775	f'	2267	1.5679	3.1953
776	'k	2212	1.5299	3.1847
777	ć$	2166	1.4981	3.1755
778	'o	2147	1.4849	3.1717
779	'v	2120	1.4663	3.1662
780	wf	2100	1.4524	3.1621
781	xf	2084	1.4414	3.1588
782	mé	2043	1.413	3.1501
783	'h	2041	1.4116	3.1497
784	wb	2034	1.4068	3.1482
785	čt	1983	1.3715	3.1372
786	yg	1948	1.3473	3.1295
787	u'	1927	1.3328	3.1248
788	f-	1893	1.3093	3.117
789	'j	1862	1.2878	3.1098
790	kf	1836	1.2698	3.1037
791	kp	1832	1.2671	3.1028
792	će	1804	1.2477	3.0961
793	eq	1770	1.2242	3.0879
794	hp	1753	1.2124	3.0836
795	jé	1721	1.1903	3.0757
796	qa	1710	1.1827	3.0729
797	cz	1681	1.1626	3.0654
798	éa	1594	1.1025	3.0424
799	w-	1500	1.0374	3.0159
800	uq	1494	1.0333	3.0142
801	èe	1470	1.0167	3.0072
802	šr	1461	1.0105	3.0045
803	^â	1458	1.0084	3.0036
804	xc	1408	0.9738	2.9885
805	ş$	1387	0.9593	2.982
806	lé	1371	0.9482	2.9769
807	ón	1356	0.9379	2.9722
808	'f	1346	0.9309	2.9689
809	zf	1332	0.9213	2.9644
810	ré	1330	0.9199	2.9637
811	b'	1320	0.913	2.9605
812	nq	1318	0.9116	2.9598
813	-š	1310	0.906	2.9571
814	-ž	1278	0.8839	2.9464
814	xb	1278	0.8839	2.9464
815	hé	1261	0.8721	2.9406
816	oć	1259	0.8708	2.9399
817	jž	1257	0.8694	2.9392
818	yz	1244	0.8604	2.9347
819	ün	1230	0.8507	2.9298
820	fd	1210	0.8369	2.9227
821	té	1209	0.8362	2.9223
822	hf	1206	0.8341	2.9212
823	xv	1185	0.8196	2.9136
824	šd	1179	0.8154	2.9114
825	éo	1177	0.8141	2.9107
826	âş	1174	0.812	2.9096
827	fc	1169	0.8085	2.9077
828	él	1168	0.8078	2.9073
829	ą$	1166	0.8064	2.9066
830	rx	1152	0.7968	2.9013
831	oq	1150	0.7954	2.9006
832	'i	1147	0.7933	2.8994
833	bp	1137	0.7864	2.8956
834	^ć	1134	0.7843	2.8945
835	uw	1133	0.7836	2.8941
836	yh	1124	0.7774	2.8906
837	čc	1113	0.7698	2.8864
838	mó	1110	0.7677	2.8852
839	sé	1092	0.7553	2.8781
840	xw	1091	0.7546	2.8777
841	oè	1066	0.7373	2.8676
842	^è	1014	0.7013	2.8459
843	ią	989	0.684	2.8351
844	ér	983	0.6799	2.8324
845	pg	972	0.6723	2.8276
846	vv	968	0.6695	2.8258
847	ür	966	0.6681	2.8248
848	m'	962	0.6653	2.823
849	'p	956	0.6612	2.8203
850	mü	938	0.6488	2.8121
851	ća	937	0.6481	2.8116
852	wg	933	0.6453	2.8098
853	xs	927	0.6411	2.8069
854	mž	924	0.6391	2.8056
855	vé	922	0.6377	2.8046
856	aą	921	0.637	2.8041
857	s'	912	0.6308	2.7999
858	fü	902	0.6239	2.7951
859	ąe	895	0.619	2.7917
860	^ľ	889	0.6149	2.7888
861	né	881	0.6093	2.7848
862	eć	875	0.6052	2.7819
863	ći	868	0.6003	2.7784
864	č-	863	0.5969	2.7759
865	žč	846	0.5851	2.7672
866	hg	836	0.5782	2.7621
867	žd	833	0.5761	2.7605
868	hz	818	0.5658	2.7527
868	wj	818	0.5658	2.7527
869	üh	812	0.5616	2.7494
870	zw	802	0.5547	2.7441
871	^é	788	0.545	2.7364
872	fj	785	0.5429	2.7347
873	pv	775	0.536	2.7292
874	és	774	0.5353	2.7286
875	éj	769	0.5319	2.7258
876	'g	741	0.5125	2.7097
876	vf	741	0.5125	2.7097
877	mô	737	0.5097	2.7073
878	eè	725	0.5014	2.7002
879	ó$	721	0.4987	2.6978
880	'z	716	0.4952	2.6948
881	ôr	699	0.4835	2.6844
882	ço	683	0.4724	2.6743
883	ľe	682	0.4717	2.6737
884	c'	680	0.4703	2.6724
884	fh	680	0.4703	2.6724
885	ée	676	0.4675	2.6698
886	tx	674	0.4662	2.6686
887	èa	673	0.4655	2.6679
888	v'	672	0.4648	2.6673
889	tč	671	0.4641	2.6666
890	gz	669	0.4627	2.6653
891	dé	668	0.462	2.6646
892	én	665	0.4599	2.6627
893	ör	659	0.4558	2.6588
894	á$	656	0.4537	2.6568
895	èi	655	0.453	2.6561
896	š-	653	0.4516	2.6548
897	nç	650	0.4496	2.6528
898	iè	632	0.4371	2.6406
898	ĺˇ	632	0.4371	2.6406
899	wp	626	0.433	2.6365
900	cé	620	0.4288	2.6323
901	è$	619	0.4281	2.6315
902	čť	604	0.4177	2.6209
903	^ą	598	0.4136	2.6166
904	eą	594	0.4108	2.6136
905	kč	589	0.4074	2.61
906	g'	585	0.4046	2.607
906	rö	585	0.4046	2.607
907	fp	584	0.4039	2.6063
908	j'	583	0.4032	2.6055
909	kz	580	0.4011	2.6033
910	ąa	570	0.3942	2.5957
911	ét	566	0.3915	2.5927
912	pz	559	0.3866	2.5873
913	yy	556	0.3845	2.5849
914	ľi	553	0.3825	2.5826
915	ém	523	0.3617	2.5583
916	ńo	519	0.359	2.5551
917	čs	510	0.3527	2.5474
918	h'	502	0.3472	2.5406
919	q-	501	0.3465	2.5397
920	ać	500	0.3458	2.5388
921	bw	499	0.3451	2.5379
922	-x	496	0.343	2.5353
923	čp	494	0.3417	2.5336
924	bé	489	0.3382	2.5292
925	^đ	482	0.3334	2.523
926	hq	480	0.332	2.5211
927	án	479	0.3313	2.5202
928	ép	468	0.3237	2.5101
929	lq	466	0.3223	2.5083
930	^ˇ	462	0.3195	2.5045
931	ía	461	0.3188	2.5035
932	žt	457	0.3161	2.4998
933	eń	450	0.3112	2.493
934	cw	444	0.3071	2.4873
935	xr	442	0.3057	2.4853
936	šs	438	0.3029	2.4813
937	xm	429	0.2967	2.4723
938	pw	424	0.2933	2.4673
939	oé	423	0.2926	2.4663
940	ww	417	0.2884	2.46
941	í$	415	0.287	2.4579
942	qo	409	0.2829	2.4516
943	xh	407	0.2815	2.4495
944	má	406	0.2808	2.4484
945	px	404	0.2794	2.4462
946	éd	398	0.2753	2.4398
947	öm	390	0.2697	2.4309
948	qe	389	0.269	2.4298
949	gö	386	0.267	2.4265
950	xn	384	0.2656	2.4242
951	^ĺ	381	0.2635	2.4208
951	vx	381	0.2635	2.4208
952	yx	380	0.2628	2.4196
953	èn	379	0.2621	2.4185
954	ću	369	0.2552	2.4069
955	p'	361	0.2497	2.3974
956	zü	360	0.249	2.3962
957	gš	355	0.2455	2.3901
957	ˇ$	355	0.2455	2.3901
958	aè	353	0.2441	2.3876
959	ąi	344	0.2379	2.3764
960	gü	341	0.2358	2.3725
961	pé	340	0.2352	2.3714
962	jö	335	0.2317	2.3649
963	-q	328	0.2269	2.3558
964	â$	325	0.2248	2.3518
965	'č	324	0.2241	2.3504
965	^á	324	0.2241	2.3504
965	jy	324	0.2241	2.3504
966	rí	318	0.2199	2.3422
966	ˇó	318	0.2199	2.3422
967	ás	317	0.2192	2.3408
968	ćn	313	0.2165	2.3355
968	čd	313	0.2165	2.3355
969	tš	311	0.2151	2.3326
970	oľ	305	0.2109	2.3241
971	šb	302	0.2089	2.3199
971	ťe	302	0.2089	2.3199
972	fé	298	0.2061	2.3141
973	dí	293	0.2026	2.3066
974	rü	292	0.202	2.3054
975	úm	288	0.1992	2.2993
976	bf	284	0.1964	2.2931
976	ál	284	0.1964	2.2931
977	gé	276	0.1909	2.2808
978	oą	274	0.1895	2.2776
979	ąč	270	0.1867	2.2711
980	mx	269	0.186	2.2695
981	ön	265	0.1833	2.2632
981	ž-	265	0.1833	2.2632
982	jw	263	0.1819	2.2598
983	ój	262	0.1812	2.2582
984	ié	261	0.1805	2.2565
985	rä	259	0.1791	2.2531
986	lá	256	0.1771	2.2482
986	lú	256	0.1771	2.2482
987	kö	255	0.1764	2.2465
988	äť	254	0.1757	2.2448
989	ül	253	0.175	2.243
990	éc	252	0.1743	2.2413
991	w'	251	0.1736	2.2395
992	dü	246	0.1701	2.2307
992	uą	246	0.1701	2.2307
992	uć	246	0.1701	2.2307
993	äu	245	0.1694	2.2289
994	ár	242	0.1674	2.2238
994	ąt	242	0.1674	2.2238
995	^ä	239	0.1653	2.2183
996	^ż	234	0.1618	2.209
997	oë	231	0.1598	2.2036
998	đa	229	0.1584	2.1998
998	šè	229	0.1584	2.1998
999	ió	228	0.1577	2.1978
999	jä	228	0.1577	2.1978
999	zx	228	0.1577	2.1978
1000	^ü	227	0.157	2.1959
1001	ąl	226	0.1563	2.194
1002	^ş	225	0.1556	2.192
1003	ró	224	0.1549	2.1901
1004	èu	222	0.1535	2.1861
1005	đe	221	0.1529	2.1844
1005	ľa	221	0.1529	2.1844
1006	qb	217	0.1501	2.1764
1007	ín	216	0.1494	2.1744
1008	eó	215	0.1487	2.1723
1009	ló	210	0.1452	2.162
1009	đg	210	0.1452	2.162
1010	čf	208	0.1439	2.1581
1011	gq	207	0.1432	2.1559
1012	ŕ$	202	0.1397	2.1452
1013	^ŕ	201	0.139	2.143
1013	hš	201	0.139	2.143
1014	tá	199	0.1376	2.1386
1015	ná	198	0.1369	2.1364
1015	šh	198	0.1369	2.1364
1016	jü	197	0.1363	2.1345
1017	öl	196	0.1356	2.1323
1017	ńa	196	0.1356	2.1323
1018	ór	195	0.1349	2.13
1019	nü	194	0.1342	2.1278
1020	ë$	191	0.1321	2.1209
1021	dá	189	0.1307	2.1163
1022	xk	187	0.1293	2.1116
1023	šz	186	0.1286	2.1092
1024	qr	185	0.128	2.1072
1024	tí	185	0.128	2.1072
1024	äg	185	0.128	2.1072
1024	ü$	185	0.128	2.1072
1025	lü	184	0.1273	2.1048
1025	qq	184	0.1273	2.1048
1026	eľ	183	0.1266	2.1024
1026	ós	183	0.1266	2.1024
1027	'š	182	0.1259	2.1
1028	üb	180	0.1245	2.0952
1029	dx	179	0.1238	2.0927
1030	lx	178	0.1231	2.0903
1031	qt	176	0.1217	2.0853
1031	vá	176	0.1217	2.0853
1032	š'	175	0.121	2.0828
1033	qw	173	0.1197	2.0781
1033	rá	173	0.1197	2.0781
1034	aĺ	172	0.119	2.0755
1035	đo	171	0.1183	2.073
1036	cí	170	0.1176	2.0704
1036	ćo	170	0.1176	2.0704
1037	vw	168	0.1162	2.0652
1037	üs	168	0.1162	2.0652
1038	sx	166	0.1148	2.0599
1039	aľ	165	0.1141	2.0573
1039	hö	165	0.1141	2.0573
1039	đi	165	0.1141	2.0573
1039	ł$	165	0.1141	2.0573
1039	ŕe	165	0.1141	2.0573
1040	bx	164	0.1134	2.0546
1040	ué	164	0.1134	2.0546
1040	uľ	164	0.1134	2.0546
1040	éb	164	0.1134	2.0546
1041	hä	162	0.112	2.0492
1042	üe	161	0.1114	2.0469
1043	ąn	160	0.1107	2.0441
1044	lí	158	0.1093	2.0386
1044	sš	158	0.1093	2.0386
1044	ľn	158	0.1093	2.0386
1045	ĺ$	157	0.1086	2.0358
1046	zq	156	0.1079	2.033
1047	ąk	155	0.1072	2.0302
1048	éi	153	0.1058	2.0245
1048	ž'	153	0.1058	2.0245
1049	wz	152	0.1051	2.0216
1050	^ł	150	0.1037	2.0158
1050	ám	150	0.1037	2.0158
1050	č'	150	0.1037	2.0158
1051	ât	149	0.1031	2.0133
1052	mí	148	0.1024	2.0103
1052	ní	148	0.1024	2.0103
1053	ťa	147	0.1017	2.0073
1054	'y	145	0.1003	2.0013
1054	än	145	0.1003	2.0013
1054	äś	145	0.1003	2.0013
1054	ég	145	0.1003	2.0013
1055	ją	144	0.0996	1.9983
1056	hâ	143	0.0989	1.9952
1056	oń	143	0.0989	1.9952
1057	nđ	140	0.0968	1.9859
1057	öd	140	0.0968	1.9859
1057	čg	140	0.0968	1.9859
1058	kx	139	0.0961	1.9827
1058	ák	139	0.0961	1.9827
1059	dó	138	0.0954	1.9795
1060	ús	137	0.0948	1.9768
1061	^ö	135	0.0934	1.9703
1062	oŕ	134	0.0927	1.9671
1063	iń	132	0.0913	1.9605
1063	xj	132	0.0913	1.9605
1064	tü	131	0.0906	1.9571
1065	zá	129	0.0892	1.9504
1066	ťn	128	0.0885	1.9469
1067	kó	127	0.0878	1.9435
1067	öh	127	0.0878	1.9435
1067	čč	127	0.0878	1.9435
1068	ođ	126	0.0871	1.94
1068	ái	126	0.0871	1.94
1068	ˇe	126	0.0871	1.94
1069	ça	125	0.0865	1.937
1069	ît	125	0.0865	1.937
1069	öt	125	0.0865	1.937
1070	đu	124	0.0858	1.9335
1070	śe	124	0.0858	1.9335
1071	eđ	123	0.0851	1.9299
1071	eĺ	123	0.0851	1.9299
1071	fv	123	0.0851	1.9299
1071	fz	123	0.0851	1.9299
1071	mq	123	0.0851	1.9299
1071	ŕa	123	0.0851	1.9299
1072	fí	121	0.0837	1.9227
1072	är	121	0.0837	1.9227
1072	ťi	121	0.0837	1.9227
1073	'ž	119	0.0823	1.9154
1073	iĺ	119	0.0823	1.9154
1073	év	119	0.0823	1.9154
1074	aü	118	0.0816	1.9117
1074	há	118	0.0816	1.9117
1074	ô$	118	0.0816	1.9117
1074	öz	118	0.0816	1.9117
1074	šć	118	0.0816	1.9117
1075	óm	117	0.0809	1.9079
1075	čw	117	0.0809	1.9079
1076	èk	115	0.0795	1.9004
1076	üg	115	0.0795	1.9004
1077	čš	113	0.0782	1.8932
1078	ôm	112	0.0775	1.8893
1079	fw	111	0.0768	1.8854
1079	gó	111	0.0768	1.8854
1080	wv	110	0.0761	1.8814
1081	aé	109	0.0754	1.8774
1081	éz	109	0.0754	1.8774
1081	ík	109	0.0754	1.8774
1082	ađ	108	0.0747	1.8733
1082	íl	108	0.0747	1.8733
1083	ít	107	0.074	1.8692
1084	vą	106	0.0733	1.8651
1085	šg	105	0.0726	1.8609
1086	sú	104	0.0719	1.8567
1087	uí	103	0.0712	1.8525
1087	ël	103	0.0712	1.8525
1087	ĺľ	103	0.0712	1.8525
1088	rľ	102	0.0705	1.8482
1088	z'	102	0.0705	1.8482
1089	cč	101	0.0699	1.8445
1090	cá	100	0.0692	1.8401
1090	iü	100	0.0692	1.8401
1091	uè	99	0.0685	1.8357
1091	yq	99	0.0685	1.8357
1092	eé	98	0.0678	1.8312
1092	íš	98	0.0678	1.8312
1092	ů$	98	0.0678	1.8312
1093	hx	97	0.0671	1.8267
1094	dq	96	0.0664	1.8222
1094	ío	96	0.0664	1.8222
1095	sá	94	0.065	1.8129
1096	iŕ	93	0.0643	1.8082
1097	eŕ	92	0.0636	1.8035
1097	já	92	0.0636	1.8035
1097	kž	92	0.0636	1.8035
1097	áu	92	0.0636	1.8035
1098	bá	91	0.0629	1.7987
1098	rô	91	0.0629	1.7987
1098	uá	91	0.0629	1.7987
1098	ví	91	0.0629	1.7987
1098	ąo	91	0.0629	1.7987
1099	oî	90	0.0622	1.7938
1100	sö	89	0.0616	1.7896
1101	üc	88	0.0609	1.7846
1101	ť$	88	0.0609	1.7846
1102	eü	87	0.0602	1.7796
1102	ką	87	0.0602	1.7796
1102	rç	87	0.0602	1.7796
1103	pó	86	0.0595	1.7745
1103	čh	86	0.0595	1.7745
1103	čz	86	0.0595	1.7745
1104	qy	85	0.0588	1.7694
1104	ún	85	0.0588	1.7694
1105	^ů	84	0.0581	1.7642
1105	xd	84	0.0581	1.7642
1106	gä	83	0.0574	1.7589
1106	ól	83	0.0574	1.7589
1106	ćk	83	0.0574	1.7589
1106	žp	83	0.0574	1.7589
1107	lö	82	0.0567	1.7536
1107	át	82	0.0567	1.7536
1107	ŕi	82	0.0567	1.7536
1108	dú	81	0.056	1.7482
1109	ú$	80	0.0553	1.7427
1109	ŕn	80	0.0553	1.7427
1110	mö	79	0.0546	1.7372
1111	'w	78	0.0539	1.7316
1112	ôd	77	0.0533	1.7267
1112	úl	77	0.0533	1.7267
1113	ľ$	76	0.0526	1.721
1114	rđ	75	0.0519	1.7152
1114	šˇ	75	0.0519	1.7152
1115	oä	74	0.0512	1.7093
1115	oď	74	0.0512	1.7093
1115	tö	74	0.0512	1.7093
1116	aŕ	73	0.0505	1.7033
1116	mú	73	0.0505	1.7033
1116	ˇa	73	0.0505	1.7033
1117	eä	72	0.0498	1.6972
1117	üt	72	0.0498	1.6972
1117	ˇc	72	0.0498	1.6972
1118	nú	71	0.0491	1.6911
1118	oĺ	71	0.0491	1.6911
1118	ék	71	0.0491	1.6911
1119	eā	70	0.0484	1.6848
1119	nè	70	0.0484	1.6848
1119	èl	70	0.0484	1.6848
1119	üi	70	0.0484	1.6848
1120	qh	69	0.0477	1.6785
1121	wö	68	0.047	1.6721
1121	úd	68	0.047	1.6721
1121	ĺk	68	0.047	1.6721
1121	žž	68	0.047	1.6721
1122	^ç	67	0.0463	1.6656
1122	bí	67	0.0463	1.6656
1122	có	67	0.0463	1.6656
1122	iľ	67	0.0463	1.6656
1122	íc	67	0.0463	1.6656
1122	ćl	67	0.0463	1.6656
1123	aā	66	0.0456	1.659
1123	gž	66	0.0456	1.659
1123	qv	66	0.0456	1.659
1124	ql	65	0.045	1.6532
1125	lä	64	0.0443	1.6464
1125	tú	64	0.0443	1.6464
1125	äd	64	0.0443	1.6464
1125	äl	64	0.0443	1.6464
1126	bq	63	0.0436	1.6395
1126	èo	63	0.0436	1.6395
1126	ír	63	0.0436	1.6395
1127	dö	62	0.0429	1.6325
1127	vó	62	0.0429	1.6325
1127	čž	62	0.0429	1.6325
1128	yč	61	0.0422	1.6253
1129	kä	60	0.0415	1.618
1129	nć	60	0.0415	1.618
1129	áv	60	0.0415	1.618
1129	íj	60	0.0415	1.618
1130	gá	59	0.0408	1.6107
1130	pą	59	0.0408	1.6107
1130	ćj	59	0.0408	1.6107
1130	ľj	59	0.0408	1.6107
1131	fá	58	0.0401	1.6031
1131	ód	58	0.0401	1.6031
1131	ük	58	0.0401	1.6031
1131	űr	58	0.0401	1.6031
1132	aú	57	0.0394	1.5955
1132	hž	57	0.0394	1.5955
1132	zé	57	0.0394	1.5955
1132	áb	57	0.0394	1.5955
1132	äh	57	0.0394	1.5955
1132	öb	57	0.0394	1.5955
1132	ňo	57	0.0394	1.5955
1133	ké	56	0.0387	1.5877
1133	kü	56	0.0387	1.5877
1133	ád	56	0.0387	1.5877
1133	äs	56	0.0387	1.5877
1133	üa	56	0.0387	1.5877
1134	zó	55	0.038	1.5798
1134	èr	55	0.038	1.5798
1134	éé	55	0.038	1.5798
1134	čí	55	0.038	1.5798
1135	hè	54	0.0373	1.5717
1135	áz	54	0.0373	1.5717
1135	ös	54	0.0373	1.5717
1135	úr	54	0.0373	1.5717
1136	lŕ	53	0.0367	1.5647
1136	tó	53	0.0367	1.5647
1136	èj	53	0.0367	1.5647
1137	gx	52	0.036	1.5563
1137	rè	52	0.036	1.5563
1137	sž	52	0.036	1.5563
1137	wx	52	0.036	1.5563
1137	ís	52	0.036	1.5563
1137	ćs	52	0.036	1.5563
1138	oü	51	0.0353	1.5478
1138	qd	51	0.0353	1.5478
1138	rą	51	0.0353	1.5478
1138	în	51	0.0353	1.5478
1138	ök	51	0.0353	1.5478
1139	fö	50	0.0346	1.5391
1139	ká	50	0.0346	1.5391
1140	aä	48	0.0332	1.5211
1140	pô	48	0.0332	1.5211
1140	óp	48	0.0332	1.5211
1140	ď$	48	0.0332	1.5211
1140	żd	48	0.0332	1.5211
1141	eň	47	0.0325	1.5119
1141	nó	47	0.0325	1.5119
1141	śa	47	0.0325	1.5119
1142	cx	46	0.0318	1.5024
1142	iá	46	0.0318	1.5024
1142	iđ	46	0.0318	1.5024
1142	ył	46	0.0318	1.5024
1142	ö$	46	0.0318	1.5024
1142	ła	46	0.0318	1.5024
1142	ˇn	46	0.0318	1.5024
1142	ṭa	46	0.0318	1.5024
1143	^î	45	0.0311	1.4928
1143	aë	45	0.0311	1.4928
1143	xg	45	0.0311	1.4928
1143	ög	45	0.0311	1.4928
1143	žć	45	0.0311	1.4928
1143	ˇi	45	0.0311	1.4928
1144	ań	44	0.0304	1.4829
1144	hô	44	0.0304	1.4829
1144	qj	44	0.0304	1.4829
1144	éu	44	0.0304	1.4829
1144	ší	44	0.0304	1.4829
1145	aí	43	0.0297	1.4728
1145	aî	43	0.0297	1.4728
1145	tä	43	0.0297	1.4728
1145	ä$	43	0.0297	1.4728
1145	ăo	43	0.0297	1.4728
1145	ľu	43	0.0297	1.4728
1145	ḍa	43	0.0297	1.4728
1146	aæ	42	0.029	1.4624
1146	bó	42	0.029	1.4624
1146	nô	42	0.029	1.4624
1146	pq	42	0.029	1.4624
1146	qn	42	0.029	1.4624
1146	rć	42	0.029	1.4624
1146	ße	42	0.029	1.4624
1146	ôt	42	0.029	1.4624
1146	đ$	42	0.029	1.4624
1146	űl	42	0.029	1.4624
1147	dą	41	0.0284	1.4533
1147	fx	41	0.0284	1.4533
1147	fš	41	0.0284	1.4533
1147	iä	41	0.0284	1.4533
1147	jí	41	0.0284	1.4533
1147	vä	41	0.0284	1.4533
1147	x'	41	0.0284	1.4533
1147	ľg	41	0.0284	1.4533
1147	ľk	41	0.0284	1.4533
1148	gđ	40	0.0277	1.4425
1148	q'	40	0.0277	1.4425
1148	ŕ-	40	0.0277	1.4425
1149	'q	39	0.027	1.4314
1149	aď	39	0.027	1.4314
1149	bè	39	0.027	1.4314
1149	hĺ	39	0.027	1.4314
1149	iň	39	0.027	1.4314
1149	tô	39	0.027	1.4314
1149	uĺ	39	0.027	1.4314
1149	ág	39	0.027	1.4314
1149	üd	39	0.027	1.4314
1150	eá	38	0.0263	1.42
1150	vô	38	0.0263	1.42
1150	ät	38	0.0263	1.42
1150	ĺe	38	0.0263	1.42
1150	ľb	38	0.0263	1.42
1150	ńe	38	0.0263	1.42
1150	ží	38	0.0263	1.42
1151	dä	37	0.0256	1.4082
1151	gű	37	0.0256	1.4082
1151	kĺ	37	0.0256	1.4082
1151	wq	37	0.0256	1.4082
1151	yš	37	0.0256	1.4082
1151	ív	37	0.0256	1.4082
1151	čś	37	0.0256	1.4082
1151	ďl	37	0.0256	1.4082
1151	ťu	37	0.0256	1.4082
1152	dî	36	0.0249	1.3962
1152	kq	36	0.0249	1.3962
1152	nä	36	0.0249	1.3962
1152	pá	36	0.0249	1.3962
1152	rå	36	0.0249	1.3962
1152	uđ	36	0.0249	1.3962
1152	åt	36	0.0249	1.3962
1152	ót	36	0.0249	1.3962
1153	-ŕ	35	0.0242	1.3838
1153	^ő	35	0.0242	1.3838
1153	mä	35	0.0242	1.3838
1153	uń	35	0.0242	1.3838
1153	º$	35	0.0242	1.3838
1153	é-	35	0.0242	1.3838
1153	ˇl	35	0.0242	1.3838
1154	^º	34	0.0235	1.3711
1154	aß	34	0.0235	1.3711
1154	bą	34	0.0235	1.3711
1154	lô	34	0.0235	1.3711
1154	lľ	34	0.0235	1.3711
1154	sä	34	0.0235	1.3711
1154	ók	34	0.0235	1.3711
1154	ôn	34	0.0235	1.3711
1154	þi	34	0.0235	1.3711
1154	ĺa	34	0.0235	1.3711
1154	ňa	34	0.0235	1.3711
1155	jĺ	33	0.0228	1.3579
1155	qc	33	0.0228	1.3579
1155	sű	33	0.0228	1.3579
1155	öy	33	0.0228	1.3579
1155	żq	33	0.0228	1.3579
1156	tž	32	0.0221	1.3444
1156	ˇt	32	0.0221	1.3444
1157	aū	31	0.0214	1.3304
1157	bö	31	0.0214	1.3304
1157	të	31	0.0214	1.3304
1157	yü	31	0.0214	1.3304
1157	äk	31	0.0214	1.3304
1157	ès	31	0.0214	1.3304
1157	ćr	31	0.0214	1.3304
1157	ĺn	31	0.0214	1.3304
1157	żc	31	0.0214	1.3304
1158	'é	30	0.0207	1.316
1158	fq	30	0.0207	1.316
1158	xz	30	0.0207	1.316
1158	ác	30	0.0207	1.316
1158	äa	30	0.0207	1.316
1158	ă$	30	0.0207	1.316
1158	ďc	30	0.0207	1.316
1158	ńs	30	0.0207	1.316
1158	ŕr	30	0.0207	1.316
1158	ŕu	30	0.0207	1.316
1158	šé	30	0.0207	1.316
1158	žz	30	0.0207	1.316
1159	jó	29	0.0201	1.3032
1159	mĺ	29	0.0201	1.3032
1159	éx	29	0.0201	1.3032
1159	éš	29	0.0201	1.3032
1159	ño	29	0.0201	1.3032
1159	öp	29	0.0201	1.3032
1159	ľo	29	0.0201	1.3032
1159	őe	29	0.0201	1.3032
1159	ře	29	0.0201	1.3032
1160	nŕ	28	0.0194	1.2878
1160	vè	28	0.0194	1.2878
1160	vć	28	0.0194	1.2878
1160	üŕ	28	0.0194	1.2878
1161	fč	27	0.0187	1.2718
1161	iř	27	0.0187	1.2718
1161	pí	27	0.0187	1.2718
1161	áj	27	0.0187	1.2718
1161	äf	27	0.0187	1.2718
1161	ób	27	0.0187	1.2718
1161	öc	27	0.0187	1.2718
1161	žh	27	0.0187	1.2718
1161	žs	27	0.0187	1.2718
1162	^τ	26	0.018	1.2553
1162	aṭ	26	0.018	1.2553
1162	eñ	26	0.018	1.2553
1162	hó	26	0.018	1.2553
1162	në	26	0.018	1.2553
1162	íe	26	0.018	1.2553
1162	øy	26	0.018	1.2553
1162	üp	26	0.018	1.2553
1162	ˇk	26	0.018	1.2553
1163	aī	25	0.0173	1.238
1163	wš	25	0.0173	1.238
1163	xš	25	0.0173	1.238
1163	áp	25	0.0173	1.238
1163	ët	25	0.0173	1.238
1163	íd	25	0.0173	1.238
1163	ąu	25	0.0173	1.238
1163	čé	25	0.0173	1.238
1163	ża	25	0.0173	1.238
1164	cô	24	0.0166	1.2201
1164	fđ	24	0.0166	1.2201
1164	gç	24	0.0166	1.2201
1164	âm	24	0.0166	1.2201
1164	ów	24	0.0166	1.2201
1164	üü	24	0.0166	1.2201
1164	žš	24	0.0166	1.2201
1165	pâ	23	0.0159	1.2014
1165	qm	23	0.0159	1.2014
1165	sâ	23	0.0159	1.2014
1165	äm	23	0.0159	1.2014
1165	äp	23	0.0159	1.2014
1165	éf	23	0.0159	1.2014
1165	ˇo	23	0.0159	1.2014
1166	^ô	22	0.0152	1.1818
1166	^η	22	0.0152	1.1818
1166	bä	22	0.0152	1.1818
1166	hü	22	0.0152	1.1818
1166	ôl	22	0.0152	1.1818
1166	ā$	22	0.0152	1.1818
1166	ĺi	22	0.0152	1.1818
1166	šž	22	0.0152	1.1818
1166	żs	22	0.0152	1.1818
1167	jq	21	0.0145	1.1614
1167	pž	21	0.0145	1.1614
1167	tq	21	0.0145	1.1614
1167	tŕ	21	0.0145	1.1614
1167	vĺ	21	0.0145	1.1614
1167	äi	21	0.0145	1.1614
1167	íi	21	0.0145	1.1614
1167	āv	21	0.0145	1.1614
1167	ľl	21	0.0145	1.1614
1168	eł	20	0.0138	1.1399
1168	rĺ	20	0.0138	1.1399
1168	sü	20	0.0138	1.1399
1168	â'	20	0.0138	1.1399
1168	ý$	20	0.0138	1.1399
1168	đj	20	0.0138	1.1399
1168	śu	20	0.0138	1.1399
1168	ˇˇ	20	0.0138	1.1399
1168	οm	20	0.0138	1.1399
1169	ał	19	0.0131	1.1173
1169	hć	19	0.0131	1.1173
1169	kô	19	0.0131	1.1173
1169	ký	19	0.0131	1.1173
1169	lń	19	0.0131	1.1173
1169	uü	19	0.0131	1.1173
1169	uŕ	19	0.0131	1.1173
1169	wä	19	0.0131	1.1173
1169	ã$	19	0.0131	1.1173
1169	çe	19	0.0131	1.1173
1169	ęt	19	0.0131	1.1173
1170	^ř	18	0.0124	1.0934
1170	aˇ	18	0.0124	1.0934
1170	bü	18	0.0124	1.0934
1170	dô	18	0.0124	1.0934
1170	hú	18	0.0124	1.0934
1170	iú	18	0.0124	1.0934
1170	lè	18	0.0124	1.0934
1170	yú	18	0.0124	1.0934
1170	zđ	18	0.0124	1.0934
1170	äc	18	0.0124	1.0934
1170	ým	18	0.0124	1.0934
1170	čy	18	0.0124	1.0934
1170	ľr	18	0.0124	1.0934
1170	šw	18	0.0124	1.0934
1170	że	18	0.0124	1.0934
1170	żp	18	0.0124	1.0934
1170	žá	18	0.0124	1.0934
1171	^ó	17	0.0118	1.0719
1171	oó	17	0.0118	1.0719
1171	qs	17	0.0118	1.0719
1171	tø	17	0.0118	1.0719
1171	âc	17	0.0118	1.0719
1171	äe	17	0.0118	1.0719
1171	óh	17	0.0118	1.0719
1171	öe	17	0.0118	1.0719
1171	ćt	17	0.0118	1.0719
1171	čá	17	0.0118	1.0719
1171	ři	17	0.0118	1.0719
1172	mο	16	0.0111	1.0453
1172	qf	16	0.0111	1.0453
1172	qz	16	0.0111	1.0453
1172	vˇ	16	0.0111	1.0453
1172	wč	16	0.0111	1.0453
1172	čq	16	0.0111	1.0453
1172	ńi	16	0.0111	1.0453
1173	bř	15	0.0104	1.017
1173	cú	15	0.0104	1.017
1173	gú	15	0.0104	1.017
1173	jè	15	0.0104	1.017
1173	jă	15	0.0104	1.017
1173	só	15	0.0104	1.017
1173	ëj	15	0.0104	1.017
1173	ôs	15	0.0104	1.017
1173	ôč	15	0.0104	1.017
1173	öf	15	0.0104	1.017
1173	đž	15	0.0104	1.017
1173	ło	15	0.0104	1.017
1173	łu	15	0.0104	1.017
1173	ň$	15	0.0104	1.017
1173	ŕl	15	0.0104	1.017
1173	šf	15	0.0104	1.017
1173	ο$	15	0.0104	1.017
1174	aç	14	0.0097	0.9868
1174	añ	14	0.0097	0.9868
1174	bć	14	0.0097	0.9868
1174	gî	14	0.0097	0.9868
1174	iß	14	0.0097	0.9868
1174	iâ	14	0.0097	0.9868
1174	jđ	14	0.0097	0.9868
1174	mű	14	0.0097	0.9868
1174	n̆	14	0.0097	0.9868
1174	wü	14	0.0097	0.9868
1174	âl	14	0.0097	0.9868
1174	ân	14	0.0097	0.9868
1174	éč	14	0.0097	0.9868
1174	îz	14	0.0097	0.9868
1174	üm	14	0.0097	0.9868
1174	ťl	14	0.0097	0.9868
1174	ūp	14	0.0097	0.9868
1174	ηa	14	0.0097	0.9868
1175	''	13	0.009	0.9542
1175	-é	13	0.009	0.9542
1175	bô	13	0.009	0.9542
1175	cš	13	0.009	0.9542
1175	cž	13	0.009	0.9542
1175	dř	13	0.009	0.9542
1175	hí	13	0.009	0.9542
1175	hŕ	13	0.009	0.9542
1175	ię	13	0.009	0.9542
1175	jâ	13	0.009	0.9542
1175	lă	13	0.009	0.9542
1175	oů	13	0.009	0.9542
1175	pú	13	0.009	0.9542
1175	pĺ	13	0.009	0.9542
1175	qp	13	0.009	0.9542
1175	să	13	0.009	0.9542
1175	yž	13	0.009	0.9542
1175	ª$	13	0.009	0.9542
1175	âs	13	0.009	0.9542
1175	çi	13	0.009	0.9542
1175	íž	13	0.009	0.9542
1175	îe	13	0.009	0.9542
1175	ói	13	0.009	0.9542
1175	ôv	13	0.009	0.9542
1175	üo	13	0.009	0.9542
1175	ām	13	0.009	0.9542
1175	ān	13	0.009	0.9542
1175	ďo	13	0.009	0.9542
1175	ľd	13	0.009	0.9542
1175	ňi	13	0.009	0.9542
1175	ŕj	13	0.009	0.9542
1175	ŕo	13	0.009	0.9542
1175	ťr	13	0.009	0.9542
1175	ˇm	13	0.009	0.9542
1175	ˇp	13	0.009	0.9542
1176	'â	12	0.0083	0.9191
1176	^í	12	0.0083	0.9191
1176	^α	12	0.0083	0.9191
1176	dű	12	0.0083	0.9191
1176	hă	12	0.0083	0.9191
1176	lâ	12	0.0083	0.9191
1176	pä	12	0.0083	0.9191
1176	xq	12	0.0083	0.9191
1176	áa	12	0.0083	0.9191
1176	æn	12	0.0083	0.9191
1176	ën	12	0.0083	0.9191
1176	ôj	12	0.0083	0.9191
1176	üj	12	0.0083	0.9191
1176	ĺr	12	0.0083	0.9191
1176	ńj	12	0.0083	0.9191
1176	ńu	12	0.0083	0.9191
1176	ůe	12	0.0083	0.9191
1176	űn	12	0.0083	0.9191
1176	ˇč	12	0.0083	0.9191
1177	^ø	11	0.0076	0.8808
1177	^ň	11	0.0076	0.8808
1177	^ś	11	0.0076	0.8808
1177	fó	11	0.0076	0.8808
1177	fę	11	0.0076	0.8808
1177	fž	11	0.0076	0.8808
1177	iæ	11	0.0076	0.8808
1177	rę	11	0.0076	0.8808
1177	zí	11	0.0076	0.8808
1177	zú	11	0.0076	0.8808
1177	íg	11	0.0076	0.8808
1177	öw	11	0.0076	0.8808
1177	āy	11	0.0076	0.8808
1177	ăh	11	0.0076	0.8808
1177	đr	11	0.0076	0.8808
1177	ě$	11	0.0076	0.8808
1177	ří	11	0.0076	0.8808
1177	ťk	11	0.0076	0.8808
1177	ťs	11	0.0076	0.8808
1177	ˇq	11	0.0076	0.8808
1177	το	11	0.0076	0.8808
1178	^ú	10	0.0069	0.8388
1178	dĺ	10	0.0069	0.8388
1178	iç	10	0.0069	0.8388
1178	iþ	10	0.0069	0.8388
1178	jć	10	0.0069	0.8388
1178	kć	10	0.0069	0.8388
1178	mâ	10	0.0069	0.8388
1178	rŕ	10	0.0069	0.8388
1178	sè	10	0.0069	0.8388
1178	tă	10	0.0069	0.8388
1178	vö	10	0.0069	0.8388
1178	áž	10	0.0069	0.8388
1178	äo	10	0.0069	0.8388
1178	æe	10	0.0069	0.8388
1178	éh	10	0.0069	0.8388
1178	ñu	10	0.0069	0.8388
1178	óa	10	0.0069	0.8388
1178	ør	10	0.0069	0.8388
1178	ćč	10	0.0069	0.8388
1178	ľp	10	0.0069	0.8388
1178	ŕk	10	0.0069	0.8388
1178	ŕt	10	0.0069	0.8388
1178	řk	10	0.0069	0.8388
1178	ūk	10	0.0069	0.8388
1178	žé	10	0.0069	0.8388
1178	ˇs	10	0.0069	0.8388
1178	̆g	10	0.0069	0.8388
1179	^æ	9	0.0062	0.7924
1179	^μ	9	0.0062	0.7924
1179	^ḍ	9	0.0062	0.7924
1179	aâ	9	0.0062	0.7924
1179	aþ	9	0.0062	0.7924
1179	ať	9	0.0062	0.7924
1179	că	9	0.0062	0.7924
1179	eí	9	0.0062	0.7924
1179	gí	9	0.0062	0.7924
1179	jű	9	0.0062	0.7924
1179	lý	9	0.0062	0.7924
1179	nö	9	0.0062	0.7924
1179	nă	9	0.0062	0.7924
1179	ną	9	0.0062	0.7924
1179	oâ	9	0.0062	0.7924
1179	oň	9	0.0062	0.7924
1179	uä	9	0.0062	0.7924
1179	vq	9	0.0062	0.7924
1179	yń	9	0.0062	0.7924
1179	áh	9	0.0062	0.7924
1179	äv	9	0.0062	0.7924
1179	ç$	9	0.0062	0.7924
1179	íz	9	0.0062	0.7924
1179	üß	9	0.0062	0.7924
1179	āp	9	0.0062	0.7924
1179	đn	9	0.0062	0.7924
1179	ęc	9	0.0062	0.7924
1179	īv	9	0.0062	0.7924
1179	ĺo	9	0.0062	0.7924
1179	ĺt	9	0.0062	0.7924
1179	ľs	9	0.0062	0.7924
1179	ś$	9	0.0062	0.7924
1179	śl	9	0.0062	0.7924
1180	aǣ	8	0.0055	0.7404
1180	bĺ	8	0.0055	0.7404
1180	dă	8	0.0055	0.7404
1180	fű	8	0.0055	0.7404
1180	lę	8	0.0055	0.7404
1180	mˇ	8	0.0055	0.7404
1180	ný	8	0.0055	0.7404
1180	râ	8	0.0055	0.7404
1180	sŕ	8	0.0055	0.7404
1180	uď	8	0.0055	0.7404
1180	uḍ	8	0.0055	0.7404
1180	vă	8	0.0055	0.7404
1180	ß$	8	0.0055	0.7404
1180	ßk	8	0.0055	0.7404
1180	âª	8	0.0055	0.7404
1180	çu	8	0.0055	0.7404
1180	ñe	8	0.0055	0.7404
1180	óg	8	0.0055	0.7404
1180	ôz	8	0.0055	0.7404
1180	úa	8	0.0055	0.7404
1180	úh	8	0.0055	0.7404
1180	úš	8	0.0055	0.7404
1180	āl	8	0.0055	0.7404
1180	ār	8	0.0055	0.7404
1180	ăi	8	0.0055	0.7404
1180	ąp	8	0.0055	0.7404
1180	đô	8	0.0055	0.7404
1180	ľv	8	0.0055	0.7404
1180	łe	8	0.0055	0.7404
1180	řy	8	0.0055	0.7404
1180	şt	8	0.0055	0.7404
1180	šy	8	0.0055	0.7404
1180	ˇä	8	0.0055	0.7404
1180	ṇa	8	0.0055	0.7404
1181	^þ	7	0.0048	0.6812
1181	cο	7	0.0048	0.6812
1181	dè	7	0.0048	0.6812
1181	dŕ	7	0.0048	0.6812
1181	eş	7	0.0048	0.6812
1181	gĺ	7	0.0048	0.6812
1181	gˇ	7	0.0048	0.6812
1181	hο	7	0.0048	0.6812
1181	kđ	7	0.0048	0.6812
1181	mă	7	0.0048	0.6812
1181	nþ	7	0.0048	0.6812
1181	nľ	7	0.0048	0.6812
1181	rã	7	0.0048	0.6812
1181	rň	7	0.0048	0.6812
1181	uă	7	0.0048	0.6812
1181	wž	7	0.0048	0.6812
1181	à$	7	0.0048	0.6812
1181	áo	7	0.0048	0.6812
1181	äj	7	0.0048	0.6812
1181	æa	7	0.0048	0.6812
1181	æl	7	0.0048	0.6812
1181	çă	7	0.0048	0.6812
1181	èm	7	0.0048	0.6812
1181	éq	7	0.0048	0.6812
1181	íp	7	0.0048	0.6812
1181	î$	7	0.0048	0.6812
1181	óš	7	0.0048	0.6812
1181	ôi	7	0.0048	0.6812
1181	új	7	0.0048	0.6812
1181	đm	7	0.0048	0.6812
1181	ľz	7	0.0048	0.6812
1181	ľä	7	0.0048	0.6812
1181	őr	7	0.0048	0.6812
1181	żh	7	0.0048	0.6812
1181	żt	7	0.0048	0.6812
1181	αp	7	0.0048	0.6812
1181	μe	7	0.0048	0.6812
1181	τh	7	0.0048	0.6812
1182	^µ	6	0.0041	0.6128
1182	^ă	6	0.0041	0.6128
1182	^δ	6	0.0041	0.6128
1182	aň	6	0.0041	0.6128
1182	aś	6	0.0041	0.6128
1182	aḍ	6	0.0041	0.6128
1182	cň	6	0.0041	0.6128
1182	dě	6	0.0041	0.6128
1182	eâ	6	0.0041	0.6128
1182	eæ	6	0.0041	0.6128
1182	iů	6	0.0041	0.6128
1182	iο	6	0.0041	0.6128
1182	jø	6	0.0041	0.6128
1182	jő	6	0.0041	0.6128
1182	kí	6	0.0041	0.6128
1182	lć	6	0.0041	0.6128
1182	lď	6	0.0041	0.6128
1182	lˇ	6	0.0041	0.6128
1182	mđ	6	0.0041	0.6128
1182	mě	6	0.0041	0.6128
1182	nî	6	0.0041	0.6128
1182	oí	6	0.0041	0.6128
1182	pß	6	0.0041	0.6128
1182	qó	6	0.0041	0.6128
1182	qü	6	0.0041	0.6128
1182	sτ	6	0.0041	0.6128
1182	tő	6	0.0041	0.6128
1182	vâ	6	0.0041	0.6128
1182	vľ	6	0.0041	0.6128
1182	vŕ	6	0.0041	0.6128
1182	xž	6	0.0041	0.6128
1182	ßθ	6	0.0041	0.6128
1182	æu	6	0.0041	0.6128
1182	íf	6	0.0041	0.6128
1182	îh	6	0.0041	0.6128
1182	óč	6	0.0041	0.6128
1182	öv	6	0.0041	0.6128
1182	úp	6	0.0041	0.6128
1182	āḍ	6	0.0041	0.6128
1182	ăˇ	6	0.0041	0.6128
1182	ąj	6	0.0041	0.6128
1182	čć	6	0.0041	0.6128
1182	ę$	6	0.0041	0.6128
1182	ěl	6	0.0041	0.6128
1182	ń$	6	0.0041	0.6128
1182	ńk	6	0.0041	0.6128
1182	ňm	6	0.0041	0.6128
1182	ŕb	6	0.0041	0.6128
1182	ŕč	6	0.0041	0.6128
1182	řr	6	0.0041	0.6128
1182	śi	6	0.0041	0.6128
1182	ťo	6	0.0041	0.6128
1182	žđ	6	0.0041	0.6128
1182	ˇh	6	0.0041	0.6128
1182	δθ	6	0.0041	0.6128
1182	ηe	6	0.0041	0.6128
1182	θ$	6	0.0041	0.6128
1182	θp	6	0.0041	0.6128
1182	θσ	6	0.0041	0.6128
1182	οr	6	0.0041	0.6128
1182	οs	6	0.0041	0.6128
1182	στ	6	0.0041	0.6128
1182	τθ	6	0.0041	0.6128
1183	'á	5	0.0035	0.5441
1183	^ª	5	0.0035	0.5441
1183	^å	5	0.0035	0.5441
1183	^ṭ	5	0.0035	0.5441
1183	bâ	5	0.0035	0.5441
1183	bś	5	0.0035	0.5441
1183	cä	5	0.0035	0.5441
1183	cś	5	0.0035	0.5441
1183	dľ	5	0.0035	0.5441
1183	eç	5	0.0035	0.5441
1183	eś	5	0.0035	0.5441
1183	eˇ	5	0.0035	0.5441
1183	fú	5	0.0035	0.5441
1183	gâ	5	0.0035	0.5441
1183	gô	5	0.0035	0.5441
1183	gł	5	0.0035	0.5441
1183	ił	5	0.0035	0.5441
1183	iḍ	5	0.0035	0.5441
1183	iṭ	5	0.0035	0.5441
1183	jŕ	5	0.0035	0.5441
1183	lĺ	5	0.0035	0.5441
1183	më	5	0.0035	0.5441
1183	oě	5	0.0035	0.5441
1183	oˇ	5	0.0035	0.5441
1183	pć	5	0.0035	0.5441
1183	pę	5	0.0035	0.5441
1183	pě	5	0.0035	0.5441
1183	sã	5	0.0035	0.5441
1183	sć	5	0.0035	0.5441
1183	tâ	5	0.0035	0.5441
1183	tã	5	0.0035	0.5441
1183	uñ	5	0.0035	0.5441
1183	vě	5	0.0035	0.5441
1183	xâ	5	0.0035	0.5441
1183	yé	5	0.0035	0.5441
1183	yś	5	0.0035	0.5441
1183	zą	5	0.0035	0.5441
1183	æm	5	0.0035	0.5441
1183	ær	5	0.0035	0.5441
1183	èv	5	0.0035	0.5441
1183	íb	5	0.0035	0.5441
1183	îa	5	0.0035	0.5441
1183	ôg	5	0.0035	0.5441
1183	öj	5	0.0035	0.5441
1183	öu	5	0.0035	0.5441
1183	úb	5	0.0035	0.5441
1183	úo	5	0.0035	0.5441
1183	üf	5	0.0035	0.5441
1183	ād	5	0.0035	0.5441
1183	āk	5	0.0035	0.5441
1183	ăż	5	0.0035	0.5441
1183	ďs	5	0.0035	0.5441
1183	đs	5	0.0035	0.5441
1183	ęm	5	0.0035	0.5441
1183	ěi	5	0.0035	0.5441
1183	īs	5	0.0035	0.5441
1183	ĺl	5	0.0035	0.5441
1183	ľm	5	0.0035	0.5441
1183	ől	5	0.0035	0.5441
1183	ŕh	5	0.0035	0.5441
1183	ř$	5	0.0035	0.5441
1183	śn	5	0.0035	0.5441
1183	ūr	5	0.0035	0.5441
1183	żi	5	0.0035	0.5441
1183	żl	5	0.0035	0.5441
1183	żm	5	0.0035	0.5441
1183	żr	5	0.0035	0.5441
1183	żu	5	0.0035	0.5441
1183	ˇv	5	0.0035	0.5441
1183	τ$	5	0.0035	0.5441
1184	'ă	4	0.0028	0.4472
1184	^ß	4	0.0028	0.4472
1184	^à	4	0.0028	0.4472
1184	^ď	4	0.0028	0.4472
1184	^ě	4	0.0028	0.4472
1184	^κ	4	0.0028	0.4472
1184	^ᴴ	4	0.0028	0.4472
1184	^韆	4	0.0028	0.4472
1184	aṇ	4	0.0028	0.4472
1184	bý	4	0.0028	0.4472
1184	câ	4	0.0028	0.4472
1184	eþ	4	0.0028	0.4472
1184	eż	4	0.0028	0.4472
1184	ië	4	0.0028	0.4472
1184	iû	4	0.0028	0.4472
1184	iă	4	0.0028	0.4472
1184	jx	4	0.0028	0.4472
1184	jď	4	0.0028	0.4472
1184	mã	4	0.0028	0.4472
1184	nĺ	4	0.0028	0.4472
1184	oł	4	0.0028	0.4472
1184	pü	4	0.0028	0.4472
1184	qć	4	0.0028	0.4472
1184	sě	4	0.0028	0.4472
1184	sť	4	0.0028	0.4472
1184	tř	4	0.0028	0.4472
1184	vü	4	0.0028	0.4472
1184	zä	4	0.0028	0.4472
1184	zľ	4	0.0028	0.4472
1184	µl	4	0.0028	0.4472
1184	áe	4	0.0028	0.4472
1184	áü	4	0.0028	0.4472
1184	áč	4	0.0028	0.4472
1184	âi	4	0.0028	0.4472
1184	âr	4	0.0028	0.4472
1184	âż	4	0.0028	0.4472
1184	ãm	4	0.0028	0.4472
1184	ãs	4	0.0028	0.4472
1184	äb	4	0.0028	0.4472
1184	äz	4	0.0028	0.4472
1184	æt	4	0.0028	0.4472
1184	çđ	4	0.0028	0.4472
1184	é'	4	0.0028	0.4472
1184	ëv	4	0.0028	0.4472
1184	îl	4	0.0028	0.4472
1184	ña	4	0.0028	0.4472
1184	óú	4	0.0028	0.4472
1184	óă	4	0.0028	0.4472
1184	ôb	4	0.0028	0.4472
1184	úe	4	0.0028	0.4472
1184	út	4	0.0028	0.4472
1184	üu	4	0.0028	0.4472
1184	þa	4	0.0028	0.4472
1184	āg	4	0.0028	0.4472
1184	ă-	4	0.0028	0.4472
1184	ăf	4	0.0028	0.4472
1184	ăg	4	0.0028	0.4472
1184	ăó	4	0.0028	0.4472
1184	ćb	4	0.0028	0.4472
1184	ćŕ	4	0.0028	0.4472
1184	ćž	4	0.0028	0.4472
1184	ďt	4	0.0028	0.4472
1184	đb	4	0.0028	0.4472
1184	đk	4	0.0028	0.4472
1184	đt	4	0.0028	0.4472
1184	ęk	4	0.0028	0.4472
1184	ěc	4	0.0028	0.4472
1184	ěd	4	0.0028	0.4472
1184	ět	4	0.0028	0.4472
1184	ĺd	4	0.0028	0.4472
1184	łi	4	0.0028	0.4472
1184	ńc	4	0.0028	0.4472
1184	ňe	4	0.0028	0.4472
1184	őd	4	0.0028	0.4472
1184	őf	4	0.0028	0.4472
1184	őn	4	0.0028	0.4472
1184	őt	4	0.0028	0.4472
1184	ŕă	4	0.0028	0.4472
1184	źn	4	0.0028	0.4472
1184	ż$	4	0.0028	0.4472
1184	žń	4	0.0028	0.4472
1184	ǣḍ	4	0.0028	0.4472
1184	κe	4	0.0028	0.4472
1184	ᴰ$	4	0.0028	0.4472
1184	ᴴᴰ	4	0.0028	0.4472
1184	韆$	4	0.0028	0.4472
1185	^ā	3	0.0021	0.3222
1185	^ń	3	0.0021	0.3222
1185	^ţ	3	0.0021	0.3222
1185	aá	3	0.0021	0.3222
1185	aô	3	0.0021	0.3222
1185	aě	3	0.0021	0.3222
1185	bú	3	0.0021	0.3222
1185	bę	3	0.0021	0.3222
1185	bľ	3	0.0021	0.3222
1185	dâ	3	0.0021	0.3222
1185	då	3	0.0021	0.3222
1185	dë	3	0.0021	0.3222
1185	dź	3	0.0021	0.3222
1185	eă	3	0.0021	0.3222
1185	eṭ	3	0.0021	0.3222
1185	hť	3	0.0021	0.3222
1185	iñ	3	0.0021	0.3222
1185	iě	3	0.0021	0.3222
1185	jë	3	0.0021	0.3222
1185	jú	3	0.0021	0.3222
1185	jř	3	0.0021	0.3222
1185	jū	3	0.0021	0.3222
1185	kú	3	0.0021	0.3222
1185	lî	3	0.0021	0.3222
1185	lđ	3	0.0021	0.3222
1185	lř	3	0.0021	0.3222
1185	mŕ	3	0.0021	0.3222
1185	mů	3	0.0021	0.3222
1185	oß	3	0.0021	0.3222
1185	oñ	3	0.0021	0.3222
1185	oö	3	0.0021	0.3222
1185	pã	3	0.0021	0.3222
1185	př	3	0.0021	0.3222
1185	qg	3	0.0021	0.3222
1185	qx	3	0.0021	0.3222
1185	rø	3	0.0021	0.3222
1185	rő	3	0.0021	0.3222
1185	rų	3	0.0021	0.3222
1185	sæ	3	0.0021	0.3222
1185	sç	3	0.0021	0.3222
1185	tň	3	0.0021	0.3222
1185	uþ	3	0.0021	0.3222
1185	vú	3	0.0021	0.3222
1185	vř	3	0.0021	0.3222
1185	wó	3	0.0021	0.3222
1185	wô	3	0.0021	0.3222
1185	yó	3	0.0021	0.3222
1185	zã	3	0.0021	0.3222
1185	zè	3	0.0021	0.3222
1185	ßü	3	0.0021	0.3222
1185	ßč	3	0.0021	0.3222
1185	áx	3	0.0021	0.3222
1185	áš	3	0.0021	0.3222
1185	âw	3	0.0021	0.3222
1185	ãr	3	0.0021	0.3222
1185	ää	3	0.0021	0.3222
1185	år	3	0.0021	0.3222
1185	æg	3	0.0021	0.3222
1185	æi	3	0.0021	0.3222
1185	æs	3	0.0021	0.3222
1185	ëi	3	0.0021	0.3222
1185	ës	3	0.0021	0.3222
1185	ëç	3	0.0021	0.3222
1185	íq	3	0.0021	0.3222
1185	íľ	3	0.0021	0.3222
1185	îc	3	0.0021	0.3222
1185	îi	3	0.0021	0.3222
1185	îo	3	0.0021	0.3222
1185	óo	3	0.0021	0.3222
1185	óž	3	0.0021	0.3222
1185	ôp	3	0.0021	0.3222
1185	úé	3	0.0021	0.3222
1185	úń	3	0.0021	0.3222
1185	û$	3	0.0021	0.3222
1185	þã	3	0.0021	0.3222
1185	āt	3	0.0021	0.3222
1185	ăd	3	0.0021	0.3222
1185	ăn	3	0.0021	0.3222
1185	ăł	3	0.0021	0.3222
1185	ąc	3	0.0021	0.3222
1185	ąd	3	0.0021	0.3222
1185	ąż	3	0.0021	0.3222
1185	ćm	3	0.0021	0.3222
1185	čx	3	0.0021	0.3222
1185	čł	3	0.0021	0.3222
1185	đv	3	0.0021	0.3222
1185	đy	3	0.0021	0.3222
1185	đč	3	0.0021	0.3222
1185	đł	3	0.0021	0.3222
1185	đš	3	0.0021	0.3222
1185	ęd	3	0.0021	0.3222
1185	ęy	3	0.0021	0.3222
1185	ęé	3	0.0021	0.3222
1185	ěš	3	0.0021	0.3222
1185	īm	3	0.0021	0.3222
1185	ĺb	3	0.0021	0.3222
1185	ĺs	3	0.0021	0.3222
1185	ĺĺ	3	0.0021	0.3222
1185	ĺž	3	0.0021	0.3222
1185	ľh	3	0.0021	0.3222
1185	ľt	3	0.0021	0.3222
1185	łd	3	0.0021	0.3222
1185	łh	3	0.0021	0.3222
1185	łk	3	0.0021	0.3222
1185	ńŕ	3	0.0021	0.3222
1185	ői	3	0.0021	0.3222
1185	ŕí	3	0.0021	0.3222
1185	řl	3	0.0021	0.3222
1185	řv	3	0.0021	0.3222
1185	şg	3	0.0021	0.3222
1185	šâ	3	0.0021	0.3222
1185	ťc	3	0.0021	0.3222
1185	ůž	3	0.0021	0.3222
1185	űi	3	0.0021	0.3222
1185	űę	3	0.0021	0.3222
1185	ų$	3	0.0021	0.3222
1185	źw	3	0.0021	0.3222
1185	żn	3	0.0021	0.3222
1185	żˇ	3	0.0021	0.3222
1185	žľ	3	0.0021	0.3222
1185	ˇd	3	0.0021	0.3222
1185	ˇf	3	0.0021	0.3222
1185	ˇj	3	0.0021	0.3222
1185	ˇu	3	0.0021	0.3222
1185	̆d	3	0.0021	0.3222
1185	οn	3	0.0021	0.3222
1185	τo	3	0.0021	0.3222
1186	'ê	2	0.0014	0.1461
1186	'ě	2	0.0014	0.1461
1186	-º	2	0.0014	0.1461
1186	-ô	2	0.0014	0.1461
1186	-đ	2	0.0014	0.1461
1186	-ř	2	0.0014	0.1461
1186	^ť	2	0.0014	0.1461
1186	^ű	2	0.0014	0.1461
1186	^ź	2	0.0014	0.1461
1186	^β	2	0.0014	0.1461
1186	^碈	2	0.0014	0.1461
1186	^羘	2	0.0014	0.1461
1186	ař	2	0.0014	0.1461
1186	aű	2	0.0014	0.1461
1186	aṁ	2	0.0014	0.1461
1186	aṛ	2	0.0014	0.1461
1186	bî	2	0.0014	0.1461
1186	bő	2	0.0014	0.1461
1186	cã	2	0.0014	0.1461
1186	cę	2	0.0014	0.1461
1186	cĺ	2	0.0014	0.1461
1186	dã	2	0.0014	0.1461
1186	dđ	2	0.0014	0.1461
1186	dł	2	0.0014	0.1461
1186	dň	2	0.0014	0.1461
1186	dş	2	0.0014	0.1461
1186	dż	2	0.0014	0.1461
1186	dˇ	2	0.0014	0.1461
1186	eú	2	0.0014	0.1461
1186	eď	2	0.0014	0.1461
1186	eḍ	2	0.0014	0.1461
1186	fä	2	0.0014	0.1461
1186	fô	2	0.0014	0.1461
1186	fĺ	2	0.0014	0.1461
1186	fŕ	2	0.0014	0.1461
1186	gã	2	0.0014	0.1461
1186	gè	2	0.0014	0.1461
1186	gë	2	0.0014	0.1461
1186	gę	2	0.0014	0.1461
1186	gő	2	0.0014	0.1461
1186	gś	2	0.0014	0.1461
1186	hľ	2	0.0014	0.1461
1186	hł	2	0.0014	0.1461
1186	hő	2	0.0014	0.1461
1186	ií	2	0.0014	0.1461
1186	iö	2	0.0014	0.1461
1186	iţ	2	0.0014	0.1461
1186	iť	2	0.0014	0.1461
1186	iź	2	0.0014	0.1461
1186	jà	2	0.0014	0.1461
1186	jô	2	0.0014	0.1461
1186	jł	2	0.0014	0.1461
1186	kâ	2	0.0014	0.1461
1186	kţ	2	0.0014	0.1461
1186	kο	2	0.0014	0.1461
1186	lã	2	0.0014	0.1461
1186	lł	2	0.0014	0.1461
1186	lů	2	0.0014	0.1461
1186	lű	2	0.0014	0.1461
1186	lο	2	0.0014	0.1461
1186	mè	2	0.0014	0.1461
1186	mý	2	0.0014	0.1461
1186	mą	2	0.0014	0.1461
1186	mň	2	0.0014	0.1461
1186	mś	2	0.0014	0.1461
1186	mţ	2	0.0014	0.1461
1186	m̆	2	0.0014	0.1461
1186	nâ	2	0.0014	0.1461
1186	ně	2	0.0014	0.1461
1186	nű	2	0.0014	0.1461
1186	oú	2	0.0014	0.1461
1186	oă	2	0.0014	0.1461
1186	oő	2	0.0014	0.1461
1186	oź	2	0.0014	0.1461
1186	oż	2	0.0014	0.1461
1186	pè	2	0.0014	0.1461
1186	pľ	2	0.0014	0.1461
1186	pň	2	0.0014	0.1461
1186	pť	2	0.0014	0.1461
1186	qk	2	0.0014	0.1461
1186	qé	2	0.0014	0.1461
1186	qú	2	0.0014	0.1461
1186	qń	2	0.0014	0.1461
1186	qş	2	0.0014	0.1461
1186	rß	2	0.0014	0.1461
1186	rþ	2	0.0014	0.1461
1186	rě	2	0.0014	0.1461
1186	rű	2	0.0014	0.1461
1186	sý	2	0.0014	0.1461
1186	są	2	0.0014	0.1461
1186	sł	2	0.0014	0.1461
1186	sř	2	0.0014	0.1461
1186	tĺ	2	0.0014	0.1461
1186	tů	2	0.0014	0.1461
1186	tű	2	0.0014	0.1461
1186	tź	2	0.0014	0.1461
1186	uç	2	0.0014	0.1461
1186	uł	2	0.0014	0.1461
1186	uň	2	0.0014	0.1461
1186	uś	2	0.0014	0.1461
1186	uţ	2	0.0014	0.1461
1186	uṇ	2	0.0014	0.1461
1186	uṭ	2	0.0014	0.1461
1186	vã	2	0.0014	0.1461
1186	vñ	2	0.0014	0.1461
1186	vđ	2	0.0014	0.1461
1186	vś	2	0.0014	0.1461
1186	wę	2	0.0014	0.1461
1186	wţ	2	0.0014	0.1461
1186	xó	2	0.0014	0.1461
1186	xů	2	0.0014	0.1461
1186	yâ	2	0.0014	0.1461
1186	yë	2	0.0014	0.1461
1186	yí	2	0.0014	0.1461
1186	yô	2	0.0014	0.1461
1186	yö	2	0.0014	0.1461
1186	yă	2	0.0014	0.1461
1186	yć	2	0.0014	0.1461
1186	zß	2	0.0014	0.1461
1186	zâ	2	0.0014	0.1461
1186	zż	2	0.0014	0.1461
1186	µó	2	0.0014	0.1461
1186	ßn	2	0.0014	0.1461
1186	ßt	2	0.0014	0.1461
1186	ßý	2	0.0014	0.1461
1186	áú	2	0.0014	0.1461
1186	áă	2	0.0014	0.1461
1186	âh	2	0.0014	0.1461
1186	âo	2	0.0014	0.1461
1186	âú	2	0.0014	0.1461
1186	âă	2	0.0014	0.1461
1186	âą	2	0.0014	0.1461
1186	âď	2	0.0014	0.1461
1186	âź	2	0.0014	0.1461
1186	ãn	2	0.0014	0.1461
1186	ãt	2	0.0014	0.1461
1186	ãz	2	0.0014	0.1461
1186	äô	2	0.0014	0.1461
1186	äö	2	0.0014	0.1461
1186	äđ	2	0.0014	0.1461
1186	äľ	2	0.0014	0.1461
1186	åk	2	0.0014	0.1461
1186	ål	2	0.0014	0.1461
1186	æ$	2	0.0014	0.1461
1186	æp	2	0.0014	0.1461
1186	æy	2	0.0014	0.1461
1186	çb	2	0.0014	0.1461
1186	çë	2	0.0014	0.1461
1186	çć	2	0.0014	0.1461
1186	çł	2	0.0014	0.1461
1186	èb	2	0.0014	0.1461
1186	éw	2	0.0014	0.1461
1186	éç	2	0.0014	0.1461
1186	éď	2	0.0014	0.1461
1186	éě	2	0.0014	0.1461
1186	éł	2	0.0014	0.1461
1186	éş	2	0.0014	0.1461
1186	éů	2	0.0014	0.1461
1186	êt	2	0.0014	0.1461
1186	ëă	2	0.0014	0.1461
1186	íw	2	0.0014	0.1461
1186	íč	2	0.0014	0.1461
1186	îm	2	0.0014	0.1461
1186	îx	2	0.0014	0.1461
1186	îy	2	0.0014	0.1461
1186	îô	2	0.0014	0.1461
1186	îť	2	0.0014	0.1461
1186	ðo	2	0.0014	0.1461
1186	ñi	2	0.0014	0.1461
1186	ñs	2	0.0014	0.1461
1186	óc	2	0.0014	0.1461
1186	óv	2	0.0014	0.1461
1186	óü	2	0.0014	0.1461
1186	óź	2	0.0014	0.1461
1186	ôh	2	0.0014	0.1461
1186	ôä	2	0.0014	0.1461
1186	ôú	2	0.0014	0.1461
1186	ôą	2	0.0014	0.1461
1186	ôń	2	0.0014	0.1461
1186	öa	2	0.0014	0.1461
1186	öá	2	0.0014	0.1461
1186	öí	2	0.0014	0.1461
1186	öž	2	0.0014	0.1461
1186	øj	2	0.0014	0.1461
1186	úc	2	0.0014	0.1461
1186	úv	2	0.0014	0.1461
1186	úú	2	0.0014	0.1461
1186	úč	2	0.0014	0.1461
1186	úě	2	0.0014	0.1461
1186	úľ	2	0.0014	0.1461
1186	úť	2	0.0014	0.1461
1186	üv	2	0.0014	0.1461
1186	üç	2	0.0014	0.1461
1186	üč	2	0.0014	0.1461
1186	üń	2	0.0014	0.1461
1186	ýi	2	0.0014	0.1461
1186	ýj	2	0.0014	0.1461
1186	ýk	2	0.0014	0.1461
1186	ýú	2	0.0014	0.1461
1186	ýń	2	0.0014	0.1461
1186	āṭ	2	0.0014	0.1461
1186	ăa	2	0.0014	0.1461
1186	ăc	2	0.0014	0.1461
1186	ăl	2	0.0014	0.1461
1186	ăm	2	0.0014	0.1461
1186	ăr	2	0.0014	0.1461
1186	ăv	2	0.0014	0.1461
1186	ăâ	2	0.0014	0.1461
1186	ăí	2	0.0014	0.1461
1186	ăă	2	0.0014	0.1461
1186	ăđ	2	0.0014	0.1461
1186	ăě	2	0.0014	0.1461
1186	ăű	2	0.0014	0.1461
1186	ąx	2	0.0014	0.1461
1186	ąű	2	0.0014	0.1461
1186	ć-	2	0.0014	0.1461
1186	ćc	2	0.0014	0.1461
1186	ćv	2	0.0014	0.1461
1186	ćć	2	0.0014	0.1461
1186	ćđ	2	0.0014	0.1461
1186	ćľ	2	0.0014	0.1461
1186	ćń	2	0.0014	0.1461
1186	ćţ	2	0.0014	0.1461
1186	ďa	2	0.0014	0.1461
1186	ďg	2	0.0014	0.1461
1186	ďł	2	0.0014	0.1461
1186	đf	2	0.0014	0.1461
1186	đw	2	0.0014	0.1461
1186	đä	2	0.0014	0.1461
1186	đü	2	0.0014	0.1461
1186	đď	2	0.0014	0.1461
1186	ęl	2	0.0014	0.1461
1186	ęv	2	0.0014	0.1461
1186	ęô	2	0.0014	0.1461
1186	ęą	2	0.0014	0.1461
1186	ęŕ	2	0.0014	0.1461
1186	ęż	2	0.0014	0.1461
1186	ęˇ	2	0.0014	0.1461
1186	ěe	2	0.0014	0.1461
1186	ěj	2	0.0014	0.1461
1186	ěm	2	0.0014	0.1461
1186	ěn	2	0.0014	0.1461
1186	ěu	2	0.0014	0.1461
1186	ěć	2	0.0014	0.1461
1186	ěń	2	0.0014	0.1461
1186	ěň	2	0.0014	0.1461
1186	ěő	2	0.0014	0.1461
1186	ěű	2	0.0014	0.1461
1186	ī$	2	0.0014	0.1461
1186	īṭ	2	0.0014	0.1461
1186	ĺg	2	0.0014	0.1461
1186	ĺu	2	0.0014	0.1461
1186	ĺß	2	0.0014	0.1461
1186	ĺš	2	0.0014	0.1461
1186	ľw	2	0.0014	0.1461
1186	ľâ	2	0.0014	0.1461
1186	ľç	2	0.0014	0.1461
1186	ľą	2	0.0014	0.1461
1186	ľč	2	0.0014	0.1461
1186	ľě	2	0.0014	0.1461
1186	ľő	2	0.0014	0.1461
1186	ľş	2	0.0014	0.1461
1186	łb	2	0.0014	0.1461
1186	łn	2	0.0014	0.1461
1186	łt	2	0.0014	0.1461
1186	łß	2	0.0014	0.1461
1186	łâ	2	0.0014	0.1461
1186	łú	2	0.0014	0.1461
1186	łě	2	0.0014	0.1461
1186	łł	2	0.0014	0.1461
1186	łő	2	0.0014	0.1461
1186	ńl	2	0.0014	0.1461
1186	ńn	2	0.0014	0.1461
1186	ńz	2	0.0014	0.1461
1186	ńá	2	0.0014	0.1461
1186	ńë	2	0.0014	0.1461
1186	ńă	2	0.0014	0.1461
1186	ńˇ	2	0.0014	0.1461
1186	ňn	2	0.0014	0.1461
1186	ňµ	2	0.0014	0.1461
1186	ňč	2	0.0014	0.1461
1186	ő$	2	0.0014	0.1461
1186	ők	2	0.0014	0.1461
1186	őâ	2	0.0014	0.1461
1186	őć	2	0.0014	0.1461
1186	őő	2	0.0014	0.1461
1186	őŕ	2	0.0014	0.1461
1186	ŕĺ	2	0.0014	0.1461
1186	řc	2	0.0014	0.1461
1186	řj	2	0.0014	0.1461
1186	řp	2	0.0014	0.1461
1186	řř	2	0.0014	0.1461
1186	řť	2	0.0014	0.1461
1186	řž	2	0.0014	0.1461
1186	śo	2	0.0014	0.1461
1186	śr	2	0.0014	0.1461
1186	śx	2	0.0014	0.1461
1186	śç	2	0.0014	0.1461
1186	śë	2	0.0014	0.1461
1186	ść	2	0.0014	0.1461
1186	şf	2	0.0014	0.1461
1186	şn	2	0.0014	0.1461
1186	şó	2	0.0014	0.1461
1186	şú	2	0.0014	0.1461
1186	şć	2	0.0014	0.1461
1186	şř	2	0.0014	0.1461
1186	şť	2	0.0014	0.1461
1186	šä	2	0.0014	0.1461
1186	šľ	2	0.0014	0.1461
1186	šł	2	0.0014	0.1461
1186	ţi	2	0.0014	0.1461
1186	ţo	2	0.0014	0.1461
1186	ţs	2	0.0014	0.1461
1186	ţç	2	0.0014	0.1461
1186	ţé	2	0.0014	0.1461
1186	ţđ	2	0.0014	0.1461
1186	ţę	2	0.0014	0.1461
1186	ţő	2	0.0014	0.1461
1186	ţť	2	0.0014	0.1461
1186	ťé	2	0.0014	0.1461
1186	ťî	2	0.0014	0.1461
1186	ťú	2	0.0014	0.1461
1186	ťś	2	0.0014	0.1461
1186	ůđ	2	0.0014	0.1461
1186	ůś	2	0.0014	0.1461
1186	űh	2	0.0014	0.1461
1186	űm	2	0.0014	0.1461
1186	űw	2	0.0014	0.1461
1186	űó	2	0.0014	0.1461
1186	űż	2	0.0014	0.1461
1186	źa	2	0.0014	0.1461
1186	źe	2	0.0014	0.1461
1186	źp	2	0.0014	0.1461
1186	źv	2	0.0014	0.1461
1186	żf	2	0.0014	0.1461
1186	żg	2	0.0014	0.1461
1186	żj	2	0.0014	0.1461
1186	żk	2	0.0014	0.1461
1186	żć	2	0.0014	0.1461
1186	żě	2	0.0014	0.1461
1186	žy	2	0.0014	0.1461
1186	žş	2	0.0014	0.1461
1186	žů	2	0.0014	0.1461
1186	žű	2	0.0014	0.1461
1186	ǣn	2	0.0014	0.1461
1186	ˇ'	2	0.0014	0.1461
1186	ˇb	2	0.0014	0.1461
1186	ˇr	2	0.0014	0.1461
1186	ˇľ	2	0.0014	0.1461
1186	ˇš	2	0.0014	0.1461
1186	̆b	2	0.0014	0.1461
1186	αl	2	0.0014	0.1461
1186	αn	2	0.0014	0.1461
1186	βl	2	0.0014	0.1461
1186	ηu	2	0.0014	0.1461
1186	νa	2	0.0014	0.1461
1186	τc	2	0.0014	0.1461
1186	τe	2	0.0014	0.1461
1186	ṁg	2	0.0014	0.1461
1186	ṁś	2	0.0014	0.1461
1186	ṛp	2	0.0014	0.1461
1186	ṣa	2	0.0014	0.1461
1186	碈$	2	0.0014	0.1461
1186	羘$	2	0.0014	0.1461
1187	'x	1	0.0007	-0.1549
1187	'ą	1	0.0007	-0.1549
1187	'ę	1	0.0007	-0.1549
1187	'ľ	1	0.0007	-0.1549
1187	'ś	1	0.0007	-0.1549
1187	-á	1	0.0007	-0.1549
1187	-í	1	0.0007	-0.1549
1187	-ó	1	0.0007	-0.1549
1187	-ć	1	0.0007	-0.1549
1187	-ľ	1	0.0007	-0.1549
1187	-ł	1	0.0007	-0.1549
1187	-ş	1	0.0007	-0.1549
1187	^ë	1	0.0007	-0.1549
1187	^ð	1	0.0007	-0.1549
1187	^ÿ	1	0.0007	-0.1549
1187	^ē	1	0.0007	-0.1549
1187	^ę	1	0.0007	-0.1549
1187	^ī	1	0.0007	-0.1549
1187	^ō	1	0.0007	-0.1549
1187	^ˈ	1	0.0007	-0.1549
1187	^ο	1	0.0007	-0.1549
1187	^醤	1	0.0007	-0.1549
1187	^鷓	1	0.0007	-0.1549
1187	^ﬁ	1	0.0007	-0.1549
1187	aö	1	0.0007	-0.1549
1187	aş	1	0.0007	-0.1549
1187	aţ	1	0.0007	-0.1549
1187	aů	1	0.0007	-0.1549
1187	aṝ	1	0.0007	-0.1549
1187	aṣ	1	0.0007	-0.1549
1187	bñ	1	0.0007	-0.1549
1187	bø	1	0.0007	-0.1549
1187	bď	1	0.0007	-0.1549
1187	bň	1	0.0007	-0.1549
1187	bŕ	1	0.0007	-0.1549
1187	cü	1	0.0007	-0.1549
1187	cą	1	0.0007	-0.1549
1187	cł	1	0.0007	-0.1549
1187	dµ	1	0.0007	-0.1549
1187	dć	1	0.0007	-0.1549
1187	dď	1	0.0007	-0.1549
1187	dő	1	0.0007	-0.1549
1187	dś	1	0.0007	-0.1549
1187	dο	1	0.0007	-0.1549
1187	eß	1	0.0007	-0.1549
1187	eô	1	0.0007	-0.1549
1187	eě	1	0.0007	-0.1549
1187	eœ	1	0.0007	-0.1549
1187	eř	1	0.0007	-0.1549
1187	eţ	1	0.0007	-0.1549
1187	eť	1	0.0007	-0.1549
1187	eű	1	0.0007	-0.1549
1187	eс	1	0.0007	-0.1549
1187	fâ	1	0.0007	-0.1549
1187	fæ	1	0.0007	-0.1549
1187	fë	1	0.0007	-0.1549
1187	fî	1	0.0007	-0.1549
1187	fñ	1	0.0007	-0.1549
1187	fý	1	0.0007	-0.1549
1187	fă	1	0.0007	-0.1549
1187	fţ	1	0.0007	-0.1549
1187	gð	1	0.0007	-0.1549
1187	gŕ	1	0.0007	-0.1549
1187	gˈ	1	0.0007	-0.1549
1187	hå	1	0.0007	-0.1549
1187	hý	1	0.0007	-0.1549
1187	hň	1	0.0007	-0.1549
1187	hű	1	0.0007	-0.1549
1187	hż	1	0.0007	-0.1549
1187	iô	1	0.0007	-0.1549
1187	iē	1	0.0007	-0.1549
1187	iś	1	0.0007	-0.1549
1187	iű	1	0.0007	-0.1549
1187	iˇ	1	0.0007	-0.1549
1187	iν	1	0.0007	-0.1549
1187	jç	1	0.0007	-0.1549
1187	jľ	1	0.0007	-0.1549
1187	jń	1	0.0007	-0.1549
1187	jň	1	0.0007	-0.1549
1187	kè	1	0.0007	-0.1549
1187	kî	1	0.0007	-0.1549
1187	kł	1	0.0007	-0.1549
1187	kő	1	0.0007	-0.1549
1187	kş	1	0.0007	-0.1549
1187	là	1	0.0007	-0.1549
1187	lë	1	0.0007	-0.1549
1187	lą	1	0.0007	-0.1549
1187	lň	1	0.0007	-0.1549
1187	lś	1	0.0007	-0.1549
1187	mć	1	0.0007	-0.1549
1187	mę	1	0.0007	-0.1549
1187	mő	1	0.0007	-0.1549
1187	mř	1	0.0007	-0.1549
1187	mż	1	0.0007	-0.1549
1187	nã	1	0.0007	-0.1549
1187	nř	1	0.0007	-0.1549
1187	nś	1	0.0007	-0.1549
1187	nť	1	0.0007	-0.1549
1187	nũ	1	0.0007	-0.1549
1187	nź	1	0.0007	-0.1549
1187	nˇ	1	0.0007	-0.1549
1187	oá	1	0.0007	-0.1549
1187	oæ	1	0.0007	-0.1549
1187	oð	1	0.0007	-0.1549
1187	oś	1	0.0007	-0.1549
1187	pë	1	0.0007	-0.1549
1187	pñ	1	0.0007	-0.1549
1187	pö	1	0.0007	-0.1549
1187	pþ	1	0.0007	-0.1549
1187	pł	1	0.0007	-0.1549
1187	qç	1	0.0007	-0.1549
1187	qî	1	0.0007	-0.1549
1187	qě	1	0.0007	-0.1549
1187	qĺ	1	0.0007	-0.1549
1187	qő	1	0.0007	-0.1549
1187	qŕ	1	0.0007	-0.1549
1187	rî	1	0.0007	-0.1549
1187	rú	1	0.0007	-0.1549
1187	rû	1	0.0007	-0.1549
1187	ră	1	0.0007	-0.1549
1187	rń	1	0.0007	-0.1549
1187	så	1	0.0007	-0.1549
1187	së	1	0.0007	-0.1549
1187	sĺ	1	0.0007	-0.1549
1187	sˇ	1	0.0007	-0.1549
1187	tç	1	0.0007	-0.1549
1187	tè	1	0.0007	-0.1549
1187	tć	1	0.0007	-0.1549
1187	tě	1	0.0007	-0.1549
1187	tľ	1	0.0007	-0.1549
1187	tł	1	0.0007	-0.1549
1187	tο	1	0.0007	-0.1549
1187	uâ	1	0.0007	-0.1549
1187	uæ	1	0.0007	-0.1549
1187	uë	1	0.0007	-0.1549
1187	uě	1	0.0007	-0.1549
1187	uű	1	0.0007	-0.1549
1187	uˇ	1	0.0007	-0.1549
1187	uṣ	1	0.0007	-0.1549
1187	vç	1	0.0007	-0.1549
1187	vê	1	0.0007	-0.1549
1187	vý	1	0.0007	-0.1549
1187	vł	1	0.0007	-0.1549
1187	vő	1	0.0007	-0.1549
1187	vţ	1	0.0007	-0.1549
1187	wâ	1	0.0007	-0.1549
1187	wă	1	0.0007	-0.1549
1187	wą	1	0.0007	-0.1549
1187	wľ	1	0.0007	-0.1549
1187	wł	1	0.0007	-0.1549
1187	wň	1	0.0007	-0.1549
1187	wő	1	0.0007	-0.1549
1187	wŕ	1	0.0007	-0.1549
1187	wś	1	0.0007	-0.1549
1187	wź	1	0.0007	-0.1549
1187	xá	1	0.0007	-0.1549
1187	xë	1	0.0007	-0.1549
1187	xö	1	0.0007	-0.1549
1187	xč	1	0.0007	-0.1549
1187	xľ	1	0.0007	-0.1549
1187	yý	1	0.0007	-0.1549
1187	yě	1	0.0007	-0.1549
1187	zö	1	0.0007	-0.1549
1187	zć	1	0.0007	-0.1549
1187	zę	1	0.0007	-0.1549
1187	zě	1	0.0007	-0.1549
1187	zŕ	1	0.0007	-0.1549
1187	zů	1	0.0007	-0.1549
1187	µg	1	0.0007	-0.1549
1187	µm	1	0.0007	-0.1549
1187	µx	1	0.0007	-0.1549
1187	ºc	1	0.0007	-0.1549
1187	ßb	1	0.0007	-0.1549
1187	ßd	1	0.0007	-0.1549
1187	ßl	1	0.0007	-0.1549
1187	ßm	1	0.0007	-0.1549
1187	ßy	1	0.0007	-0.1549
1187	ßö	1	0.0007	-0.1549
1187	ßć	1	0.0007	-0.1549
1187	ßđ	1	0.0007	-0.1549
1187	ßš	1	0.0007	-0.1549
1187	á-	1	0.0007	-0.1549
1187	áf	1	0.0007	-0.1549
1187	áß	1	0.0007	-0.1549
1187	áé	1	0.0007	-0.1549
1187	áĺ	1	0.0007	-0.1549
1187	áł	1	0.0007	-0.1549
1187	áň	1	0.0007	-0.1549
1187	ář	1	0.0007	-0.1549
1187	áş	1	0.0007	-0.1549
1187	âf	1	0.0007	-0.1549
1187	âj	1	0.0007	-0.1549
1187	âk	1	0.0007	-0.1549
1187	ây	1	0.0007	-0.1549
1187	âá	1	0.0007	-0.1549
1187	âö	1	0.0007	-0.1549
1187	âþ	1	0.0007	-0.1549
1187	âč	1	0.0007	-0.1549
1187	âś	1	0.0007	-0.1549
1187	âš	1	0.0007	-0.1549
1187	âť	1	0.0007	-0.1549
1187	âž	1	0.0007	-0.1549
1187	ã-	1	0.0007	-0.1549
1187	ãc	1	0.0007	-0.1549
1187	ãi	1	0.0007	-0.1549
1187	ãl	1	0.0007	-0.1549
1187	ãp	1	0.0007	-0.1549
1187	äy	1	0.0007	-0.1549
1187	äç	1	0.0007	-0.1549
1187	äú	1	0.0007	-0.1549
1187	äę	1	0.0007	-0.1549
1187	äź	1	0.0007	-0.1549
1187	åg	1	0.0007	-0.1549
1187	åh	1	0.0007	-0.1549
1187	ås	1	0.0007	-0.1549
1187	æd	1	0.0007	-0.1549
1187	æh	1	0.0007	-0.1549
1187	æṁ	1	0.0007	-0.1549
1187	æṭ	1	0.0007	-0.1549
1187	çj	1	0.0007	-0.1549
1187	çt	1	0.0007	-0.1549
1187	çß	1	0.0007	-0.1549
1187	çč	1	0.0007	-0.1549
1187	çľ	1	0.0007	-0.1549
1187	çő	1	0.0007	-0.1549
1187	çş	1	0.0007	-0.1549
1187	çź	1	0.0007	-0.1549
1187	çž	1	0.0007	-0.1549
1187	èc	1	0.0007	-0.1549
1187	èp	1	0.0007	-0.1549
1187	èt	1	0.0007	-0.1549
1187	éú	1	0.0007	-0.1549
1187	éő	1	0.0007	-0.1549
1187	éž	1	0.0007	-0.1549
1187	êq	1	0.0007	-0.1549
1187	ëa	1	0.0007	-0.1549
1187	ëd	1	0.0007	-0.1549
1187	ëß	1	0.0007	-0.1549
1187	ëô	1	0.0007	-0.1549
1187	ëý	1	0.0007	-0.1549
1187	ëě	1	0.0007	-0.1549
1187	ëń	1	0.0007	-0.1549
1187	ëť	1	0.0007	-0.1549
1187	íu	1	0.0007	-0.1549
1187	íx	1	0.0007	-0.1549
1187	íí	1	0.0007	-0.1549
1187	íď	1	0.0007	-0.1549
1187	íę	1	0.0007	-0.1549
1187	íĺ	1	0.0007	-0.1549
1187	íń	1	0.0007	-0.1549
1187	íř	1	0.0007	-0.1549
1187	íź	1	0.0007	-0.1549
1187	íˇ	1	0.0007	-0.1549
1187	îd	1	0.0007	-0.1549
1187	îp	1	0.0007	-0.1549
1187	îr	1	0.0007	-0.1549
1187	îu	1	0.0007	-0.1549
1187	îë	1	0.0007	-0.1549
1187	îþ	1	0.0007	-0.1549
1187	îŕ	1	0.0007	-0.1549
1187	ðe	1	0.0007	-0.1549
1187	ñ$	1	0.0007	-0.1549
1187	ó-	1	0.0007	-0.1549
1187	óe	1	0.0007	-0.1549
1187	óf	1	0.0007	-0.1549
1187	óz	1	0.0007	-0.1549
1187	óđ	1	0.0007	-0.1549
1187	óĺ	1	0.0007	-0.1549
1187	óľ	1	0.0007	-0.1549
1187	óř	1	0.0007	-0.1549
1187	óť	1	0.0007	-0.1549
1187	ôf	1	0.0007	-0.1549
1187	ôk	1	0.0007	-0.1549
1187	ôá	1	0.0007	-0.1549
1187	ôç	1	0.0007	-0.1549
1187	ôë	1	0.0007	-0.1549
1187	ôă	1	0.0007	-0.1549
1187	ôć	1	0.0007	-0.1549
1187	ôđ	1	0.0007	-0.1549
1187	ôľ	1	0.0007	-0.1549
1187	ôő	1	0.0007	-0.1549
1187	ôŕ	1	0.0007	-0.1549
1187	ôű	1	0.0007	-0.1549
1187	ôż	1	0.0007	-0.1549
1187	öß	1	0.0007	-0.1549
1187	öî	1	0.0007	-0.1549
1187	öú	1	0.0007	-0.1549
1187	öý	1	0.0007	-0.1549
1187	öš	1	0.0007	-0.1549
1187	ú'	1	0.0007	-0.1549
1187	ú-	1	0.0007	-0.1549
1187	úf	1	0.0007	-0.1549
1187	úg	1	0.0007	-0.1549
1187	úá	1	0.0007	-0.1549
1187	úí	1	0.0007	-0.1549
1187	úă	1	0.0007	-0.1549
1187	úď	1	0.0007	-0.1549
1187	úł	1	0.0007	-0.1549
1187	úţ	1	0.0007	-0.1549
1187	úż	1	0.0007	-0.1549
1187	úž	1	0.0007	-0.1549
1187	úˇ	1	0.0007	-0.1549
1187	ûj	1	0.0007	-0.1549
1187	ûl	1	0.0007	-0.1549
1187	üy	1	0.0007	-0.1549
1187	üô	1	0.0007	-0.1549
1187	üř	1	0.0007	-0.1549
1187	ýa	1	0.0007	-0.1549
1187	ýl	1	0.0007	-0.1549
1187	ýď	1	0.0007	-0.1549
1187	ýŕ	1	0.0007	-0.1549
1187	ýť	1	0.0007	-0.1549
1187	ýů	1	0.0007	-0.1549
1187	ýű	1	0.0007	-0.1549
1187	ýź	1	0.0007	-0.1549
1187	þ$	1	0.0007	-0.1549
1187	þm	1	0.0007	-0.1549
1187	þu	1	0.0007	-0.1549
1187	þš	1	0.0007	-0.1549
1187	ÿp	1	0.0007	-0.1549
1187	āa	1	0.0007	-0.1549
1187	āb	1	0.0007	-0.1549
1187	āc	1	0.0007	-0.1549
1187	āf	1	0.0007	-0.1549
1187	āh	1	0.0007	-0.1549
1187	āj	1	0.0007	-0.1549
1187	ās	1	0.0007	-0.1549
1187	āā	1	0.0007	-0.1549
1187	āṁ	1	0.0007	-0.1549
1187	āṇ	1	0.0007	-0.1549
1187	ăe	1	0.0007	-0.1549
1187	ăj	1	0.0007	-0.1549
1187	ăt	1	0.0007	-0.1549
1187	ău	1	0.0007	-0.1549
1187	ăz	1	0.0007	-0.1549
1187	ăë	1	0.0007	-0.1549
1187	ăą	1	0.0007	-0.1549
1187	ăĺ	1	0.0007	-0.1549
1187	ăő	1	0.0007	-0.1549
1187	ăş	1	0.0007	-0.1549
1187	ăš	1	0.0007	-0.1549
1187	ăţ	1	0.0007	-0.1549
1187	ăů	1	0.0007	-0.1549
1187	ąh	1	0.0007	-0.1549
1187	ąm	1	0.0007	-0.1549
1187	ąá	1	0.0007	-0.1549
1187	ąî	1	0.0007	-0.1549
1187	ąú	1	0.0007	-0.1549
1187	ąą	1	0.0007	-0.1549
1187	ąđ	1	0.0007	-0.1549
1187	ąě	1	0.0007	-0.1549
1187	ąř	1	0.0007	-0.1549
1187	ćd	1	0.0007	-0.1549
1187	ćp	1	0.0007	-0.1549
1187	ćy	1	0.0007	-0.1549
1187	ćz	1	0.0007	-0.1549
1187	ćë	1	0.0007	-0.1549
1187	ćů	1	0.0007	-0.1549
1187	ćź	1	0.0007	-0.1549
1187	čä	1	0.0007	-0.1549
1187	čç	1	0.0007	-0.1549
1187	čú	1	0.0007	-0.1549
1187	čď	1	0.0007	-0.1549
1187	čě	1	0.0007	-0.1549
1187	čń	1	0.0007	-0.1549
1187	čű	1	0.0007	-0.1549
1187	čż	1	0.0007	-0.1549
1187	ďu	1	0.0007	-0.1549
1187	ďy	1	0.0007	-0.1549
1187	ďç	1	0.0007	-0.1549
1187	ďö	1	0.0007	-0.1549
1187	ďú	1	0.0007	-0.1549
1187	ďă	1	0.0007	-0.1549
1187	ďś	1	0.0007	-0.1549
1187	ďű	1	0.0007	-0.1549
1187	ďž	1	0.0007	-0.1549
1187	đh	1	0.0007	-0.1549
1187	đl	1	0.0007	-0.1549
1187	đć	1	0.0007	-0.1549
1187	đě	1	0.0007	-0.1549
1187	đľ	1	0.0007	-0.1549
1187	đő	1	0.0007	-0.1549
1187	đş	1	0.0007	-0.1549
1187	ē$	1	0.0007	-0.1549
1187	ēk	1	0.0007	-0.1549
1187	ęp	1	0.0007	-0.1549
1187	ęr	1	0.0007	-0.1549
1187	ęx	1	0.0007	-0.1549
1187	ęß	1	0.0007	-0.1549
1187	ęö	1	0.0007	-0.1549
1187	ęę	1	0.0007	-0.1549
1187	ěa	1	0.0007	-0.1549
1187	ěg	1	0.0007	-0.1549
1187	ěk	1	0.0007	-0.1549
1187	ěq	1	0.0007	-0.1549
1187	ěr	1	0.0007	-0.1549
1187	ěv	1	0.0007	-0.1549
1187	ěz	1	0.0007	-0.1549
1187	ěá	1	0.0007	-0.1549
1187	ěé	1	0.0007	-0.1549
1187	ěą	1	0.0007	-0.1549
1187	ěđ	1	0.0007	-0.1549
1187	ěů	1	0.0007	-0.1549
1187	ěž	1	0.0007	-0.1549
1187	īb	1	0.0007	-0.1549
1187	īl	1	0.0007	-0.1549
1187	īr	1	0.0007	-0.1549
1187	īy	1	0.0007	-0.1549
1187	īḍ	1	0.0007	-0.1549
1187	ĺh	1	0.0007	-0.1549
1187	ĺq	1	0.0007	-0.1549
1187	ĺz	1	0.0007	-0.1549
1187	ĺé	1	0.0007	-0.1549
1187	ĺí	1	0.0007	-0.1549
1187	ĺý	1	0.0007	-0.1549
1187	ĺţ	1	0.0007	-0.1549
1187	ĺů	1	0.0007	-0.1549
1187	ĺű	1	0.0007	-0.1549
1187	ľf	1	0.0007	-0.1549
1187	ľy	1	0.0007	-0.1549
1187	ľî	1	0.0007	-0.1549
1187	ľö	1	0.0007	-0.1549
1187	ľđ	1	0.0007	-0.1549
1187	ľĺ	1	0.0007	-0.1549
1187	ľˇ	1	0.0007	-0.1549
1187	łj	1	0.0007	-0.1549
1187	łl	1	0.0007	-0.1549
1187	łr	1	0.0007	-0.1549
1187	łs	1	0.0007	-0.1549
1187	ły	1	0.0007	-0.1549
1187	łz	1	0.0007	-0.1549
1187	łî	1	0.0007	-0.1549
1187	łă	1	0.0007	-0.1549
1187	łţ	1	0.0007	-0.1549
1187	łˇ	1	0.0007	-0.1549
1187	ńr	1	0.0007	-0.1549
1187	ńç	1	0.0007	-0.1549
1187	ńé	1	0.0007	-0.1549
1187	ńú	1	0.0007	-0.1549
1187	ńč	1	0.0007	-0.1549
1187	ňc	1	0.0007	-0.1549
1187	ňp	1	0.0007	-0.1549
1187	ňr	1	0.0007	-0.1549
1187	ňs	1	0.0007	-0.1549
1187	ňz	1	0.0007	-0.1549
1187	ňá	1	0.0007	-0.1549
1187	ňä	1	0.0007	-0.1549
1187	ňî	1	0.0007	-0.1549
1187	ňš	1	0.0007	-0.1549
1187	ňź	1	0.0007	-0.1549
1187	ōk	1	0.0007	-0.1549
1187	őj	1	0.0007	-0.1549
1187	őo	1	0.0007	-0.1549
1187	őß	1	0.0007	-0.1549
1187	őá	1	0.0007	-0.1549
1187	őó	1	0.0007	-0.1549
1187	őô	1	0.0007	-0.1549
1187	őý	1	0.0007	-0.1549
1187	őž	1	0.0007	-0.1549
1187	œa	1	0.0007	-0.1549
1187	ŕc	1	0.0007	-0.1549
1187	ŕv	1	0.0007	-0.1549
1187	ŕx	1	0.0007	-0.1549
1187	ŕâ	1	0.0007	-0.1549
1187	ŕä	1	0.0007	-0.1549
1187	ŕé	1	0.0007	-0.1549
1187	ŕó	1	0.0007	-0.1549
1187	ŕü	1	0.0007	-0.1549
1187	ŕć	1	0.0007	-0.1549
1187	ŕď	1	0.0007	-0.1549
1187	ŕń	1	0.0007	-0.1549
1187	ŕő	1	0.0007	-0.1549
1187	ŕť	1	0.0007	-0.1549
1187	ŕž	1	0.0007	-0.1549
1187	řa	1	0.0007	-0.1549
1187	řg	1	0.0007	-0.1549
1187	řq	1	0.0007	-0.1549
1187	řă	1	0.0007	-0.1549
1187	řě	1	0.0007	-0.1549
1187	śb	1	0.0007	-0.1549
1187	śc	1	0.0007	-0.1549
1187	śm	1	0.0007	-0.1549
1187	śv	1	0.0007	-0.1549
1187	św	1	0.0007	-0.1549
1187	śá	1	0.0007	-0.1549
1187	śí	1	0.0007	-0.1549
1187	śę	1	0.0007	-0.1549
1187	śź	1	0.0007	-0.1549
1187	śž	1	0.0007	-0.1549
1187	ş-	1	0.0007	-0.1549
1187	şa	1	0.0007	-0.1549
1187	şe	1	0.0007	-0.1549
1187	şi	1	0.0007	-0.1549
1187	şm	1	0.0007	-0.1549
1187	şo	1	0.0007	-0.1549
1187	şp	1	0.0007	-0.1549
1187	şq	1	0.0007	-0.1549
1187	şs	1	0.0007	-0.1549
1187	şâ	1	0.0007	-0.1549
1187	şç	1	0.0007	-0.1549
1187	şý	1	0.0007	-0.1549
1187	şń	1	0.0007	-0.1549
1187	šá	1	0.0007	-0.1549
1187	šæ	1	0.0007	-0.1549
1187	šý	1	0.0007	-0.1549
1187	šą	1	0.0007	-0.1549
1187	šř	1	0.0007	-0.1549
1187	šş	1	0.0007	-0.1549
1187	ţe	1	0.0007	-0.1549
1187	ţl	1	0.0007	-0.1549
1187	ţá	1	0.0007	-0.1549
1187	ţâ	1	0.0007	-0.1549
1187	ţĺ	1	0.0007	-0.1549
1187	ţş	1	0.0007	-0.1549
1187	ţű	1	0.0007	-0.1549
1187	ťj	1	0.0007	-0.1549
1187	ťp	1	0.0007	-0.1549
1187	ťt	1	0.0007	-0.1549
1187	ťö	1	0.0007	-0.1549
1187	ťč	1	0.0007	-0.1549
1187	ťĺ	1	0.0007	-0.1549
1187	ťţ	1	0.0007	-0.1549
1187	ťů	1	0.0007	-0.1549
1187	ũr	1	0.0007	-0.1549
1187	ūn	1	0.0007	-0.1549
1187	ūs	1	0.0007	-0.1549
1187	ūḍ	1	0.0007	-0.1549
1187	ūṇ	1	0.0007	-0.1549
1187	ūṭ	1	0.0007	-0.1549
1187	ůh	1	0.0007	-0.1549
1187	ůt	1	0.0007	-0.1549
1187	ůî	1	0.0007	-0.1549
1187	ůô	1	0.0007	-0.1549
1187	ůú	1	0.0007	-0.1549
1187	ůď	1	0.0007	-0.1549
1187	ůę	1	0.0007	-0.1549
1187	ůŕ	1	0.0007	-0.1549
1187	ůű	1	0.0007	-0.1549
1187	ű$	1	0.0007	-0.1549
1187	űb	1	0.0007	-0.1549
1187	űd	1	0.0007	-0.1549
1187	űe	1	0.0007	-0.1549
1187	űq	1	0.0007	-0.1549
1187	űs	1	0.0007	-0.1549
1187	űv	1	0.0007	-0.1549
1187	űí	1	0.0007	-0.1549
1187	űô	1	0.0007	-0.1549
1187	űď	1	0.0007	-0.1549
1187	űđ	1	0.0007	-0.1549
1187	űĺ	1	0.0007	-0.1549
1187	űľ	1	0.0007	-0.1549
1187	űň	1	0.0007	-0.1549
1187	űŕ	1	0.0007	-0.1549
1187	űţ	1	0.0007	-0.1549
1187	űů	1	0.0007	-0.1549
1187	ź'	1	0.0007	-0.1549
1187	źd	1	0.0007	-0.1549
1187	źi	1	0.0007	-0.1549
1187	źl	1	0.0007	-0.1549
1187	źs	1	0.0007	-0.1549
1187	źí	1	0.0007	-0.1549
1187	źó	1	0.0007	-0.1549
1187	źú	1	0.0007	-0.1549
1187	źˇ	1	0.0007	-0.1549
1187	żb	1	0.0007	-0.1549
1187	żo	1	0.0007	-0.1549
1187	ży	1	0.0007	-0.1549
1187	żá	1	0.0007	-0.1549
1187	żę	1	0.0007	-0.1549
1187	żĺ	1	0.0007	-0.1549
1187	żš	1	0.0007	-0.1549
1187	żů	1	0.0007	-0.1549
1187	żű	1	0.0007	-0.1549
1187	žf	1	0.0007	-0.1549
1187	žä	1	0.0007	-0.1549
1187	žą	1	0.0007	-0.1549
1187	žŕ	1	0.0007	-0.1549
1187	žř	1	0.0007	-0.1549
1187	ǣ$	1	0.0007	-0.1549
1187	ǣg	1	0.0007	-0.1549
1187	ˇg	1	0.0007	-0.1549
1187	ˇz	1	0.0007	-0.1549
1187	ˇâ	1	0.0007	-0.1549
1187	ˇí	1	0.0007	-0.1549
1187	ˇą	1	0.0007	-0.1549
1187	ˇć	1	0.0007	-0.1549
1187	ˇł	1	0.0007	-0.1549
1187	ˈ$	1	0.0007	-0.1549
1187	ˈs	1	0.0007	-0.1549
1187	̆ḍ	1	0.0007	-0.1549
1187	αr	1	0.0007	-0.1549
1187	μa	1	0.0007	-0.1549
1187	μi	1	0.0007	-0.1549
1187	οk	1	0.0007	-0.1549
1187	οp	1	0.0007	-0.1549
1187	οv	1	0.0007	-0.1549
1187	ον	1	0.0007	-0.1549
1187	τ-	1	0.0007	-0.1549
1187	τa	1	0.0007	-0.1549
1187	сo	1	0.0007	-0.1549
1187	ṝp	1	0.0007	-0.1549
1187	ṭh	1	0.0007	-0.1549
1187	醤$	1	0.0007	-0.1549
1187	鷓$	1	0.0007	-0.1549
1187	ﬁe	1	0.0007	-0.1549
