Rank	Character	Frequency	Frequency per million	Zipf value
1	e	33765474	97710.9314	7.9899
2	o	32657826	94505.6064	7.9755
3	a	30568969	88460.8471	7.9468
4	i	19467945	56336.5714	7.7508
5	t	18916986	54742.1997	7.7383
6	n	18861596	54581.9115	7.737
7	s	16593650	48018.9023	7.6814
8	m	16278924	47108.1444	7.6731
9	r	14153622	40957.9202	7.6123
10	v	12629789	36548.234	7.5629
11	l	12542307	36295.0776	7.5598
12	d	11163762	32305.8276	7.5093
13	k	10978243	31768.9705	7.502
14	p	10221394	29578.7919	7.471
15	u	8821767	25528.5346	7.407
16	j	8137500	23548.3946	7.372
17	h	7264137	21021.0463	7.3227
18	b	6799526	19676.5494	7.2939
19	á	6525514	18883.6102	7.2761
20	c	6392782	18499.5088	7.2672
21	z	5835302	16886.2665	7.2275
22	y	5259416	15219.7608	7.1824
23	ž	4258994	12324.7276	7.0908
24	č	4212489	12190.1509	7.086
25	š	3793582	10977.9128	7.0405
26	í	3641314	10537.2779	7.0227
27	ť	3371893	9757.6242	6.9893
28	ý	2292362	6633.6645	6.8218
29	ú	2022810	5853.6317	6.7674
30	é	1662175	4810.0218	6.6821
31	ľ	1328183	3843.5118	6.5847
32	ô	1005248	2908.9987	6.4637
33	ď	940657	2722.0844	6.4349
34	g	825698	2389.4147	6.3783
35	f	773423	2238.1407	6.3499
36	ň	582032	1684.2911	6.2264
37	w	273502	791.4633	5.8984
38	ä	239651	693.5049	5.841
39	ó	203608	589.2033	5.7703
40	x	163065	471.8794	5.6738
41	ŕ	58781	170.1012	5.2307
42	q	19109	55.2979	4.7427
43	ĺ	16692	48.3035	4.684
44	ă	7544	21.8309	4.3391
45	ą	5865	16.9722	4.2297
46	ş	3722	10.7708	4.0322
47	â	3220	9.3181	3.9693
48	ě	2747	7.9493	3.9003
49	þ	2178	6.3027	3.7995
50	ö	1870	5.4114	3.7333
51	ř	1862	5.3883	3.7315
52	º	1646	4.7632	3.6779
53	ü	1256	3.6346	3.5605
54	ã	998	2.888	3.4606
55	î	819	2.37	3.3747
56	µ	772	2.234	3.3491
57	ů	692	2.0025	3.3016
58	ˇ	608	1.7594	3.2454
59	ń	508	1.4701	3.1673
60	ć	475	1.3746	3.1382
61	ł	419	1.2125	3.0837
62	ś	388	1.1228	3.0503
63	ż	386	1.117	3.0481
64	ç	323	0.9347	2.9707
65	è	267	0.7726	2.888
66	ź	230	0.6656	2.8232
67	ţ	168	0.4862	2.6868
68	ű	155	0.4485	2.6518
69	い	131	0.3791	2.5788
70	な	124	0.3588	2.5549
71	ë	120	0.3473	2.5407
72	た	118	0.3415	2.5334
73	ª	117	0.3386	2.5297
74	ì	98	0.2836	2.4527
75	て	96	0.2778	2.4437
76	ñ	93	0.2691	2.4299
77	а	89	0.2575	2.4108
78	е	88	0.2547	2.406
79	の	85	0.246	2.3909
80	ß	70	0.2026	2.3066
81	ę	60	0.1736	2.2395
82	ï	59	0.1707	2.2322
82	も	59	0.1707	2.2322
82	を	59	0.1707	2.2322
83	ø	56	0.1621	2.2098
84	і	53	0.1534	2.1858
85	が	51	0.1476	2.1691
86	う	50	0.1447	2.1605
86	っ	50	0.1447	2.1605
87	し	48	0.1389	2.1427
87	る	48	0.1389	2.1427
88	く	46	0.1331	2.1242
89	ら	45	0.1302	2.1146
90	き	44	0.1273	2.1048
91	か	43	0.1244	2.0948
92	æ	42	0.1215	2.0846
93	で	41	0.1186	2.0741
94	と	40	0.1158	2.0637
95	に	39	0.1129	2.0527
96	à	37	0.1071	2.0298
96	ò	37	0.1071	2.0298
97	り	36	0.1042	2.0179
97	れ	36	0.1042	2.0179
98	о	35	0.1013	2.0056
99	ま	32	0.0926	1.9666
100	ん	30	0.0868	1.9385
101	с	29	0.0839	1.9238
102	だ	28	0.081	1.9085
102	は	28	0.081	1.9085
103	ő	26	0.0752	1.8762
104	ど	25	0.0723	1.8591
105	あ	24	0.0695	1.842
105	見	24	0.0695	1.842
106	今	23	0.0666	1.8235
107	こ	22	0.0637	1.8041
108	ζ	21	0.0608	1.7839
108	え	21	0.0608	1.7839
109	ù	20	0.0579	1.7627
109	わ	20	0.0579	1.7627
110	đ	19	0.055	1.7404
110	私	19	0.055	1.7404
111	ѕ	18	0.0521	1.7168
111	さ	18	0.0521	1.7168
111	ば	18	0.0521	1.7168
112	и	16	0.0463	1.6656
112	р	16	0.0463	1.6656
112	ј	16	0.0463	1.6656
112	そ	16	0.0463	1.6656
113	н	14	0.0405	1.6075
113	ち	14	0.0405	1.6075
113	花	14	0.0405	1.6075
113	開	14	0.0405	1.6075
114	夢	13	0.0376	1.5752
115	ょ	12	0.0347	1.5403
115	伝	12	0.0347	1.5403
115	何	12	0.0347	1.5403
115	心	12	0.0347	1.5403
115	怖	12	0.0347	1.5403
115	散	12	0.0347	1.5403
115	無	12	0.0347	1.5403
116	け	11	0.0318	1.5024
116	す	11	0.0318	1.5024
116	み	11	0.0318	1.5024
116	二	11	0.0318	1.5024
117	й	10	0.0289	1.4609
117	к	10	0.0289	1.4609
117	л	10	0.0289	1.4609
117	м	10	0.0289	1.4609
117	п	10	0.0289	1.4609
117	т	10	0.0289	1.4609
117	よ	10	0.0289	1.4609
118	μ	9	0.026	1.415
118	つ	9	0.026	1.415
118	ン	9	0.026	1.415
118	生	9	0.026	1.415
119	ο	8	0.0232	1.3655
119	б	8	0.0232	1.3655
119	г	8	0.0232	1.3655
119	ы	8	0.0232	1.3655
119	ь	8	0.0232	1.3655
119	全	8	0.0232	1.3655
119	幻	8	0.0232	1.3655
119	界	8	0.0232	1.3655
120	ね	7	0.0203	1.3075
120	め	7	0.0203	1.3075
120	や	7	0.0203	1.3075
120	ろ	7	0.0203	1.3075
120	ノ	7	0.0203	1.3075
120	ー	7	0.0203	1.3075
120	世	7	0.0203	1.3075
120	乱	7	0.0203	1.3075
120	分	7	0.0203	1.3075
120	想	7	0.0203	1.3075
120	振	7	0.0203	1.3075
120	日	7	0.0203	1.3075
120	映	7	0.0203	1.3075
120	木	7	0.0203	1.3075
120	気	7	0.0203	1.3075
120	目	7	0.0203	1.3075
120	空	7	0.0203	1.3075
120	立	7	0.0203	1.3075
121	û	6	0.0174	1.2405
121	ė	6	0.0174	1.2405
121	ų	6	0.0174	1.2405
121	β	6	0.0174	1.2405
121	в	6	0.0174	1.2405
121	у	6	0.0174	1.2405
121	じ	6	0.0174	1.2405
121	づ	6	0.0174	1.2405
121	ぶ	6	0.0174	1.2405
121	不	6	0.0174	1.2405
121	会	6	0.0174	1.2405
121	体	6	0.0174	1.2405
121	信	6	0.0174	1.2405
121	健	6	0.0174	1.2405
121	儚	6	0.0174	1.2405
121	出	6	0.0174	1.2405
121	去	6	0.0174	1.2405
121	喜	6	0.0174	1.2405
121	声	6	0.0174	1.2405
121	守	6	0.0174	1.2405
121	安	6	0.0174	1.2405
121	実	6	0.0174	1.2405
121	小	6	0.0174	1.2405
121	居	6	0.0174	1.2405
121	年	6	0.0174	1.2405
121	広	6	0.0174	1.2405
121	度	6	0.0174	1.2405
121	弱	6	0.0174	1.2405
121	強	6	0.0174	1.2405
121	後	6	0.0174	1.2405
121	念	6	0.0174	1.2405
121	思	6	0.0174	1.2405
121	愛	6	0.0174	1.2405
121	払	6	0.0174	1.2405
121	描	6	0.0174	1.2405
121	早	6	0.0174	1.2405
121	暗	6	0.0174	1.2405
121	残	6	0.0174	1.2405
121	永	6	0.0174	1.2405
121	瀬	6	0.0174	1.2405
121	現	6	0.0174	1.2405
121	病	6	0.0174	1.2405
121	眠	6	0.0174	1.2405
121	終	6	0.0174	1.2405
121	続	6	0.0174	1.2405
121	聞	6	0.0174	1.2405
121	臆	6	0.0174	1.2405
121	自	6	0.0174	1.2405
121	草	6	0.0174	1.2405
121	街	6	0.0174	1.2405
121	認	6	0.0174	1.2405
121	足	6	0.0174	1.2405
121	逸	6	0.0174	1.2405
121	過	6	0.0174	1.2405
121	遠	6	0.0174	1.2405
121	遣	6	0.0174	1.2405
121	長	6	0.0174	1.2405
121	音	6	0.0174	1.2405
121	響	6	0.0174	1.2405
121	飛	6	0.0174	1.2405
121	高	6	0.0174	1.2405
122	ð	5	0.0145	1.1614
122	η	5	0.0145	1.1614
122	ν	5	0.0145	1.1614
122	ゃ	5	0.0145	1.1614
122	オ	5	0.0145	1.1614
122	カ	5	0.0145	1.1614
122	メ	5	0.0145	1.1614
122	ラ	5	0.0145	1.1614
122	山	5	0.0145	1.1614
122	産	5	0.0145	1.1614
123	ī	4	0.0116	1.0645
123	ƒ	4	0.0116	1.0645
123	ǎ	4	0.0116	1.0645
123	χ	4	0.0116	1.0645
123	д	4	0.0116	1.0645
123	ч	4	0.0116	1.0645
123	イ	4	0.0116	1.0645
123	エ	4	0.0116	1.0645
123	ス	4	0.0116	1.0645
123	ム	4	0.0116	1.0645
123	刀	4	0.0116	1.0645
123	味	4	0.0116	1.0645
123	意	4	0.0116	1.0645
123	未	4	0.0116	1.0645
124	ê	3	0.0087	0.9395
124	ċ	3	0.0087	0.9395
124	κ	3	0.0087	0.9395
124	ρ	3	0.0087	0.9395
124	お	3	0.0087	0.9395
124	ク	3	0.0087	0.9395
124	グ	3	0.0087	0.9395
124	ゲ	3	0.0087	0.9395
124	ダ	3	0.0087	0.9395
124	了	3	0.0087	0.9395
124	五	3	0.0087	0.9395
124	以	3	0.0087	0.9395
124	周	3	0.0087	0.9395
124	外	3	0.0087	0.9395
124	室	3	0.0087	0.9395
124	家	3	0.0087	0.9395
124	履	3	0.0087	0.9395
124	崎	3	0.0087	0.9395
124	店	3	0.0087	0.9395
124	开	3	0.0087	0.9395
124	数	3	0.0087	0.9395
124	波	3	0.0087	0.9395
124	浴	3	0.0087	0.9395
124	火	3	0.0087	0.9395
124	畳	3	0.0087	0.9395
124	的	3	0.0087	0.9395
124	着	3	0.0087	0.9395
124	虫	3	0.0087	0.9395
124	行	3	0.0087	0.9395
124	郎	3	0.0087	0.9395
124	重	3	0.0087	0.9395
124	鞋	3	0.0087	0.9395
125	å	2	0.0058	0.7634
125	ā	2	0.0058	0.7634
125	ū	2	0.0058	0.7634
125	͊	2	0.0058	0.7634
125	ι	2	0.0058	0.7634
125	з	2	0.0058	0.7634
125	ю	2	0.0058	0.7634
125	ڎ	2	0.0058	0.7634
125	び	2	0.0058	0.7634
125	ア	2	0.0058	0.7634
125	ウ	2	0.0058	0.7634
125	キ	2	0.0058	0.7634
125	タ	2	0.0058	0.7634
125	チ	2	0.0058	0.7634
125	ッ	2	0.0058	0.7634
125	デ	2	0.0058	0.7634
125	ト	2	0.0058	0.7634
125	ナ	2	0.0058	0.7634
125	ハ	2	0.0058	0.7634
125	ブ	2	0.0058	0.7634
125	マ	2	0.0058	0.7634
125	ル	2	0.0058	0.7634
125	三	2	0.0058	0.7634
125	八	2	0.0058	0.7634
125	別	2	0.0058	0.7634
125	到	2	0.0058	0.7634
125	取	2	0.0058	0.7634
125	君	2	0.0058	0.7634
125	命	2	0.0058	0.7634
125	大	2	0.0058	0.7634
125	式	2	0.0058	0.7634
125	引	2	0.0058	0.7634
125	怒	2	0.0058	0.7634
125	情	2	0.0058	0.7634
125	感	2	0.0058	0.7634
125	拓	2	0.0058	0.7634
125	持	2	0.0058	0.7634
125	方	2	0.0058	0.7634
125	時	2	0.0058	0.7634
125	特	2	0.0058	0.7634
125	白	2	0.0058	0.7634
125	色	2	0.0058	0.7634
125	螂	2	0.0058	0.7634
125	蟷	2	0.0058	0.7634
125	跡	2	0.0058	0.7634
125	間	2	0.0058	0.7634
125	青	2	0.0058	0.7634
126	ı	1	0.0029	0.4624
126	ō	1	0.0029	0.4624
126	œ	1	0.0029	0.4624
126	ŗ	1	0.0029	0.4624
126	ˆ	1	0.0029	0.4624
126	α	1	0.0029	0.4624
126	τ	1	0.0029	0.4624
126	ڊ	1	0.0029	0.4624
126	ڼ	1	0.0029	0.4624
126	ざ	1	0.0029	0.4624
126	ぞ	1	0.0029	0.4624
126	ぱ	1	0.0029	0.4624
126	ひ	1	0.0029	0.4624
126	ぼ	1	0.0029	0.4624
126	ゆ	1	0.0029	0.4624
126	ガ	1	0.0029	0.4624
126	ジ	1	0.0029	0.4624
126	バ	1	0.0029	0.4624
126	ビ	1	0.0029	0.4624
126	フ	1	0.0029	0.4624
126	モ	1	0.0029	0.4624
126	ョ	1	0.0029	0.4624
126	レ	1	0.0029	0.4624
126	ロ	1	0.0029	0.4624
126	ヴ	1	0.0029	0.4624
126	ヽ	1	0.0029	0.4624
126	一	1	0.0029	0.4624
126	中	1	0.0029	0.4624
126	事	1	0.0029	0.4624
126	人	1	0.0029	0.4624
126	傷	1	0.0029	0.4624
126	僕	1	0.0029	0.4624
126	優	1	0.0029	0.4624
126	兄	1	0.0029	0.4624
126	光	1	0.0029	0.4624
126	入	1	0.0029	0.4624
126	六	1	0.0029	0.4624
126	刻	1	0.0029	0.4624
126	前	1	0.0029	0.4624
126	十	1	0.0029	0.4624
126	友	1	0.0029	0.4624
126	否	1	0.0029	0.4624
126	告	1	0.0029	0.4624
126	嘆	1	0.0029	0.4624
126	嘘	1	0.0029	0.4624
126	園	1	0.0029	0.4624
126	地	1	0.0029	0.4624
126	坂	1	0.0029	0.4624
126	墓	1	0.0029	0.4624
126	天	1	0.0029	0.4624
126	妄	1	0.0029	0.4624
126	姑	1	0.0029	0.4624
126	婆	1	0.0029	0.4624
126	字	1	0.0029	0.4624
126	定	1	0.0029	0.4624
126	将	1	0.0029	0.4624
126	屋	1	0.0029	0.4624
126	巨	1	0.0029	0.4624
126	張	1	0.0029	0.4624
126	彫	1	0.0029	0.4624
126	律	1	0.0029	0.4624
126	忌	1	0.0029	0.4624
126	忍	1	0.0029	0.4624
126	息	1	0.0029	0.4624
126	悲	1	0.0029	0.4624
126	惑	1	0.0029	0.4624
126	扉	1	0.0029	0.4624
126	手	1	0.0029	0.4624
126	打	1	0.0029	0.4624
126	掴	1	0.0029	0.4624
126	支	1	0.0029	0.4624
126	旋	1	0.0029	0.4624
126	明	1	0.0029	0.4624
126	景	1	0.0029	0.4624
126	月	1	0.0029	0.4624
126	有	1	0.0029	0.4624
126	本	1	0.0029	0.4624
126	来	1	0.0029	0.4624
126	松	1	0.0029	0.4624
126	架	1	0.0029	0.4624
126	楽	1	0.0029	0.4624
126	機	1	0.0029	0.4624
126	止	1	0.0029	0.4624
126	歪	1	0.0029	0.4624
126	消	1	0.0029	0.4624
126	湛	1	0.0029	0.4624
126	満	1	0.0029	0.4624
126	瓦	1	0.0029	0.4624
126	田	1	0.0029	0.4624
126	疑	1	0.0029	0.4624
126	知	1	0.0029	0.4624
126	礫	1	0.0029	0.4624
126	神	1	0.0029	0.4624
126	禁	1	0.0029	0.4624
126	突	1	0.0029	0.4624
126	米	1	0.0029	0.4624
126	綻	1	0.0029	0.4624
126	罰	1	0.0029	0.4624
126	背	1	0.0029	0.4624
126	落	1	0.0029	0.4624
126	蟲	1	0.0029	0.4624
126	話	1	0.0029	0.4624
126	越	1	0.0029	0.4624
126	転	1	0.0029	0.4624
126	込	1	0.0029	0.4624
126	迷	1	0.0029	0.4624
126	追	1	0.0029	0.4624
126	道	1	0.0029	0.4624
126	達	1	0.0029	0.4624
126	配	1	0.0029	0.4624
126	闇	1	0.0029	0.4624
126	雷	1	0.0029	0.4624
126	飾	1	0.0029	0.4624
126	駆	1	0.0029	0.4624
126	黒	1	0.0029	0.4624
