Rank	Character	Frequency	Frequency per million	Zipf value
1	e	677706014	134300.2943	8.1281
2	a	574578742	113863.6704	8.0564
3	o	470930535	93323.8132	7.97
4	s	392308744	77743.4149	7.8907
5	n	338245374	67029.7332	7.8263
6	r	322839794	63976.8254	7.806
7	i	261805880	51881.7983	7.715
8	t	236876293	46941.5281	7.6716
9	l	231550704	45886.1616	7.6617
10	u	227506378	45084.7018	7.654
11	d	216009862	42806.4492	7.6315
12	c	181879188	36042.8091	7.5568
13	m	159669641	31641.5663	7.5003
14	p	124983229	24767.7962	7.3939
15	q	74342071	14732.2907	7.1683
16	b	73788263	14622.5432	7.165
17	h	70534086	13977.6663	7.1454
18	g	61359162	12159.4812	7.0849
19	v	59528902	11796.7805	7.0718
20	y	53926653	10686.5886	7.0288
21	í	41560069	8235.9156	6.9157
22	é	34069210	6751.4598	6.8294
23	á	32293374	6399.5443	6.8061
24	f	28975560	5742.0565	6.7591
25	j	26162442	5184.5839	6.7147
26	ó	24871578	4928.7747	6.6927
27	z	15182322	3008.6649	6.4784
28	ñ	9657469	1913.8106	6.2819
29	ú	7660027	1517.9796	6.1813
30	k	6515428	1291.1556	6.111
31	x	5074406	1005.5897	6.0024
32	w	3216508	637.412	5.8044
33	ü	162879	32.2776	4.5089
34	ã	60491	11.9874	4.0787
35	â	47305	9.3744	3.9719
36	à	44869	8.8916	3.949
37	º	34891	6.9143	3.8397
38	è	32549	6.4502	3.8096
39	ª	23649	4.6865	3.6708
40	ö	17511	3.4701	3.5403
41	ô	17305	3.4293	3.5352
42	ò	16870	3.3431	3.5241
43	ì	13621	2.6993	3.4313
44	ç	13514	2.6781	3.4278
45	ä	12682	2.5132	3.4002
46	ê	10174	2.0162	3.3045
47	û	5214	1.0333	3.0142
48	ï	4984	0.9877	2.9946
49	ù	4825	0.9562	2.9805
50	ø	4289	0.8499	2.9294
51	ž	4053	0.8032	2.9048
52	ë	3949	0.7826	2.8935
53	î	3797	0.7524	2.8764
54	þ	3140	0.6223	2.794
55	å	2968	0.5882	2.7695
56	ż	2382	0.472	2.6739
57	š	2280	0.4518	2.6549
58	æ	2238	0.4435	2.6469
59	ν	1989	0.3942	2.5957
60	ý	1964	0.3892	2.5902
61	œ	1626	0.3222	2.5081
62	ÿ	1599	0.3169	2.5009
63	ο	1424	0.2822	2.4506
64	ń	1082	0.2144	2.3312
65	驴	979	0.194	2.2878
66	铆	964	0.191	2.281
67	α	921	0.1825	2.2613
68	υ	907	0.1797	2.2545
69	у	897	0.1778	2.2499
70	н	870	0.1724	2.2365
71	ð	867	0.1718	2.235
72	ί	826	0.1637	2.214
73	б	808	0.1601	2.2044
74	茅	788	0.1562	2.1937
75	й	689	0.1365	2.1351
76	谩	687	0.1361	2.1339
77	ي	680	0.1348	2.1297
78	ˇ	663	0.1314	2.1186
79	ї	646	0.128	2.1072
80	ў	641	0.127	2.1038
81	贸	628	0.1245	2.0952
82	õ	625	0.1239	2.0931
82	ώ	625	0.1239	2.0931
83	ل	618	0.1225	2.0881
84	ό	586	0.1161	2.0648
85	ι	481	0.0953	1.9791
86	隆	424	0.084	1.9243
87	ß	378	0.0749	1.8745
88	ﬁ	374	0.0741	1.8698
89	ṡ	349	0.0692	1.8401
90	َ	324	0.0642	1.8075
91	η	314	0.0622	1.7938
92	ε	277	0.0549	1.7396
93	μ	268	0.0531	1.7251
94	ъ	266	0.0527	1.7218
95	σ	263	0.0521	1.7168
95	τ	263	0.0521	1.7168
96	い	259	0.0513	1.7101
96	帽	259	0.0513	1.7101
97	ٌ	253	0.0501	1.6998
98	с	241	0.0478	1.6794
99	е	204	0.0404	1.6064
100	ā	201	0.0398	1.5999
101	な	197	0.039	1.5911
102	の	181	0.0359	1.5551
103	ﬂ	180	0.0357	1.5527
104	ă	178	0.0353	1.5478
105	ρ	177	0.0351	1.5453
106	煤	169	0.0335	1.525
107	て	137	0.0271	1.433
108	た	135	0.0268	1.4281
109	ϊ	126	0.025	1.3979
110	で	121	0.024	1.3802
111	т	117	0.0232	1.3655
112	に	113	0.0224	1.3502
113	ş	108	0.0214	1.3304
114	も	107	0.0212	1.3263
115	し	106	0.021	1.3222
116	ら	101	0.02	1.301
117	р	98	0.0194	1.2878
118	を	94	0.0186	1.2695
119	ْ	91	0.018	1.2553
120	は	90	0.0178	1.2504
121	о	88	0.0174	1.2405
122	ƒ	86	0.017	1.2304
123	う	84	0.0166	1.2201
124	る	81	0.0161	1.2068
125	か	75	0.0149	1.1732
126	г	71	0.0141	1.1492
127	ˆ	70	0.0139	1.143
128	が	68	0.0135	1.1303
129	と	67	0.0133	1.1239
130	č	66	0.0131	1.1173
131	ま	63	0.0125	1.0969
132	こ	58	0.0115	1.0607
133	ん	57	0.0113	1.0531
134	ć	56	0.0111	1.0453
134	く	56	0.0111	1.0453
135	β	55	0.0109	1.0374
135	κ	55	0.0109	1.0374
135	だ	55	0.0109	1.0374
136	µ	53	0.0105	1.0212
136	っ	53	0.0105	1.0212
137	а	51	0.0101	1.0043
138	ʼ	48	0.0095	0.9777
138	м	48	0.0095	0.9777
139	け	46	0.0091	0.959
139	ど	46	0.0091	0.959
140	ę	45	0.0089	0.9494
140	れ	45	0.0089	0.9494
140	脡	45	0.0089	0.9494
141	日	43	0.0085	0.9294
142	в	42	0.0083	0.9191
142	き	42	0.0083	0.9191
142	つ	42	0.0083	0.9191
142	よ	42	0.0083	0.9191
142	り	42	0.0083	0.9191
143	え	41	0.0081	0.9085
144	ḃ	39	0.0077	0.8865
145	め	38	0.0075	0.8751
146	せ	37	0.0073	0.8633
147	ł	35	0.0069	0.8388
147	ţ	35	0.0069	0.8388
148	ś	34	0.0067	0.8261
148	ṭ	34	0.0067	0.8261
149	わ	33	0.0065	0.8129
149	空	33	0.0065	0.8129
150	̇	32	0.0063	0.7993
150	さ	32	0.0063	0.7993
150	君	32	0.0063	0.7993
151	ō	31	0.0061	0.7853
151	ř	31	0.0061	0.7853
152	自	30	0.0059	0.7709
153	み	29	0.0057	0.7559
154	見	28	0.0055	0.7404
155	分	25	0.005	0.699
156	会	24	0.0048	0.6812
156	翼	24	0.0048	0.6812
156	行	24	0.0048	0.6812
157	じ	22	0.0044	0.6435
157	鈾	22	0.0044	0.6435
158	ő	21	0.0042	0.6232
158	一	21	0.0042	0.6232
159	ḍ	20	0.004	0.6021
159	あ	20	0.004	0.6021
159	そ	20	0.004	0.6021
159	明	20	0.004	0.6021
159	言	20	0.004	0.6021
160	中	19	0.0038	0.5798
160	今	19	0.0038	0.5798
161	ル	18	0.0036	0.5563
161	ン	18	0.0036	0.5563
162	眠	17	0.0034	0.5315
163	ī	16	0.0032	0.5051
163	す	16	0.0032	0.5051
163	側	16	0.0032	0.5051
163	叶	16	0.0032	0.5051
163	場	16	0.0032	0.5051
163	夢	16	0.0032	0.5051
164	ず	15	0.003	0.4771
164	ミ	15	0.003	0.4771
164	意	15	0.003	0.4771
164	所	15	0.003	0.4771
164	無	15	0.003	0.4771
164	願	15	0.003	0.4771
165	へ	14	0.0028	0.4472
165	ー	14	0.0028	0.4472
165	大	14	0.0028	0.4472
166	ı	13	0.0026	0.415
166	ĺ	13	0.0026	0.415
166	и	13	0.0026	0.415
166	ј	13	0.0026	0.415
166	ṁ	13	0.0026	0.415
166	げ	13	0.0026	0.415
166	イ	13	0.0026	0.415
166	僕	13	0.0026	0.415
166	気	13	0.0026	0.415
166	由	13	0.0026	0.415
167	ū	12	0.0024	0.3802
167	̆	12	0.0024	0.3802
167	ͣ	12	0.0024	0.3802
167	お	12	0.0024	0.3802
167	ぬ	12	0.0024	0.3802
167	ね	12	0.0024	0.3802
167	ば	12	0.0024	0.3802
167	レ	12	0.0024	0.3802
167	世	12	0.0024	0.3802
167	飛	12	0.0024	0.3802
168	д	11	0.0022	0.3424
168	п	11	0.0022	0.3424
168	ひ	11	0.0022	0.3424
168	ゃ	11	0.0022	0.3424
168	ッ	11	0.0022	0.3424
168	上	11	0.0022	0.3424
168	最	11	0.0022	0.3424
168	知	11	0.0022	0.3424
168	私	11	0.0022	0.3424
169	や	10	0.002	0.301
169	人	10	0.002	0.301
169	何	10	0.002	0.301
169	悲	10	0.002	0.301
169	手	10	0.002	0.301
169	時	10	0.002	0.301
169	結	10	0.002	0.301
170	ة	9	0.0018	0.2553
170	ṇ	9	0.0018	0.2553
170	ọ	9	0.0018	0.2553
170	び	9	0.0018	0.2553
170	斯	9	0.0018	0.2553
170	界	9	0.0018	0.2553
170	誰	9	0.0018	0.2553
170	迷	9	0.0018	0.2553
171	ě	8	0.0016	0.2041
171	ĳ	8	0.0016	0.2041
171	ŝ	8	0.0016	0.2041
171	ή	8	0.0016	0.2041
171	ϋ	8	0.0016	0.2041
171	ク	8	0.0016	0.2041
171	多	8	0.0016	0.2041
171	少	8	0.0016	0.2041
171	広	8	0.0016	0.2041
171	欲	8	0.0016	0.2041
171	決	8	0.0016	0.2041
171	美	8	0.0016	0.2041
171	背	8	0.0016	0.2041
171	脫	8	0.0016	0.2041
171	過	8	0.0016	0.2041
172	ą	7	0.0014	0.1461
172	́	7	0.0014	0.1461
172	々	7	0.0014	0.1461
172	ブ	7	0.0014	0.1461
172	マ	7	0.0014	0.1461
172	ャ	7	0.0014	0.1461
172	不	7	0.0014	0.1461
172	切	7	0.0014	0.1461
172	味	7	0.0014	0.1461
172	宵	7	0.0014	0.1461
172	月	7	0.0014	0.1461
172	来	7	0.0014	0.1461
172	涙	7	0.0014	0.1461
172	胸	7	0.0014	0.1461
172	舞	7	0.0014	0.1461
173	ŕ	6	0.0012	0.0792
173	ț	6	0.0012	0.0792
173	ё	6	0.0012	0.0792
173	ء	6	0.0012	0.0792
173	ぎ	6	0.0012	0.0792
173	ぶ	6	0.0012	0.0792
173	ほ	6	0.0012	0.0792
173	ぼ	6	0.0012	0.0792
173	ろ	6	0.0012	0.0792
173	カ	6	0.0012	0.0792
173	キ	6	0.0012	0.0792
173	タ	6	0.0012	0.0792
173	ラ	6	0.0012	0.0792
173	両	6	0.0012	0.0792
173	俺	6	0.0012	0.0792
173	克	6	0.0012	0.0792
173	唄	6	0.0012	0.0792
173	子	6	0.0012	0.0792
173	左	6	0.0012	0.0792
173	後	6	0.0012	0.0792
173	想	6	0.0012	0.0792
173	握	6	0.0012	0.0792
173	斬	6	0.0012	0.0792
173	死	6	0.0012	0.0792
173	消	6	0.0012	0.0792
173	眉	6	0.0012	0.0792
173	穹	6	0.0012	0.0792
173	締	6	0.0012	0.0792
173	约	6	0.0012	0.0792
173	脕	6	0.0012	0.0792
173	脥	6	0.0012	0.0792
173	脩	6	0.0012	0.0792
173	脷	6	0.0012	0.0792
173	蒼	6	0.0012	0.0792
173	裂	6	0.0012	0.0792
173	雲	6	0.0012	0.0792
174	đ	5	0.001	0.0
174	к	5	0.001	0.0
174	ь	5	0.001	0.0
174	ح	5	0.001	0.0
174	س	5	0.001	0.0
174	م	5	0.001	0.0
174	ṕ	5	0.001	0.0
174	ご	5	0.001	0.0
174	ょ	5	0.001	0.0
174	ア	5	0.001	0.0
174	グ	5	0.001	0.0
174	ム	5	0.001	0.0
174	儚	5	0.001	0.0
174	出	5	0.001	0.0
174	別	5	0.001	0.0
174	奇	5	0.001	0.0
174	好	5	0.001	0.0
174	年	5	0.001	0.0
174	彼	5	0.001	0.0
174	愛	5	0.001	0.0
174	方	5	0.001	0.0
174	未	5	0.001	0.0
174	根	5	0.001	0.0
174	格	5	0.001	0.0
174	汉	5	0.001	0.0
174	深	5	0.001	0.0
174	特	5	0.001	0.0
174	笑	5	0.001	0.0
174	道	5	0.001	0.0
174	鏧	5	0.001	0.0
174	間	5	0.001	0.0
175	ư	4	0.0008	-0.0969
175	ǣ	4	0.0008	-0.0969
175	γ	4	0.0008	-0.0969
175	ұ	4	0.0008	-0.0969
175	ت	4	0.0008	-0.0969
175	ち	4	0.0008	-0.0969
175	む	4	0.0008	-0.0969
175	ガ	4	0.0008	-0.0969
175	ゾ	4	0.0008	-0.0969
175	チ	4	0.0008	-0.0969
175	ナ	4	0.0008	-0.0969
175	プ	4	0.0008	-0.0969
175	リ	4	0.0008	-0.0969
175	仕	4	0.0008	-0.0969
175	伊	4	0.0008	-0.0969
175	伝	4	0.0008	-0.0969
175	値	4	0.0008	-0.0969
175	元	4	0.0008	-0.0969
175	叔	4	0.0008	-0.0969
175	合	4	0.0008	-0.0969
175	変	4	0.0008	-0.0969
175	寝	4	0.0008	-0.0969
175	度	4	0.0008	-0.0969
175	心	4	0.0008	-0.0969
175	性	4	0.0008	-0.0969
175	拉	4	0.0008	-0.0969
175	損	4	0.0008	-0.0969
175	新	4	0.0008	-0.0969
175	星	4	0.0008	-0.0969
175	構	4	0.0008	-0.0969
175	照	4	0.0008	-0.0969
175	目	4	0.0008	-0.0969
175	経	4	0.0008	-0.0969
175	翰	4	0.0008	-0.0969
175	者	4	0.0008	-0.0969
175	聞	4	0.0008	-0.0969
175	肝	4	0.0008	-0.0969
175	覚	4	0.0008	-0.0969
175	観	4	0.0008	-0.0969
175	調	4	0.0008	-0.0969
175	诺	4	0.0008	-0.0969
175	載	4	0.0008	-0.0969
175	込	4	0.0008	-0.0969
175	近	4	0.0008	-0.0969
175	離	4	0.0008	-0.0969
175	雨	4	0.0008	-0.0969
175	雷	4	0.0008	-0.0969
175	頬	4	0.0008	-0.0969
175	験	4	0.0008	-0.0969
175	鳥	4	0.0008	-0.0969
175	시	4	0.0008	-0.0969
176	з	3	0.0006	-0.2218
176	ч	3	0.0006	-0.2218
176	ы	3	0.0006	-0.2218
176	џ	3	0.0006	-0.2218
176	ك	3	0.0006	-0.2218
176	ن	3	0.0006	-0.2218
176	و	3	0.0006	-0.2218
176	ạ	3	0.0006	-0.2218
176	ぐ	3	0.0006	-0.2218
176	ゆ	3	0.0006	-0.2218
176	ジ	3	0.0006	-0.2218
176	ピ	3	0.0006	-0.2218
176	事	3	0.0006	-0.2218
176	信	3	0.0006	-0.2218
176	参	3	0.0006	-0.2218
176	回	3	0.0006	-0.2218
176	夜	3	0.0006	-0.2218
176	屋	3	0.0006	-0.2218
176	恋	3	0.0006	-0.2218
176	探	3	0.0006	-0.2218
176	泣	3	0.0006	-0.2218
176	球	3	0.0006	-0.2218
176	直	3	0.0006	-0.2218
176	線	3	0.0006	-0.2218
176	考	3	0.0006	-0.2218
176	阿	3	0.0006	-0.2218
176	集	3	0.0006	-0.2218
176	風	3	0.0006	-0.2218
177	ė	2	0.0004	-0.3979
177	ŋ	2	0.0004	-0.3979
177	ű	2	0.0004	-0.3979
177	ș	2	0.0004	-0.3979
177	ʻ	2	0.0004	-0.3979
177	͍	2	0.0004	-0.3979
177	͡	2	0.0004	-0.3979
177	π	2	0.0004	-0.3979
177	ς	2	0.0004	-0.3979
177	χ	2	0.0004	-0.3979
177	ύ	2	0.0004	-0.3979
177	ж	2	0.0004	-0.3979
177	л	2	0.0004	-0.3979
177	х	2	0.0004	-0.3979
177	њ	2	0.0004	-0.3979
177	ا	2	0.0004	-0.3979
177	ر	2	0.0004	-0.3979
177	ه	2	0.0004	-0.3979
177	ห	2	0.0004	-0.3979
177	ḿ	2	0.0004	-0.3979
177	ṣ	2	0.0004	-0.3979
177	ờ	2	0.0004	-0.3979
177	ぜ	2	0.0004	-0.3979
177	ウ	2	0.0004	-0.3979
177	オ	2	0.0004	-0.3979
177	ギ	2	0.0004	-0.3979
177	ス	2	0.0004	-0.3979
177	テ	2	0.0004	-0.3979
177	デ	2	0.0004	-0.3979
177	ド	2	0.0004	-0.3979
177	ノ	2	0.0004	-0.3979
177	ハ	2	0.0004	-0.3979
177	バ	2	0.0004	-0.3979
177	ビ	2	0.0004	-0.3979
177	ユ	2	0.0004	-0.3979
177	ワ	2	0.0004	-0.3979
177	ヴ	2	0.0004	-0.3979
177	㤹	2	0.0004	-0.3979
177	㨰	2	0.0004	-0.3979
177	么	2	0.0004	-0.3979
177	乗	2	0.0004	-0.3979
177	二	2	0.0004	-0.3979
177	亚	2	0.0004	-0.3979
177	以	2	0.0004	-0.3979
177	伦	2	0.0004	-0.3979
177	佛	2	0.0004	-0.3979
177	作	2	0.0004	-0.3979
177	健	2	0.0004	-0.3979
177	像	2	0.0004	-0.3979
177	儀	2	0.0004	-0.3979
177	光	2	0.0004	-0.3979
177	厚	2	0.0004	-0.3979
177	友	2	0.0004	-0.3979
177	口	2	0.0004	-0.3979
177	可	2	0.0004	-0.3979
177	同	2	0.0004	-0.3979
177	名	2	0.0004	-0.3979
177	喜	2	0.0004	-0.3979
177	噛	2	0.0004	-0.3979
177	地	2	0.0004	-0.3979
177	塞	2	0.0004	-0.3979
177	始	2	0.0004	-0.3979
177	嫌	2	0.0004	-0.3979
177	嬉	2	0.0004	-0.3979
177	尔	2	0.0004	-0.3979
177	尼	2	0.0004	-0.3979
177	巻	2	0.0004	-0.3979
177	布	2	0.0004	-0.3979
177	希	2	0.0004	-0.3979
177	康	2	0.0004	-0.3979
177	张	2	0.0004	-0.3979
177	影	2	0.0004	-0.3979
177	待	2	0.0004	-0.3979
177	愁	2	0.0004	-0.3979
177	感	2	0.0004	-0.3979
177	抱	2	0.0004	-0.3979
177	拜	2	0.0004	-0.3979
177	振	2	0.0004	-0.3979
177	敵	2	0.0004	-0.3979
177	晦	2	0.0004	-0.3979
177	晴	2	0.0004	-0.3979
177	望	2	0.0004	-0.3979
177	杰	2	0.0004	-0.3979
177	果	2	0.0004	-0.3979
177	森	2	0.0004	-0.3979
177	業	2	0.0004	-0.3979
177	残	2	0.0004	-0.3979
177	法	2	0.0004	-0.3979
177	測	2	0.0004	-0.3979
177	湯	2	0.0004	-0.3979
177	玉	2	0.0004	-0.3979
177	生	2	0.0004	-0.3979
177	白	2	0.0004	-0.3979
177	皮	2	0.0004	-0.3979
177	真	2	0.0004	-0.3979
177	素	2	0.0004	-0.3979
177	絶	2	0.0004	-0.3979
177	続	2	0.0004	-0.3979
177	维	2	0.0004	-0.3979
177	能	2	0.0004	-0.3979
177	芬	2	0.0004	-0.3979
177	葛	2	0.0004	-0.3979
177	覆	2	0.0004	-0.3979
177	解	2	0.0004	-0.3979
177	証	2	0.0004	-0.3979
177	足	2	0.0004	-0.3979
177	軸	2	0.0004	-0.3979
177	返	2	0.0004	-0.3979
177	迪	2	0.0004	-0.3979
177	追	2	0.0004	-0.3979
177	途	2	0.0004	-0.3979
177	遊	2	0.0004	-0.3979
177	運	2	0.0004	-0.3979
177	達	2	0.0004	-0.3979
177	郷	2	0.0004	-0.3979
177	酒	2	0.0004	-0.3979
177	里	2	0.0004	-0.3979
177	重	2	0.0004	-0.3979
177	閉	2	0.0004	-0.3979
177	降	2	0.0004	-0.3979
177	限	2	0.0004	-0.3979
177	隔	2	0.0004	-0.3979
177	面	2	0.0004	-0.3979
177	顔	2	0.0004	-0.3979
177	飾	2	0.0004	-0.3979
177	马	2	0.0004	-0.3979
177	魔	2	0.0004	-0.3979
177	가	2	0.0004	-0.3979
177	거	2	0.0004	-0.3979
177	고	2	0.0004	-0.3979
177	그	2	0.0004	-0.3979
177	났	2	0.0004	-0.3979
177	넌	2	0.0004	-0.3979
177	네	2	0.0004	-0.3979
177	득	2	0.0004	-0.3979
177	때	2	0.0004	-0.3979
177	또	2	0.0004	-0.3979
177	라	2	0.0004	-0.3979
177	마	2	0.0004	-0.3979
177	미	2	0.0004	-0.3979
177	서	2	0.0004	-0.3979
177	설	2	0.0004	-0.3979
177	씨	2	0.0004	-0.3979
177	아	2	0.0004	-0.3979
177	와	2	0.0004	-0.3979
177	일	2	0.0004	-0.3979
177	저	2	0.0004	-0.3979
177	츠	2	0.0004	-0.3979
177	큰	2	0.0004	-0.3979
177	키	2	0.0004	-0.3979
177	하	2	0.0004	-0.3979
178	ľ	1	0.0002	-0.699
178	ņ	1	0.0002	-0.699
178	ť	1	0.0002	-0.699
178	ů	1	0.0002	-0.699
178	ź	1	0.0002	-0.699
178	ơ	1	0.0002	-0.699
178	ʖ	1	0.0002	-0.699
178	̀	1	0.0002	-0.699
178	̈	1	0.0002	-0.699
178	̶	1	0.0002	-0.699
178	͜	1	0.0002	-0.699
178	λ	1	0.0002	-0.699
178	ц	1	0.0002	-0.699
178	ю	1	0.0002	-0.699
178	я	1	0.0002	-0.699
178	ђ	1	0.0002	-0.699
178	ѕ	1	0.0002	-0.699
178	ќ	1	0.0002	-0.699
178	أ	1	0.0002	-0.699
178	ب	1	0.0002	-0.699
178	ض	1	0.0002	-0.699
178	ع	1	0.0002	-0.699
178	ف	1	0.0002	-0.699
178	ً	1	0.0002	-0.699
178	ک	1	0.0002	-0.699
178	گ	1	0.0002	-0.699
178	ی	1	0.0002	-0.699
178	ආ	1	0.0002	-0.699
178	න	1	0.0002	-0.699
178	බ	1	0.0002	-0.699
178	ය	1	0.0002	-0.699
178	ව	1	0.0002	-0.699
178	්	1	0.0002	-0.699
178	ු	1	0.0002	-0.699
178	ෝ	1	0.0002	-0.699
178	ḟ	1	0.0002	-0.699
178	ḱ	1	0.0002	-0.699
178	ḷ	1	0.0002	-0.699
178	ả	1	0.0002	-0.699
178	ấ	1	0.0002	-0.699
178	ậ	1	0.0002	-0.699
178	ề	1	0.0002	-0.699
178	ể	1	0.0002	-0.699
178	ệ	1	0.0002	-0.699
178	ố	1	0.0002	-0.699
178	ợ	1	0.0002	-0.699
178	ử	1	0.0002	-0.699
178	ữ	1	0.0002	-0.699
178	ₒ	1	0.0002	-0.699
178	ⰰ	1	0.0002	-0.699
178	ⰲ	1	0.0002	-0.699
178	ⴭ	1	0.0002	-0.699
178	〵	1	0.0002	-0.699
178	ぁ	1	0.0002	-0.699
178	ぇ	1	0.0002	-0.699
178	ざ	1	0.0002	-0.699
178	ふ	1	0.0002	-0.699
178	べ	1	0.0002	-0.699
178	ゅ	1	0.0002	-0.699
178	ァ	1	0.0002	-0.699
178	ィ	1	0.0002	-0.699
178	コ	1	0.0002	-0.699
178	ザ	1	0.0002	-0.699
178	シ	1	0.0002	-0.699
178	ツ	1	0.0002	-0.699
178	ト	1	0.0002	-0.699
178	ヒ	1	0.0002	-0.699
178	ペ	1	0.0002	-0.699
178	ホ	1	0.0002	-0.699
178	ボ	1	0.0002	-0.699
178	ュ	1	0.0002	-0.699
178	ロ	1	0.0002	-0.699
178	ㄽ	1	0.0002	-0.699
178	㱴	1	0.0002	-0.699
178	㵲	1	0.0002	-0.699
178	㸴	1	0.0002	-0.699
178	㹴	1	0.0002	-0.699
178	七	1	0.0002	-0.699
178	下	1	0.0002	-0.699
178	付	1	0.0002	-0.699
178	伸	1	0.0002	-0.699
178	似	1	0.0002	-0.699
178	体	1	0.0002	-0.699
178	偽	1	0.0002	-0.699
178	優	1	0.0002	-0.699
178	先	1	0.0002	-0.699
178	入	1	0.0002	-0.699
178	全	1	0.0002	-0.699
178	冒	1	0.0002	-0.699
178	凌	1	0.0002	-0.699
178	創	1	0.0002	-0.699
178	功	1	0.0002	-0.699
178	勇	1	0.0002	-0.699
178	動	1	0.0002	-0.699
178	勢	1	0.0002	-0.699
178	包	1	0.0002	-0.699
178	去	1	0.0002	-0.699
178	収	1	0.0002	-0.699
178	取	1	0.0002	-0.699
178	台	1	0.0002	-0.699
178	吐	1	0.0002	-0.699
178	向	1	0.0002	-0.699
178	呑	1	0.0002	-0.699
178	命	1	0.0002	-0.699
178	嘘	1	0.0002	-0.699
178	嘯	1	0.0002	-0.699
178	囚	1	0.0002	-0.699
178	垢	1	0.0002	-0.699
178	報	1	0.0002	-0.699
178	太	1	0.0002	-0.699
178	失	1	0.0002	-0.699
178	孤	1	0.0002	-0.699
178	孫	1	0.0002	-0.699
178	宙	1	0.0002	-0.699
178	宰	1	0.0002	-0.699
178	寄	1	0.0002	-0.699
178	尽	1	0.0002	-0.699
178	居	1	0.0002	-0.699
178	届	1	0.0002	-0.699
178	山	1	0.0002	-0.699
178	廬	1	0.0002	-0.699
178	強	1	0.0002	-0.699
178	当	1	0.0002	-0.699
178	思	1	0.0002	-0.699
178	恥	1	0.0002	-0.699
178	悟	1	0.0002	-0.699
178	惑	1	0.0002	-0.699
178	慎	1	0.0002	-0.699
178	憂	1	0.0002	-0.699
178	成	1	0.0002	-0.699
178	戸	1	0.0002	-0.699
178	打	1	0.0002	-0.699
178	拭	1	0.0002	-0.699
178	持	1	0.0002	-0.699
178	指	1	0.0002	-0.699
178	掴	1	0.0002	-0.699
178	敬	1	0.0002	-0.699
178	敮	1	0.0002	-0.699
178	敺	1	0.0002	-0.699
178	断	1	0.0002	-0.699
178	旅	1	0.0002	-0.699
178	映	1	0.0002	-0.699
178	是	1	0.0002	-0.699
178	昼	1	0.0002	-0.699
178	書	1	0.0002	-0.699
178	替	1	0.0002	-0.699
178	期	1	0.0002	-0.699
178	本	1	0.0002	-0.699
178	東	1	0.0002	-0.699
178	枚	1	0.0002	-0.699
178	栄	1	0.0002	-0.699
178	検	1	0.0002	-0.699
178	楳	1	0.0002	-0.699
178	様	1	0.0002	-0.699
178	正	1	0.0002	-0.699
178	殺	1	0.0002	-0.699
178	水	1	0.0002	-0.699
178	求	1	0.0002	-0.699
178	沈	1	0.0002	-0.699
178	波	1	0.0002	-0.699
178	浮	1	0.0002	-0.699
178	混	1	0.0002	-0.699
178	減	1	0.0002	-0.699
178	渡	1	0.0002	-0.699
178	滅	1	0.0002	-0.699
178	潣	1	0.0002	-0.699
178	潬	1	0.0002	-0.699
178	炎	1	0.0002	-0.699
178	為	1	0.0002	-0.699
178	独	1	0.0002	-0.699
178	理	1	0.0002	-0.699
178	瑢	1	0.0002	-0.699
178	瑩	1	0.0002	-0.699
178	男	1	0.0002	-0.699
178	番	1	0.0002	-0.699
178	畳	1	0.0002	-0.699
178	癴	1	0.0002	-0.699
178	盾	1	0.0002	-0.699
178	眩	1	0.0002	-0.699
178	睷	1	0.0002	-0.699
178	矛	1	0.0002	-0.699
178	確	1	0.0002	-0.699
178	磨	1	0.0002	-0.699
178	窓	1	0.0002	-0.699
178	立	1	0.0002	-0.699
178	第	1	0.0002	-0.699
178	答	1	0.0002	-0.699
178	糸	1	0.0002	-0.699
178	索	1	0.0002	-0.699
178	終	1	0.0002	-0.699
178	組	1	0.0002	-0.699
178	絆	1	0.0002	-0.699
178	絡	1	0.0002	-0.699
178	緒	1	0.0002	-0.699
178	脛	1	0.0002	-0.699
178	芒	1	0.0002	-0.699
178	荒	1	0.0002	-0.699
178	葉	1	0.0002	-0.699
178	虚	1	0.0002	-0.699
178	装	1	0.0002	-0.699
178	西	1	0.0002	-0.699
178	覗	1	0.0002	-0.699
178	触	1	0.0002	-0.699
178	記	1	0.0002	-0.699
178	詞	1	0.0002	-0.699
178	誇	1	0.0002	-0.699
178	誉	1	0.0002	-0.699
178	認	1	0.0002	-0.699
178	諦	1	0.0002	-0.699
178	識	1	0.0002	-0.699
178	負	1	0.0002	-0.699
178	走	1	0.0002	-0.699
178	起	1	0.0002	-0.699
178	跡	1	0.0002	-0.699
178	踵	1	0.0002	-0.699
178	身	1	0.0002	-0.699
178	転	1	0.0002	-0.699
178	輝	1	0.0002	-0.699
178	違	1	0.0002	-0.699
178	選	1	0.0002	-0.699
178	部	1	0.0002	-0.699
178	都	1	0.0002	-0.699
178	酷	1	0.0002	-0.699
178	野	1	0.0002	-0.699
178	鎙	1	0.0002	-0.699
178	長	1	0.0002	-0.699
178	開	1	0.0002	-0.699
178	闇	1	0.0002	-0.699
178	険	1	0.0002	-0.699
178	隠	1	0.0002	-0.699
178	難	1	0.0002	-0.699
178	震	1	0.0002	-0.699
178	香	1	0.0002	-0.699
178	駆	1	0.0002	-0.699
178	魚	1	0.0002	-0.699
