Rank	Bigram	Frequency	Frequency per million	Zipf value
1	்$	60028	54023.1147	7.7326
2	்க	31678	28509.0995	7.455
3	ு$	28519	25666.1093	7.4094
4	ன்	26604	23942.6758	7.3792
5	ம்	20456	18409.6894	7.265
6	^ந	19816	17833.7116	7.2512
7	து	16930	15236.4119	7.1829
8	்த	16649	14983.5216	7.1756
9	க்	14686	13216.8898	7.1211
10	ல்	14451	13005.398	7.1141
11	ள்	14126	12712.9093	7.1042
12	^இ	13278	11949.7387	7.0774
13	கள	13256	11929.9395	7.0766
14	^ப	12673	11405.2598	7.0571
15	^அ	12534	11280.1646	7.0523
16	ை$	12257	11030.8742	7.0426
17	ங்	12061	10854.481	7.0356
18	^வ	11970	10772.5842	7.0323
18	ரு	11970	10772.5842	7.0323
19	^எ	11958	10761.7846	7.0319
20	ும	11949	10753.6849	7.0316
21	^க	10682	9613.4289	6.9829
22	்ட	10488	9438.8357	6.9749
23	ர்	10465	9418.1365	6.974
24	ான	10095	9085.1493	6.9583
25	^ம	10030	9026.6516	6.9555
26	்ப	9985	8986.1531	6.9536
27	^ச	9914	8922.2556	6.9505
28	நா	8752	7876.496	6.8963
29	என	8351	7515.6099	6.876
30	கு	7927	7134.0246	6.8533
31	த்	7780	7001.7297	6.8452
32	ுக	7702	6931.5324	6.8408
33	டு	7670	6902.7336	6.839
34	கி	7663	6896.4338	6.8386
35	^த	7617	6855.0354	6.836
36	ி$	7543	6788.438	6.8318
37	ந்	7343	6608.4449	6.8201
38	்ற	7225	6502.249	6.8131
39	ிய	7091	6381.6537	6.8049
40	ப்	7025	6322.256	6.8009
41	ட்	6737	6063.066	6.7827
42	ிற	6708	6036.967	6.7808
43	்ல	6554	5898.3723	6.7707
44	க$	6362	5725.579	6.7578
45	தி	6360	5723.7791	6.7577
46	^உ	6027	5424.0906	6.7343
47	ண்	6019	5416.8909	6.7338
48	நீ	5761	5184.6999	6.7147
49	ார	5731	5157.7009	6.7125
50	டி	5606	5045.2053	6.7029
51	ில	5547	4992.1073	6.6983
52	ோ	5446	4901.2108	6.6903
53	று	5371	4833.7134	6.6843
54	வி	5173	4655.5203	6.668
55	்ன	5170	4652.8204	6.6677
56	வர	5093	4583.5231	6.6612
57	ரி	5022	4519.6255	6.6551
58	லை	4834	4350.4321	6.6385
59	ிர	4455	4009.3452	6.6031
60	ாக	4383	3944.5477	6.596
61	ீங	4313	3881.5502	6.589
62	ா$	4299	3868.9507	6.5876
63	ற்	4270	3842.8517	6.5847
64	பே	4263	3836.5519	6.5839
65	செ	4233	3809.553	6.5809
66	அவ	4207	3786.1539	6.5782
67	^ஒ	4125	3712.3567	6.5696
68	ிக	4068	3661.0587	6.5636
69	யா	4027	3624.1601	6.5592
70	ால	4011	3609.7607	6.5575
71	இர	4005	3604.3609	6.5568
72	ாத	3934	3540.4633	6.5491
73	மா	3919	3526.9639	6.5474
74	ாம	3902	3511.6644	6.5455
75	வே	3898	3508.0646	6.5451
76	ிட	3772	3394.669	6.5308
77	ைய	3699	3328.9715	6.5223
78	த$	3696	3326.2716	6.522
79	ன$	3694	3324.4717	6.5217
80	ஒர	3535	3181.3772	6.5026
81	ய்	3513	3161.578	6.4999
82	மு	3471	3123.7794	6.4947
83	ொ	3465	3118.3796	6.4939
84	ே$	3420	3077.8812	6.4883
85	ேன	3354	3018.4835	6.4798
86	ுத	3320	2987.8847	6.4754
87	பா	3232	2908.6877	6.4637
88	னை	3093	2783.5926	6.4446
89	^ஆ	3092	2782.6926	6.4445
90	தா	3010	2708.8954	6.4328
91	ுட	2971	2673.7968	6.4271
92	பி	2967	2670.1969	6.4265
93	அத	2923	2630.5985	6.4201
94	கா	2905	2614.3991	6.4174
95	சி	2828	2545.1018	6.4057
96	்ச	2808	2527.1025	6.4026
97	ின	2770	2492.9038	6.3967
98	தை	2737	2463.2049	6.3915
99	இல	2694	2424.5064	6.3846
100	வா	2664	2397.5075	6.3798
101	பு	2645	2380.4081	6.3767
102	வு	2626	2363.3088	6.3735
103	பட	2623	2360.6089	6.373
104	ெய	2507	2256.2129	6.3534
105	ல$	2377	2139.2174	6.3303
106	றே	2373	2135.6176	6.3295
107	்ள	2319	2087.0194	6.3195
108	றி	2316	2084.3195	6.319
109	ேண	2311	2079.8197	6.318
110	ுவ	2309	2078.0198	6.3176
111	யு	2232	2008.7225	6.3029
112	ாட	2196	1976.3237	6.2959
113	ைக	2173	1955.6245	6.2913
114	ய$	2172	1954.7245	6.2911
115	கே	2130	1916.926	6.2826
116	டை	2070	1862.9281	6.2702
117	நி	2061	1854.8284	6.2683
118	தெ	2001	1800.8305	6.2555
119	யி	1968	1771.1316	6.2483
120	சர	1892	1702.7343	6.2311
121	னா	1869	1682.0351	6.2258
122	ுந	1858	1672.1355	6.2233
123	ெர	1820	1637.9368	6.2143
124	ஸ்	1763	1586.6388	6.2005
125	ளி	1730	1556.9399	6.1923
126	பெ	1723	1550.6401	6.1905
127	ளை	1711	1539.8406	6.1875
128	னி	1679	1511.0417	6.1793
129	ித	1676	1508.3418	6.1785
130	றா	1666	1499.3421	6.1759
131	உங	1650	1484.9427	6.1717
132	றத	1600	1439.9444	6.1583
133	ைத	1595	1435.4446	6.157
134	்வ	1587	1428.2449	6.1548
135	இந	1568	1411.1455	6.1496
136	^ஏ	1560	1403.9458	6.1474
137	உள	1537	1383.2466	6.1409
138	லா	1526	1373.347	6.1378
139	ுப	1483	1334.6485	6.1254
140	கெ	1461	1314.8492	6.1189
141	ச்	1450	1304.9496	6.1156
142	டா	1441	1296.8499	6.1129
143	ாய	1438	1294.15	6.112
144	ட$	1427	1284.2504	6.1086
145	இத	1396	1256.3515	6.0991
146	்ம	1387	1248.2518	6.0963
147	மற	1382	1243.752	6.0947
148	ாள	1373	1235.6523	6.0919
149	தே	1362	1225.7527	6.0884
150	னக	1358	1222.1528	6.0871
151	மை	1347	1212.2532	6.0836
152	தத	1343	1208.6533	6.0823
153	ுற	1294	1164.555	6.0662
154	கவ	1282	1153.7555	6.0621
155	ரை	1281	1152.8555	6.0618
156	ீ$	1275	1147.4557	6.0597
157	கை	1257	1131.2563	6.0536
158	வெ	1240	1115.9569	6.0476
159	னு	1219	1097.0577	6.0402
160	மி	1209	1088.058	6.0367
161	லி	1201	1080.8583	6.0338
162	சு	1145	1030.4602	6.013
163	வத	1110	998.9614	5.9995
164	்ய	1106	995.3616	5.998
165	கட	1089	980.0622	5.9913
166	ளு	1070	962.9628	5.9836
167	றை	1069	962.0629	5.9832
168	ிப	1053	947.6634	5.9767
169	ளத	1050	944.9635	5.9754
170	தன	1032	928.7641	5.9679
171	சா	999	899.0653	5.9538
172	ற$	992	892.7655	5.9507
173	ரா	979	881.066	5.945
174	மன	972	874.7662	5.9419
175	இங	969	872.0663	5.9405
176	ாங	960	863.9667	5.9365
177	கம	933	839.6676	5.9241
178	ஆம	924	831.5679	5.9199
179	^ய	923	830.6679	5.9194
179	யம	923	830.6679	5.9194
180	ேர	921	828.868	5.9185
181	கூ	920	827.968	5.918
182	போ	917	825.2681	5.9166
183	தல	909	818.0684	5.9128
183	பத	909	818.0684	5.9128
184	ஆன	906	815.3685	5.9114
185	உன	905	814.4686	5.9109
186	ரம	901	810.8687	5.909
187	ாவ	899	809.0688	5.908
188	ுங	889	800.0691	5.9031
189	வை	885	796.4693	5.9012
190	யே	879	791.0695	5.8982
191	வள	869	782.0698	5.8932
192	ெல	857	771.2702	5.8872
193	இன	856	770.3703	5.8867
194	ூட	855	769.4703	5.8862
195	டத	845	760.4706	5.8811
196	கத	843	758.6707	5.8801
197	அன	837	753.2709	5.877
198	ழு	834	750.571	5.8754
199	ாப	819	737.0715	5.8675
200	ைப	814	732.5717	5.8649
201	எங	812	730.7718	5.8638
202	ீர	804	723.5721	5.8595
203	^ஜ	791	711.8725	5.8524
204	நே	788	709.1726	5.8508
204	வன	788	709.1726	5.8508
205	ாண	787	708.2727	5.8502
206	ிச	783	704.6728	5.848
207	தவ	781	702.8729	5.8469
208	மே	771	693.8732	5.8413
209	லு	769	692.0733	5.8402
210	ென	768	691.1733	5.8396
210	ேட	768	691.1733	5.8396
211	நம	767	690.2734	5.839
212	டம	766	689.3734	5.8385
213	ுள	764	687.5735	5.8373
214	ைவ	763	686.6735	5.8368
215	இப	737	663.2744	5.8217
216	கண	726	653.3748	5.8152
217	ிவ	721	648.875	5.8122
218	எப	720	647.975	5.8116
219	ேல	710	638.9753	5.8055
220	ரத	709	638.0754	5.8049
221	in	701	630.8756	5.7999
222	ெள	698	628.1758	5.7981
223	அல	695	625.4759	5.7962
224	^ஓ	694	624.5759	5.7956
224	அந	694	624.5759	5.7956
225	s$	692	622.776	5.7943
226	ிம	691	621.876	5.7937
226	ேச	691	621.876	5.7937
227	பற	690	620.976	5.7931
227	மீ	690	620.976	5.7931
228	^ர	688	619.1761	5.7918
229	கல	675	607.4766	5.7835
230	ெற	674	606.5766	5.7829
231	்ந	661	594.877	5.7744
232	^ட	656	590.3772	5.7711
233	டன	655	589.4772	5.7705
234	ுழ	651	585.8774	5.7678
235	உண	639	575.0778	5.7597
236	ாற	638	574.1778	5.759
237	அழ	635	571.4779	5.757
238	லத	626	563.3783	5.7508
239	கர	625	562.4783	5.7501
240	பர	618	556.1785	5.7452
241	ழி	616	554.3786	5.7438
241	வல	616	554.3786	5.7438
242	சம	610	548.9788	5.7396
243	மக	608	547.1789	5.7381
244	ீட	605	544.479	5.736
245	நன	597	537.2793	5.7302
246	நல	590	530.9795	5.7251
246	யவ	590	530.9795	5.7251
247	வீ	587	528.2796	5.7229
248	ணி	582	523.7798	5.7191
249	தம	581	522.8798	5.7184
250	நட	574	516.5801	5.7131
251	எட	564	507.5804	5.7055
252	ழை	561	504.8805	5.7032
253	ஏன	559	503.0806	5.7016
254	ரே	555	499.4807	5.6985
255	ுன	554	498.5808	5.6977
256	ரண	553	497.6808	5.697
257	்ஸ	550	494.9809	5.6946
258	மூ	541	486.8812	5.6874
259	வழ	531	477.8816	5.6793
260	^m	528	475.1817	5.6769
261	ரவ	524	471.5818	5.6736
262	ாழ	518	466.182	5.6686
263	அப	516	464.3821	5.6669
264	யை	515	463.4821	5.666
265	யன	513	461.6822	5.6643
266	எல	511	459.8822	5.6626
267	தய	508	457.1824	5.6601
268	ழ்	507	456.2824	5.6592
269	அம	504	453.5825	5.6567
269	தர	504	453.5825	5.6567
270	அட	503	452.6825	5.6558
270	ிள	503	452.6825	5.6558
271	an	501	450.8826	5.6541
272	எத	495	445.4828	5.6488
273	ாச	494	444.5828	5.648
274	ணம	490	440.983	5.6444
275	டே	489	440.083	5.6435
275	னவ	489	440.083	5.6435
276	னத	487	438.2831	5.6418
277	ng	484	435.5832	5.6391
277	டர	484	435.5832	5.6391
278	பண	480	431.9833	5.6355
279	ஓ$	473	425.6836	5.6291
280	ளா	471	423.8836	5.6272
281	வந	470	422.9837	5.6263
282	er	466	419.3838	5.6226
283	ீண	463	416.6839	5.6198
284	அங	457	411.2841	5.6141
285	வ்	456	410.3842	5.6132
286	கப	450	404.9844	5.6074
287	^ஹ	447	402.2845	5.6045
288	ுர	446	401.3845	5.6036
289	^s	445	400.4845	5.6026
290	பை	444	399.5846	5.6016
290	யல	444	399.5846	5.6016
291	யத	438	394.1848	5.5957
292	e$	431	387.885	5.5887
293	கன	429	386.0851	5.5867
294	ck	428	385.1851	5.5857
295	றந	426	383.3852	5.5836
296	^c	425	382.4852	5.5826
297	ள$	423	380.6853	5.5806
298	சே	422	379.7853	5.5795
298	சை	422	379.7853	5.5795
298	ப$	422	379.7853	5.5795
298	பய	422	379.7853	5.5795
299	g$	419	377.0854	5.5764
300	ர$	416	374.3855	5.5733
301	டவ	415	373.4856	5.5723
302	மண	406	365.3859	5.5628
303	ளே	402	361.786	5.5585
304	யர	398	358.1862	5.5541
305	கொ	397	357.2862	5.553
306	டக	390	350.9865	5.5453
307	னர	389	350.0865	5.5442
307	ிந	389	350.0865	5.5442
308	r$	387	348.2866	5.5419
309	மத	386	347.3866	5.5408
310	ேற	385	346.4866	5.5397
311	ar	381	342.8868	5.5352
311	றக	381	342.8868	5.5352
312	கீ	379	341.0868	5.5329
313	ழந	378	340.1869	5.5317
314	னம	373	335.687	5.5259
315	n$	371	333.8871	5.5236
316	^ல	366	329.3873	5.5177
317	றீ	365	328.4873	5.5165
318	இற	364	327.5874	5.5153
318	உட	364	327.5874	5.5153
319	்ர	363	326.6874	5.5141
320	uc	356	320.3876	5.5057
321	ீத	354	318.5877	5.5032
322	லம	353	317.6877	5.502
323	ஞ்	352	316.7878	5.5008
324	அற	345	310.488	5.492
324	லவ	345	310.488	5.492
325	^ஐ	343	308.6881	5.4895
325	ழக	343	308.6881	5.4895
325	ோ$	343	308.6881	5.4895
326	பக	342	307.7881	5.4883
327	சொ	338	304.1883	5.4831
327	டங	338	304.1883	5.4831
328	லக	337	303.2883	5.4819
329	ிழ	336	302.3883	5.4806
329	ொல	336	302.3883	5.4806
330	மர	334	300.5884	5.478
331	^f	331	297.8885	5.4741
332	d$	330	296.9885	5.4727
333	ரக	328	295.1886	5.4701
334	இட	326	293.3887	5.4674
335	ெண	324	291.5887	5.4648
336	ெட	323	290.6888	5.4634
337	மெ	321	288.8888	5.4607
338	லே	320	287.9889	5.4594
338	ுண	320	287.9889	5.4594
339	ஒன	314	282.5891	5.4512
339	ூற	314	282.5891	5.4512
340	ளவ	311	279.8892	5.447
341	^g	308	277.1893	5.4428
341	ிஷ	308	277.1893	5.4428
341	ேள	308	277.1893	5.4428
342	fu	307	276.2893	5.4414
342	்ண	307	276.2893	5.4414
343	டல	305	274.4894	5.4385
344	சந	299	269.0896	5.4299
344	னே	299	269.0896	5.4299
345	ிஸ	296	266.3897	5.4255
346	ணர	293	263.6898	5.4211
346	மல	293	263.6898	5.4211
346	ளர	293	263.6898	5.4211
347	உத	287	258.29	5.4121
348	ீழ	285	256.4901	5.4091
348	ேவ	285	256.4901	5.4091
349	ki	281	252.8902	5.4029
350	ரச	279	251.0903	5.3998
350	ேக	279	251.0903	5.3998
351	சன	277	249.2904	5.3967
352	ணு	276	248.3904	5.3951
353	எந	275	247.4904	5.3936
354	ஏத	274	246.5905	5.392
354	தக	274	246.5905	5.392
355	மட	272	244.7906	5.3888
356	இய	270	242.9906	5.3856
356	வண	270	242.9906	5.3856
357	ைந	267	240.2907	5.3807
358	ோட	266	239.3908	5.3791
359	ளன	264	237.5908	5.3758
360	ுய	263	236.6909	5.3742
361	^b	261	234.8909	5.3709
362	ஃப	260	233.991	5.3692
363	h$	259	233.091	5.3675
364	le	258	232.191	5.3658
365	்இ	257	231.2911	5.3642
366	தீ	255	229.4911	5.3608
367	தற	253	227.6912	5.3573
367	யற	253	227.6912	5.3573
368	சத	252	226.7912	5.3556
369	ுல	250	224.9913	5.3522
370	உற	248	223.1914	5.3487
371	வற	247	222.2914	5.3469
372	^t	245	220.4915	5.3434
373	ஏய	243	218.6916	5.3398
373	தட	243	218.6916	5.3398
373	ிங	243	218.6916	5.3398
374	தங	239	215.0917	5.3326
374	ோம	239	215.0917	5.3326
375	or	238	214.1917	5.3308
375	ru	238	214.1917	5.3308
375	ஷய	238	214.1917	5.3308
376	தப	237	213.2918	5.329
377	oo	236	212.3918	5.3271
378	^d	234	210.5919	5.3234
379	co	232	208.7919	5.3197
379	ூல	232	208.7919	5.3197
380	ைம	231	207.892	5.3178
381	அர	230	206.992	5.316
381	ுச	230	206.992	5.316
382	பவ	227	204.2921	5.3103
383	ஆண	226	203.3921	5.3083
384	இழ	223	200.6923	5.3025
385	்எ	222	199.7923	5.3006
386	a$	221	198.8923	5.2986
387	ழே	220	197.9924	5.2966
388	பல	219	197.0924	5.2947
389	^ஸ	218	196.1924	5.2927
389	ஆக	218	196.1924	5.2927
389	ோத	218	196.1924	5.2927
390	்அ	217	195.2925	5.2907
391	ரங	216	194.3925	5.2887
391	வச	216	194.3925	5.2887
392	ma	215	193.4925	5.2867
393	he	214	192.5926	5.2846
393	ஜா	214	192.5926	5.2846
394	as	213	191.6926	5.2826
395	கற	212	190.7926	5.2806
396	^'	211	189.8927	5.2785
396	ஏற	211	189.8927	5.2785
397	sa	210	188.9927	5.2764
398	es	209	188.0927	5.2744
398	யங	209	188.0927	5.2744
399	^w	208	187.1928	5.2723
400	ணக	207	186.2928	5.2702
401	உய	206	185.3928	5.2681
401	றம	206	185.3928	5.2681
402	னெ	205	184.4929	5.266
403	^a	203	182.6929	5.2617
404	நக	202	181.793	5.2596
405	y$	201	180.893	5.2574
406	பம	200	179.9931	5.2553
407	ணை	199	179.0931	5.2531
408	re	198	178.1931	5.2509
408	டந	198	178.1931	5.2509
409	ஜி	197	177.2932	5.2487
409	றவ	197	177.2932	5.2487
409	வங	197	177.2932	5.2487
410	ைச	196	176.3932	5.2465
411	வட	193	173.6933	5.2398
412	ta	192	172.7933	5.2375
412	ச$	192	172.7933	5.2375
413	சீ	191	171.8934	5.2353
414	நண	189	170.0934	5.2307
415	உர	188	169.1935	5.2284
415	ாஸ	188	169.1935	5.2284
416	வ$	187	168.2935	5.2261
417	^h	186	167.3935	5.2237
417	ro	186	167.3935	5.2237
418	ோக	185	166.4936	5.2214
419	ொட	184	165.5936	5.219
420	ho	182	163.7937	5.2143
421	றன	181	162.8937	5.2119
422	அண	179	161.0938	5.2071
423	th	177	159.2939	5.2022
423	ஐய	177	159.2939	5.2022
423	சூ	177	159.2939	5.2022
423	தொ	177	159.2939	5.2022
423	யப	177	159.2939	5.2022
423	ரெ	177	159.2939	5.2022
424	உல	176	158.3939	5.1997
425	ri	173	155.694	5.1923
425	ஜன	173	155.694	5.1923
425	டப	173	155.694	5.1923
425	யக	173	155.694	5.1923
426	pe	171	153.8941	5.1872
426	சய	171	153.8941	5.1872
427	gr	170	152.9941	5.1847
428	பீ	169	152.0941	5.1821
429	சல	167	150.2942	5.1769
430	op	163	146.6943	5.1664
430	பூ	163	146.6943	5.1664
431	o$	161	144.8944	5.1611
432	ூன	159	143.0945	5.1556
433	கோ	158	142.1945	5.1529
434	t$	157	141.2945	5.1501
434	கழ	157	141.2945	5.1501
435	ூர	156	140.3946	5.1474
436	ll	155	139.4946	5.1446
437	^l	154	138.5947	5.1417
437	ஒவ	154	138.5947	5.1417
437	ஹா	154	138.5947	5.1417
438	^ஃ	153	137.6947	5.1389
438	u$	153	137.6947	5.1389
438	சக	153	137.6947	5.1389
438	ாந	153	137.6947	5.1389
439	el	152	136.7947	5.1361
440	mu	151	135.8948	5.1332
441	ch	149	134.0948	5.1274
442	m$	147	132.2949	5.1215
442	rs	147	132.2949	5.1215
442	லர	147	132.2949	5.1215
442	லீ	147	132.2949	5.1215
442	வக	147	132.2949	5.1215
443	ஷ்	146	131.3949	5.1186
444	ணத	145	130.495	5.1156
444	நர	145	130.495	5.1156
445	றப	144	129.595	5.1126
446	ra	142	127.7951	5.1065
446	ur	142	127.7951	5.1065
446	ேய	142	127.7951	5.1065
447	un	140	125.9951	5.1004
447	தூ	140	125.9951	5.1004
448	ம$	139	125.0952	5.0972
449	se	137	123.2952	5.0909
449	பன	137	123.2952	5.0909
450	ha	136	122.3953	5.0878
450	ஜே	136	122.3953	5.0878
451	ஆர	135	121.4953	5.0846
452	வம	134	120.5953	5.0813
453	எவ	133	119.6954	5.0781
453	பழ	133	119.6954	5.0781
454	sh	132	118.7954	5.0748
454	ணவ	132	118.7954	5.0748
454	தந	132	118.7954	5.0748
454	நெ	132	118.7954	5.0748
454	ீக	132	118.7954	5.0748
454	ூக	132	118.7954	5.0748
455	nd	131	117.8954	5.0715
455	எழ	131	117.8954	5.0715
455	்உ	131	117.8954	5.0715
456	^o	130	116.9955	5.0682
456	si	130	116.9955	5.0682
457	ேம	129	116.0955	5.0648
458	தோ	128	115.1956	5.0614
459	mo	127	114.2956	5.058
459	ni	127	114.2956	5.058
459	பொ	127	114.2956	5.058
459	ீஸ	127	114.2956	5.058
459	ெக	127	114.2956	5.058
460	li	126	113.3956	5.0546
460	ரோ	126	113.3956	5.0546
461	^p	124	111.5957	5.0476
462	ூச	122	109.7958	5.0406
463	ோன	121	108.8958	5.037
463	்ஒ	121	108.8958	5.037
464	om	120	107.9958	5.0334
464	ஆய	120	107.9958	5.0334
464	ளம	120	107.9958	5.0334
465	ca	119	107.0959	5.0298
466	^r	117	105.2959	5.0224
466	இவ	117	105.2959	5.0224
466	சட	117	105.2959	5.0224
466	டெ	117	105.2959	5.0224
466	ணா	117	105.2959	5.0224
466	ரட	117	105.2959	5.0224
466	ோற	117	105.2959	5.0224
467	at	116	104.396	5.0187
467	la	116	104.396	5.0187
468	இச	115	103.496	5.0149
468	ஸி	115	103.496	5.0149
468	ெத	115	103.496	5.0149
468	ொண	115	103.496	5.0149
469	ph	114	102.596	5.0111
469	ஆச	114	102.596	5.0111
469	ோல	114	102.596	5.0111
470	il	112	100.7961	5.0034
470	ke	112	100.7961	5.0034
470	ஒப	112	100.7961	5.0034
470	பந	112	100.7961	5.0034
471	லன	111	99.8961	4.9995
472	de	110	98.9962	4.9956
472	nt	110	98.9962	4.9956
472	யூ	110	98.9962	4.9956
472	ரன	110	98.9962	4.9956
473	on	109	98.0962	4.9917
473	te	109	98.0962	4.9917
473	ரல	109	98.0962	4.9917
474	hi	108	97.1962	4.9876
474	to	108	97.1962	4.9876
474	சப	108	97.1962	4.9876
475	ed	107	96.2963	4.9836
475	ஆல	107	96.2963	4.9836
475	ஏ$	107	96.2963	4.9836
476	ஹே	106	95.3963	4.9795
476	ிண	106	95.3963	4.9795
477	rp	105	94.4964	4.9754
477	தள	105	94.4964	4.9754
477	னோ	105	94.4964	4.9754
478	ொள	104	93.5964	4.9713
479	br	103	92.6964	4.9671
479	mi	103	92.6964	4.9671
479	ிஞ	103	92.6964	4.9671
479	ூப	103	92.6964	4.9671
480	st	102	91.7965	4.9628
481	gh	101	90.8965	4.9585
481	ண$	101	90.8965	4.9585
482	^e	100	89.9965	4.9542
482	l$	100	89.9965	4.9542
483	னல	98	88.1966	4.9455
484	am	97	87.2966	4.941
484	ீச	97	87.2966	4.941
484	்ஷ	97	87.2966	4.941
485	ig	96	86.3967	4.9365
485	ir	96	86.3967	4.9365
486	ோச	95	85.4967	4.9319
487	^ஷ	94	84.5967	4.9274
487	en	94	84.5967	4.9274
488	it	93	83.6968	4.9227
488	oa	93	83.6968	4.9227
488	அள	93	83.6968	4.9227
488	ஐந	93	83.6968	4.9227
488	ஓட	93	83.6968	4.9227
489	^ஊ	92	82.7968	4.918
489	யந	92	82.7968	4.918
489	யோ	92	82.7968	4.918
489	ேப	92	82.7968	4.918
490	ea	91	81.8968	4.9133
490	ol	91	81.8968	4.9133
491	ரர	90	80.9969	4.9085
492	ic	89	80.0969	4.9036
492	ns	89	80.0969	4.9036
492	எண	89	80.0969	4.9036
492	ஜூ	89	80.0969	4.9036
492	்ஜ	89	80.0969	4.9036
493	lo	88	79.1969	4.8987
493	டோ	88	79.1969	4.8987
493	ொர	88	79.1969	4.8987
494	hu	87	78.297	4.8937
494	ly	87	78.297	4.8937
495	ீல	86	77.397	4.8887
496	லப	85	76.497	4.8836
496	ைல	85	76.497	4.8836
496	ோய	85	76.497	4.8836
497	ot	84	75.5971	4.8785
497	அச	84	75.5971	4.8785
497	ழ$	84	75.5971	4.8785
498	ba	83	74.6971	4.8733
498	do	83	74.6971	4.8733
499	ss	82	73.7972	4.868
499	யெ	82	73.7972	4.868
499	ரொ	82	73.7972	4.868
499	லல	82	73.7972	4.868
499	ுஎ	82	73.7972	4.868
500	ee	81	72.8972	4.8627
500	go	81	72.8972	4.8627
500	மஸ	81	72.8972	4.8627
500	ளோ	81	72.8972	4.8627
500	ீன	81	72.8972	4.8627
501	i$	80	71.9972	4.8573
501	வய	80	71.9972	4.8573
502	is	79	71.0973	4.8519
502	ti	79	71.0973	4.8519
502	ஆ$	79	71.0973	4.8519
502	டற	79	71.0973	4.8519
503	mm	78	70.1973	4.8463
503	rt	78	70.1973	4.8463
504	wh	77	69.2973	4.8407
504	எர	77	69.2973	4.8407
504	ொன	77	69.2973	4.8407
505	^n	76	68.3974	4.835
505	ne	76	68.3974	4.835
505	டீ	76	68.3974	4.835
505	ீப	76	68.3974	4.835
506	^ஈ	75	67.4974	4.8293
506	da	75	67.4974	4.8293
506	hs	75	67.4974	4.8293
506	me	75	67.4974	4.8293
506	ts	75	67.4974	4.8293
506	ஒல	75	67.4974	4.8293
506	ரப	75	67.4974	4.8293
506	றோ	75	67.4974	4.8293
507	^v	74	66.5974	4.8235
507	vi	74	66.5974	4.8235
507	கங	74	66.5974	4.8235
507	கச	74	66.5974	4.8235
507	ஜெ	74	66.5974	4.8235
507	மோ	74	66.5974	4.8235
507	ூம	74	66.5974	4.8235
507	ைன	74	66.5974	4.8235
508	ரீ	73	65.6975	4.8175
508	ரூ	73	65.6975	4.8175
508	ொம	73	65.6975	4.8175
509	யண	71	63.8975	4.8055
509	ுஇ	71	63.8975	4.8055
509	ொஞ	71	63.8975	4.8055
510	ou	70	62.9976	4.7993
510	ரஸ	70	62.9976	4.7993
511	ஞா	69	62.0976	4.7931
511	நு	69	62.0976	4.7931
511	ழங	69	62.0976	4.7931
512	tt	68	61.1976	4.7867
512	எஸ	68	61.1976	4.7867
513	றங	67	60.2977	4.7803
514	'$	66	59.3977	4.7738
514	al	66	59.3977	4.7738
514	ஆட	66	59.3977	4.7738
514	இம	66	59.3977	4.7738
514	ஐ$	66	59.3977	4.7738
515	பங	65	58.4977	4.7671
515	பள	65	58.4977	4.7671
515	ுஅ	65	58.4977	4.7671
515	ேத	65	58.4977	4.7671
516	ka	64	57.5978	4.7604
516	wo	64	57.5978	4.7604
516	ோப	64	57.5978	4.7604
517	ay	63	56.6978	4.7536
517	எள	63	56.6978	4.7536
517	்ஆ	63	56.6978	4.7536
518	^i	62	55.7978	4.7466
518	^ஞ	62	55.7978	4.7466
518	ஏர	62	55.7978	4.7466
519	ge	61	54.8979	4.7396
519	ழப	61	54.8979	4.7396
519	ீய	61	54.8979	4.7396
520	ஆப	60	53.9979	4.7324
520	ஈர	60	53.9979	4.7324
520	ணப	60	53.9979	4.7324
520	ளக	60	53.9979	4.7324
520	ைட	60	53.9979	4.7324
520	ோர	60	53.9979	4.7324
521	^j	59	53.098	4.7251
521	ஓய	59	53.098	4.7251
521	றெ	59	53.098	4.7251
521	ஹல	59	53.098	4.7251
522	's	58	52.198	4.7177
522	ga	58	52.198	4.7177
522	ow	58	52.198	4.7177
522	ஞர	58	52.198	4.7177
522	லூ	58	52.198	4.7177
522	ீவ	58	52.198	4.7177
523	et	57	51.298	4.7101
523	இண	57	51.298	4.7101
524	^y	56	50.3981	4.7024
524	இள	56	50.3981	4.7024
524	ஷி	56	50.3981	4.7024
525	di	55	49.4981	4.6946
525	kl	55	49.4981	4.6946
525	ld	55	49.4981	4.6946
525	us	55	49.4981	4.6946
525	ெஞ	55	49.4981	4.6946
526	ce	54	48.5981	4.6866
526	k$	54	48.5981	4.6866
526	od	54	48.5981	4.6866
526	ஜீ	54	48.5981	4.6866
526	ழர	54	48.5981	4.6866
526	ூங	54	48.5981	4.6866
526	ெப	54	48.5981	4.6866
527	cl	53	47.6982	4.6785
527	ia	53	47.6982	4.6785
527	கக	53	47.6982	4.6785
527	சவ	53	47.6982	4.6785
527	யீ	53	47.6982	4.6785
527	லோ	53	47.6982	4.6785
528	^u	52	46.7982	4.6702
528	ai	52	46.7982	4.6702
529	so	51	45.8982	4.6618
529	wi	51	45.8982	4.6618
530	be	50	44.9983	4.6532
530	nn	50	44.9983	4.6532
530	ye	50	44.9983	4.6532
530	ஆத	50	44.9983	4.6532
530	ழம	50	44.9983	4.6532
531	ah	49	44.0983	4.6444
531	gi	49	44.0983	4.6444
531	nh	49	44.0983	4.6444
531	no	49	44.0983	4.6444
531	rf	49	44.0983	4.6444
531	um	49	44.0983	4.6444
531	பச	49	44.0983	4.6444
531	ளூ	49	44.0983	4.6444
532	p$	48	43.1983	4.6355
532	wa	48	43.1983	4.6355
532	ஜ்	48	43.1983	4.6355
532	ாஜ	48	43.1983	4.6355
533	^z	47	42.2984	4.6263
533	dr	47	42.2984	4.6263
533	ஆற	47	42.2984	4.6263
533	எம	47	42.2984	4.6263
534	id	46	41.3984	4.617
534	ஓவ	46	41.3984	4.617
534	ளப	46	41.3984	4.617
534	ழல	46	41.3984	4.617
534	ாஷ	46	41.3984	4.617
535	oc	45	40.4984	4.6074
535	நூ	45	40.4984	4.6074
535	ஷன	45	40.4984	4.6074
535	ோவ	45	40.4984	4.6074
536	-இ	44	39.5985	4.5977
536	ac	44	39.5985	4.5977
536	ad	44	39.5985	4.5977
536	ut	44	39.5985	4.5977
536	லெ	44	39.5985	4.5977
536	ாஞ	44	39.5985	4.5977
536	ிஇ	44	39.5985	4.5977
537	ct	43	38.6985	4.5877
537	of	43	38.6985	4.5877
537	pa	43	38.6985	4.5877
537	ைர	43	38.6985	4.5877
537	ொற	43	38.6985	4.5877
538	fe	42	37.7985	4.5775
538	ie	42	37.7985	4.5775
538	im	42	37.7985	4.5775
538	ok	42	37.7985	4.5775
538	ஆவ	42	37.7985	4.5775
538	டட	42	37.7985	4.5775
538	றல	42	37.7985	4.5775
538	ழா	42	37.7985	4.5775
538	வோ	42	37.7985	4.5775
539	'க	41	36.8986	4.567
539	bi	41	36.8986	4.567
539	ik	41	36.8986	4.567
539	na	41	36.8986	4.567
539	tr	41	36.8986	4.567
539	டய	41	36.8986	4.567
539	ூத	41	36.8986	4.567
539	ொழ	41	36.8986	4.567
540	oh	40	35.9986	4.5563
540	pr	40	35.9986	4.5563
540	rd	40	35.9986	4.5563
540	ஏம	40	35.9986	4.5563
540	லஸ	40	35.9986	4.5563
540	ூழ	40	35.9986	4.5563
541	fl	39	35.0986	4.5453
541	tl	39	35.0986	4.5453
541	அக	39	35.0986	4.5453
541	ஏழ	39	35.0986	4.5453
541	ணங	39	35.0986	4.5453
541	னங	39	35.0986	4.5453
541	லட	39	35.0986	4.5453
541	ஹி	39	35.0986	4.5453
541	ூய	39	35.0986	4.5453
542	nc	38	34.1987	4.534
542	நப	38	34.1987	4.534
542	ஷம	38	34.1987	4.534
542	ுஒ	38	34.1987	4.534
543	bl	37	33.2987	4.5224
543	c$	37	33.2987	4.5224
543	sp	37	33.2987	4.5224
543	ve	37	33.2987	4.5224
543	உப	37	33.2987	4.5224
543	கஇ	37	33.2987	4.5224
543	பப	37	33.2987	4.5224
543	மய	37	33.2987	4.5224
543	ுஉ	37	33.2987	4.5224
544	mp	36	32.3987	4.5105
544	pi	36	32.3987	4.5105
544	சங	36	32.3987	4.5105
544	தண	36	32.3987	4.5105
544	ஹ்	36	32.3987	4.5105
545	e'	35	31.4988	4.4983
545	eh	35	31.4988	4.4983
545	lt	35	31.4988	4.4983
545	nk	35	31.4988	4.4983
545	னட	35	31.4988	4.4983
545	னீ	35	31.4988	4.4983
545	ஹெ	35	31.4988	4.4983
545	்'	35	31.4988	4.4983
546	ab	34	30.5988	4.4857
546	ag	34	30.5988	4.4857
546	ks	34	30.5988	4.4857
546	ஆழ	34	30.5988	4.4857
546	னப	34	30.5988	4.4857
546	மந	34	30.5988	4.4857
546	ெவ	34	30.5988	4.4857
547	ex	33	29.6989	4.4727
547	hy	33	29.6989	4.4727
547	sc	33	29.6989	4.4727
547	ெஸ	33	29.6989	4.4727
548	'd	32	28.7989	4.4594
548	aa	32	28.7989	4.4594
548	fo	32	28.7989	4.4594
548	jo	32	28.7989	4.4594
548	ஐஸ	32	28.7989	4.4594
548	சோ	32	28.7989	4.4594
548	ணல	32	28.7989	4.4594
548	னச	32	28.7989	4.4594
548	லய	32	28.7989	4.4594
548	ுஆ	32	28.7989	4.4594
549	ak	31	27.8989	4.4456
549	ds	31	27.8989	4.4456
549	ev	31	27.8989	4.4456
549	yl	31	27.8989	4.4456
549	ஈட	31	27.8989	4.4456
549	ஒத	31	27.8989	4.4456
549	னந	31	27.8989	4.4456
549	மம	31	27.8989	4.4456
550	fr	30	26.999	4.4313
550	ul	30	26.999	4.4313
550	ளீ	30	26.999	4.4313
550	ஷெ	30	26.999	4.4313
550	ைஎ	30	26.999	4.4313
550	்ஃ	30	26.999	4.4313
551	'ந	29	26.099	4.4166
551	^k	29	26.099	4.4166
551	ei	29	26.099	4.4166
551	ht	29	26.099	4.4166
551	rl	29	26.099	4.4166
551	ஆள	29	26.099	4.4166
551	எச	29	26.099	4.4166
551	ஒட	29	26.099	4.4166
551	ஒள	29	26.099	4.4166
551	கஸ	29	26.099	4.4166
551	சண	29	26.099	4.4166
551	டச	29	26.099	4.4166
551	ணீ	29	26.099	4.4166
551	யட	29	26.099	4.4166
551	ு'	29	26.099	4.4166
551	ைஇ	29	26.099	4.4166
552	kd	28	25.199	4.4014
552	ov	28	25.199	4.4014
552	ps	28	25.199	4.4014
552	tc	28	25.199	4.4014
552	wc	28	25.199	4.4014
552	za	28	25.199	4.4014
552	டள	28	25.199	4.4014
552	லண	28	25.199	4.4014
552	வப	28	25.199	4.4014
552	ைஸ	28	25.199	4.4014
553	av	27	24.2991	4.3856
553	ey	27	24.2991	4.3856
553	pl	27	24.2991	4.3856
553	rr	27	24.2991	4.3856
553	zo	27	24.2991	4.3856
553	தச	27	24.2991	4.3856
553	லற	27	24.2991	4.3856
553	ீற	27	24.2991	4.3856
553	ெழ	27	24.2991	4.3856
554	dw	26	23.3991	4.3692
554	m-	26	23.3991	4.3692
554	tu	26	23.3991	4.3692
554	va	26	23.3991	4.3692
554	னன	26	23.3991	4.3692
554	லங	26	23.3991	4.3692
554	ஸர	26	23.3991	4.3692
555	'எ	25	22.4991	4.3522
555	dd	25	22.4991	4.3522
555	em	25	22.4991	4.3522
555	ud	25	22.4991	4.3522
555	பஞ	25	22.4991	4.3522
555	ஷா	25	22.4991	4.3522
555	ீஃ	25	22.4991	4.3522
555	ைஅ	25	22.4991	4.3522
555	ைஞ	25	22.4991	4.3522
556	ax	24	21.5992	4.3344
556	bo	24	21.5992	4.3344
556	og	24	21.5992	4.3344
556	os	24	21.5992	4.3344
556	pp	24	21.5992	4.3344
556	ஆஃ	24	21.5992	4.3344
556	னொ	24	21.5992	4.3344
556	ிஈ	24	21.5992	4.3344
556	ிஐ	24	21.5992	4.3344
556	ிஜ	24	21.5992	4.3344
556	ூஸ	24	21.5992	4.3344
556	்ஏ	24	21.5992	4.3344
557	-ஐ	23	20.6992	4.316
557	ff	23	20.6992	4.316
557	ja	23	20.6992	4.316
557	oe	23	20.6992	4.316
557	oi	23	20.6992	4.316
557	ue	23	20.6992	4.316
557	xf	23	20.6992	4.316
557	ஒழ	23	20.6992	4.316
557	கஷ	23	20.6992	4.316
557	லந	23	20.6992	4.316
557	ூ$	23	20.6992	4.316
557	ெச	23	20.6992	4.316
557	ேந	23	20.6992	4.316
558	ap	22	19.7992	4.2966
558	cr	22	19.7992	4.2966
558	dm	22	19.7992	4.2966
558	e-	22	19.7992	4.2966
558	ep	22	19.7992	4.2966
558	f$	22	19.7992	4.2966
558	io	22	19.7992	4.2966
558	lu	22	19.7992	4.2966
558	oy	22	19.7992	4.2966
558	rn	22	19.7992	4.2966
558	ug	22	19.7992	4.2966
558	w$	22	19.7992	4.2966
558	இஸ	22	19.7992	4.2966
558	சஞ	22	19.7992	4.2966
558	நோ	22	19.7992	4.2966
558	னஸ	22	19.7992	4.2966
558	மழ	22	19.7992	4.2966
558	வூ	22	19.7992	4.2966
558	ிஎ	22	19.7992	4.2966
558	ெம	22	19.7992	4.2966
558	்ஹ	22	19.7992	4.2966
559	ec	21	18.8993	4.2764
559	gl	21	18.8993	4.2764
559	கந	21	18.8993	4.2764
559	ஜர	21	18.8993	4.2764
559	நத	21	18.8993	4.2764
559	யள	21	18.8993	4.2764
559	வொ	21	18.8993	4.2764
559	ிஅ	21	18.8993	4.2764
560	au	20	17.9993	4.2553
560	b$	20	17.9993	4.2553
560	bu	20	17.9993	4.2553
560	dy	20	17.9993	4.2553
560	rm	20	17.9993	4.2553
560	z$	20	17.9993	4.2553
560	ஒண	20	17.9993	4.2553
560	ுஷ	20	17.9993	4.2553
560	ூண	20	17.9993	4.2553
560	ூள	20	17.9993	4.2553
561	sk	19	17.0993	4.233
561	vs	19	17.0993	4.233
561	ஊச	19	17.0993	4.233
561	டண	19	17.0993	4.233
561	ணய	19	17.0993	4.233
561	யச	19	17.0993	4.233
562	mb	18	16.1994	4.2095
562	po	18	16.1994	4.2095
562	rg	18	16.1994	4.2095
562	ry	18	16.1994	4.2095
562	su	18	16.1994	4.2095
562	அஜ	18	16.1994	4.2095
562	ணட	18	16.1994	4.2095
562	பஸ	18	16.1994	4.2095
562	ரந	18	16.1994	4.2095
562	ைஒ	18	16.1994	4.2095
562	ொத	18	16.1994	4.2095
563	du	17	15.2994	4.1847
563	fi	17	15.2994	4.1847
563	ip	17	15.2994	4.1847
563	pu	17	15.2994	4.1847
563	தழ	17	15.2994	4.1847
563	மொ	17	15.2994	4.1847
563	லச	17	15.2994	4.1847
563	ோள	17	15.2994	4.1847
564	^ன	16	14.3994	4.1583
564	gg	16	14.3994	4.1583
564	h-	16	14.3994	4.1583
564	ob	16	14.3994	4.1583
564	v$	16	14.3994	4.1583
564	xh	16	14.3994	4.1583
564	yo	16	14.3994	4.1583
564	ஊக	16	14.3994	4.1583
564	ஊத	16	14.3994	4.1583
564	மச	16	14.3994	4.1583
564	றச	16	14.3994	4.1583
564	ேங	16	14.3994	4.1583
564	ேஸ	16	14.3994	4.1583
564	்ஐ	16	14.3994	4.1583
565	'ப	15	13.4995	4.1303
565	'ம	15	13.4995	4.1303
565	aw	15	13.4995	4.1303
565	bd	15	13.4995	4.1303
565	if	15	13.4995	4.1303
565	mh	15	13.4995	4.1303
565	sm	15	13.4995	4.1303
565	ub	15	13.4995	4.1303
565	எற	15	13.4995	4.1303
565	ஏல	15	13.4995	4.1303
565	கய	15	13.4995	4.1303
565	ஜம	15	13.4995	4.1303
565	னற	15	13.4995	4.1303
565	ரய	15	13.4995	4.1303
565	ீம	15	13.4995	4.1303
565	ுஜ	15	13.4995	4.1303
565	ோங	15	13.4995	4.1303
566	by	14	12.5995	4.1004
566	eb	14	12.5995	4.1004
566	ls	14	12.5995	4.1004
566	ms	14	12.5995	4.1004
566	s-	14	12.5995	4.1004
566	zi	14	12.5995	4.1004
566	ஏவ	14	12.5995	4.1004
566	தஅ	14	12.5995	4.1004
566	மங	14	12.5995	4.1004
566	ிஉ	14	12.5995	4.1004
567	'அ	13	11.6995	4.0682
567	'வ	13	11.6995	4.0682
567	-d	13	11.6995	4.0682
567	-க	13	11.6995	4.0682
567	ft	13	11.6995	4.0682
567	gu	13	11.6995	4.0682
567	iz	13	11.6995	4.0682
567	lm	13	11.6995	4.0682
567	n'	13	11.6995	4.0682
567	rk	13	11.6995	4.0682
567	rw	13	11.6995	4.0682
567	t'	13	11.6995	4.0682
567	ua	13	11.6995	4.0682
567	uf	13	11.6995	4.0682
567	yi	13	11.6995	4.0682
567	ஊழ	13	11.6995	4.0682
567	ணே	13	11.6995	4.0682
567	தஎ	13	11.6995	4.0682
567	யஸ	13	11.6995	4.0682
567	ளல	13	11.6995	4.0682
567	ாஅ	13	11.6995	4.0682
567	ுஹ	13	11.6995	4.0682
567	ேஜ	13	11.6995	4.0682
568	eo	12	10.7996	4.0334
568	hh	12	10.7996	4.0334
568	ln	12	10.7996	4.0334
568	r-	12	10.7996	4.0334
568	rb	12	10.7996	4.0334
568	w'	12	10.7996	4.0334
568	we	12	10.7996	4.0334
568	y'	12	10.7996	4.0334
568	அஞ	12	10.7996	4.0334
568	உந	12	10.7996	4.0334
568	ஐட	12	10.7996	4.0334
568	நை	12	10.7996	4.0334
568	லள	12	10.7996	4.0334
568	ளங	12	10.7996	4.0334
568	ளற	12	10.7996	4.0334
568	ஷூ	12	10.7996	4.0334
568	ொந	12	10.7996	4.0334
569	'இ	11	9.8996	3.9956
569	ci	11	9.8996	3.9956
569	dl	11	9.8996	3.9956
569	eg	11	9.8996	3.9956
569	fa	11	9.8996	3.9956
569	hm	11	9.8996	3.9956
569	lp	11	9.8996	3.9956
569	mr	11	9.8996	3.9956
569	wn	11	9.8996	3.9956
569	ya	11	9.8996	3.9956
569	ஆஷ	11	9.8996	3.9956
569	ஆஸ	11	9.8996	3.9956
569	கஅ	11	9.8996	3.9956
569	டூ	11	9.8996	3.9956
569	ணெ	11	9.8996	3.9956
569	தஉ	11	9.8996	3.9956
569	ஷை	11	9.8996	3.9956
569	ஹீ	11	9.8996	3.9956
569	ஹூ	11	9.8996	3.9956
569	ாஇ	11	9.8996	3.9956
569	ிஓ	11	9.8996	3.9956
569	ேஇ	11	9.8996	3.9956
569	ொய	11	9.8996	3.9956
569	்ஓ	11	9.8996	3.9956
570	'ச	10	8.9997	3.9542
570	a-	10	8.9997	3.9542
570	dc	10	8.9997	3.9542
570	gs	10	8.9997	3.9542
570	ju	10	8.9997	3.9542
570	sn	10	8.9997	3.9542
570	t-	10	8.9997	3.9542
570	ui	10	8.9997	3.9542
570	ws	10	8.9997	3.9542
570	xc	10	8.9997	3.9542
570	yd	10	8.9997	3.9542
570	ஊர	10	8.9997	3.9542
570	ஓர	10	8.9997	3.9542
570	கஉ	10	8.9997	3.9542
570	சற	10	8.9997	3.9542
570	சஸ	10	8.9997	3.9542
570	னஇ	10	8.9997	3.9542
570	னஉ	10	8.9997	3.9542
570	னண	10	8.9997	3.9542
570	ஷே	10	8.9997	3.9542
570	ஹங	10	8.9997	3.9542
570	ுஐ	10	8.9997	3.9542
570	ைஉ	10	8.9997	3.9542
570	ொக	10	8.9997	3.9542
571	af	9	8.0997	3.9085
571	ef	9	8.0997	3.9085
571	ko	9	8.0997	3.9085
571	my	9	8.0997	3.9085
571	n-	9	8.0997	3.9085
571	nu	9	8.0997	3.9085
571	ty	9	8.0997	3.9085
571	ஆங	9	8.0997	3.9085
571	உச	9	8.0997	3.9085
571	உழ	9	8.0997	3.9085
571	ஊம	9	8.0997	3.9085
571	எக	9	8.0997	3.9085
571	ஓச	9	8.0997	3.9085
571	தஒ	9	8.0997	3.9085
571	ரஞ	9	8.0997	3.9085
571	ரஷ	9	8.0997	3.9085
571	ழற	9	8.0997	3.9085
571	ஸா	9	8.0997	3.9085
571	ஸை	9	8.0997	3.9085
571	ஹம	9	8.0997	3.9085
571	ஹர	9	8.0997	3.9085
571	ஹோ	9	8.0997	3.9085
571	ுஸ	9	8.0997	3.9085
571	ைங	9	8.0997	3.9085
572	-ஆ	8	7.1997	3.8573
572	bt	8	7.1997	3.8573
572	cu	8	7.1997	3.8573
572	iv	8	7.1997	3.8573
572	lb	8	7.1997	3.8573
572	o-	8	7.1997	3.8573
572	pd	8	7.1997	3.8573
572	rc	8	7.1997	3.8573
572	up	8	7.1997	3.8573
572	ஆஜ	8	7.1997	3.8573
572	உக	8	7.1997	3.8573
572	ஏங	8	7.1997	3.8573
572	ஏஜ	8	7.1997	3.8573
572	ஒஹ	8	7.1997	3.8573
572	ஓக	8	7.1997	3.8573
572	தஇ	8	7.1997	3.8573
572	னஅ	8	7.1997	3.8573
572	பஅ	8	7.1997	3.8573
572	மள	8	7.1997	3.8573
572	யஅ	8	7.1997	3.8573
572	றய	8	7.1997	3.8573
572	றள	8	7.1997	3.8573
572	லஇ	8	7.1997	3.8573
572	ழன	8	7.1997	3.8573
572	ஹு	8	7.1997	3.8573
572	ிஒ	8	7.1997	3.8573
572	ெஜ	8	7.1997	3.8573
572	ேஎ	8	7.1997	3.8573
572	்c	8	7.1997	3.8573
572	்g	8	7.1997	3.8573
572	்m	8	7.1997	3.8573
572	்s	8	7.1997	3.8573
572	்ஞ	8	7.1997	3.8573
573	'உ	7	6.2998	3.7993
573	az	7	6.2998	3.7993
573	cp	7	6.2998	3.7993
573	db	7	6.2998	3.7993
573	gd	7	6.2998	3.7993
573	iu	7	6.2998	3.7993
573	lf	7	6.2998	3.7993
573	lz	7	6.2998	3.7993
573	qu	7	6.2998	3.7993
573	sw	7	6.2998	3.7993
573	ze	7	6.2998	3.7993
573	ஊட	7	6.2998	3.7993
573	ஒற	7	6.2998	3.7993
573	ஓந	7	6.2998	3.7993
573	நழ	7	6.2998	3.7993
573	நவ	7	6.2998	3.7993
573	மவ	7	6.2998	3.7993
573	யஇ	7	6.2998	3.7993
573	ளஸ	7	6.2998	3.7993
573	ஹை	7	6.2998	3.7993
573	ாஹ	7	6.2998	3.7993
573	ிஃ	7	6.2998	3.7993
573	ேஅ	7	6.2998	3.7993
573	ொப	7	6.2998	3.7993
574	-த	6	5.3998	3.7324
574	-ம	6	5.3998	3.7324
574	-வ	6	5.3998	3.7324
574	bb	6	5.3998	3.7324
574	d-	6	5.3998	3.7324
574	eu	6	5.3998	3.7324
574	ky	6	5.3998	3.7324
574	mz	6	5.3998	3.7324
574	nb	6	5.3998	3.7324
574	nw	6	5.3998	3.7324
574	ny	6	5.3998	3.7324
574	nz	6	5.3998	3.7324
574	nஇ	6	5.3998	3.7324
574	nப	6	5.3998	3.7324
574	py	6	5.3998	3.7324
574	uh	6	5.3998	3.7324
574	vo	6	5.3998	3.7324
574	இஞ	6	5.3998	3.7324
574	எஃ	6	5.3998	3.7324
574	ஐஏ	6	5.3998	3.7324
574	ஐஐ	6	5.3998	3.7324
574	ஐக	6	5.3998	3.7324
574	ஐஜ	6	5.3998	3.7324
574	ணற	6	5.3998	3.7324
574	பௌ	6	5.3998	3.7324
574	மப	6	5.3998	3.7324
574	றட	6	5.3998	3.7324
574	றொ	6	5.3998	3.7324
574	லஞ	6	5.3998	3.7324
574	ளட	6	5.3998	3.7324
574	ஷத	6	5.3998	3.7324
574	ஹன	6	5.3998	3.7324
574	ிஏ	6	5.3998	3.7324
574	ீந	6	5.3998	3.7324
574	ுc	6	5.3998	3.7324
574	ேஒ	6	5.3998	3.7324
574	ைஜ	6	5.3998	3.7324
574	ோழ	6	5.3998	3.7324
574	ோஸ	6	5.3998	3.7324
574	்a	6	5.3998	3.7324
574	்r	6	5.3998	3.7324
575	'l	5	4.4998	3.6532
575	'm	5	4.4998	3.6532
575	't	5	4.4998	3.6532
575	'ஒ	5	4.4998	3.6532
575	'ல	5	4.4998	3.6532
575	-h	5	4.4998	3.6532
575	-m	5	4.4998	3.6532
575	-ட	5	4.4998	3.6532
575	dந	5	4.4998	3.6532
575	ek	5	4.4998	3.6532
575	ew	5	4.4998	3.6532
575	eப	5	4.4998	3.6532
575	ih	5	4.4998	3.6532
575	kp	5	4.4998	3.6532
575	lk	5	4.4998	3.6532
575	nj	5	4.4998	3.6532
575	nl	5	4.4998	3.6532
575	rv	5	4.4998	3.6532
575	sq	5	4.4998	3.6532
575	sy	5	4.4998	3.6532
575	vv	5	4.4998	3.6532
575	wk	5	4.4998	3.6532
575	x$	5	4.4998	3.6532
575	y-	5	4.4998	3.6532
575	yp	5	4.4998	3.6532
575	ys	5	4.4998	3.6532
575	ஃக	5	4.4998	3.6532
575	ஈ$	5	4.4998	3.6532
575	ஏஎ	5	4.4998	3.6532
575	ஏஞ	5	4.4998	3.6532
575	ஐப	5	4.4998	3.6532
575	ஐர	5	4.4998	3.6532
575	ஒ$	5	4.4998	3.6532
575	ஓ'	5	4.4998	3.6532
575	ஓஹ	5	4.4998	3.6532
575	கஃ	5	4.4998	3.6532
575	கஎ	5	4.4998	3.6532
575	சள	5	4.4998	3.6532
575	ஜய	5	4.4998	3.6532
575	ஜஸ	5	4.4998	3.6532
575	ணன	5	4.4998	3.6532
575	நஷ	5	4.4998	3.6532
575	மஞ	5	4.4998	3.6532
575	ய'	5	4.4998	3.6532
575	ரள	5	4.4998	3.6532
575	ரழ	5	4.4998	3.6532
575	ரௌ	5	4.4998	3.6532
575	றழ	5	4.4998	3.6532
575	லஅ	5	4.4998	3.6532
575	ுb	5	4.4998	3.6532
575	ுm	5	4.4998	3.6532
575	ூஜ	5	4.4998	3.6532
575	ெ$	5	4.4998	3.6532
575	ெஃ	5	4.4998	3.6532
575	ேஉ	5	4.4998	3.6532
575	ேஷ	5	4.4998	3.6532
575	ைஏ	5	4.4998	3.6532
575	ோண	5	4.4998	3.6532
575	ௌண	5	4.4998	3.6532
575	்f	5	4.4998	3.6532
575	்t	5	4.4998	3.6532
576	'த	4	3.5999	3.5563
576	-ப	4	3.5999	3.5563
576	^q	4	3.5999	3.5563
576	ao	4	3.5999	3.5563
576	aந	4	3.5999	3.5563
576	bh	4	3.5999	3.5563
576	bs	4	3.5999	3.5563
576	gn	4	3.5999	3.5563
576	hc	4	3.5999	3.5563
576	je	4	3.5999	3.5563
576	mc	4	3.5999	3.5563
576	nf	4	3.5999	3.5563
576	nக	4	3.5999	3.5563
576	p-	4	3.5999	3.5563
576	pt	4	3.5999	3.5563
576	sக	4	3.5999	3.5563
576	sப	4	3.5999	3.5563
576	tb	4	3.5999	3.5563
576	td	4	3.5999	3.5563
576	tw	4	3.5999	3.5563
576	wl	4	3.5999	3.5563
576	wr	4	3.5999	3.5563
576	yn	4	3.5999	3.5563
576	yப	4	3.5999	3.5563
576	zz	4	3.5999	3.5563
576	ஆஹ	4	3.5999	3.5563
576	உஷ	4	3.5999	3.5563
576	ஊஞ	4	3.5999	3.5563
576	ஏஐ	4	3.5999	3.5563
576	ஏப	4	3.5999	3.5563
576	ஐம	4	3.5999	3.5563
576	ஓஅ	4	3.5999	3.5563
576	சச	4	3.5999	3.5563
576	ஜப	4	3.5999	3.5563
576	ஜு	4	3.5999	3.5563
576	ஜை	4	3.5999	3.5563
576	தஆ	4	3.5999	3.5563
576	நொ	4	3.5999	3.5563
576	யc	4	3.5999	3.5563
576	யய	4	3.5999	3.5563
576	ழட	4	3.5999	3.5563
576	வவ	4	3.5999	3.5563
576	ஷீ	4	3.5999	3.5563
576	ஹவ	4	3.5999	3.5563
576	ி'	4	3.5999	3.5563
576	ிg	4	3.5999	3.5563
576	ீஅ	4	3.5999	3.5563
576	ீள	4	3.5999	3.5563
576	ூவ	4	3.5999	3.5563
576	ெங	4	3.5999	3.5563
576	ேஞ	4	3.5999	3.5563
576	ைஓ	4	3.5999	3.5563
576	ைண	4	3.5999	3.5563
576	ோஷ	4	3.5999	3.5563
576	ௌர	4	3.5999	3.5563
576	்b	4	3.5999	3.5563
576	்h	4	3.5999	3.5563
576	்l	4	3.5999	3.5563
577	'b	3	2.6999	3.4313
577	'c	3	2.6999	3.4313
577	'n	3	2.6999	3.4313
577	'r	3	2.6999	3.4313
577	'ஆ	3	2.6999	3.4313
577	'ஏ	3	2.6999	3.4313
577	-b	3	2.6999	3.4313
577	-எ	3	2.6999	3.4313
577	-ந	3	2.6999	3.4313
577	^ற	3	2.6999	3.4313
577	aj	3	2.6999	3.4313
577	aம	3	2.6999	3.4313
577	cy	3	2.6999	3.4313
577	dஅ	3	2.6999	3.4313
577	dச	3	2.6999	3.4313
577	eஇ	3	2.6999	3.4313
577	eந	3	2.6999	3.4313
577	fs	3	2.6999	3.4313
577	gy	3	2.6999	3.4313
577	gந	3	2.6999	3.4313
577	hr	3	2.6999	3.4313
577	ib	3	2.6999	3.4313
577	kn	3	2.6999	3.4313
577	ku	3	2.6999	3.4313
577	lh	3	2.6999	3.4313
577	lv	3	2.6999	3.4313
577	mஐ	3	2.6999	3.4313
577	nஉ	3	2.6999	3.4313
577	q$	3	2.6999	3.4313
577	rh	3	2.6999	3.4313
577	rz	3	2.6999	3.4313
577	sb	3	2.6999	3.4313
577	sd	3	2.6999	3.4313
577	sl	3	2.6999	3.4313
577	sஉ	3	2.6999	3.4313
577	uk	3	2.6999	3.4313
577	uz	3	2.6999	3.4313
577	wd	3	2.6999	3.4313
577	wf	3	2.6999	3.4313
577	yt	3	2.6999	3.4313
577	yஉ	3	2.6999	3.4313
577	yய	3	2.6999	3.4313
577	ஈக	3	2.6999	3.4313
577	உம	3	2.6999	3.4313
577	உஸ	3	2.6999	3.4313
577	எஞ	3	2.6999	3.4313
577	ஏக	3	2.6999	3.4313
577	ஏண	3	2.6999	3.4313
577	ஐஆ	3	2.6999	3.4313
577	ஐன	3	2.6999	3.4313
577	ஐல	3	2.6999	3.4313
577	ஒய	3	2.6999	3.4313
577	ஓப	3	2.6999	3.4313
577	கஆ	3	2.6999	3.4313
577	ஜ$	3	2.6999	3.4313
577	ஞன	3	2.6999	3.4313
577	ஞை	3	2.6999	3.4313
577	டஎ	3	2.6999	3.4313
577	டஸ	3	2.6999	3.4313
577	ணந	3	2.6999	3.4313
577	தஸ	3	2.6999	3.4313
577	நச	3	2.6999	3.4313
577	னஒ	3	2.6999	3.4313
577	யஎ	3	2.6999	3.4313
577	யஒ	3	2.6999	3.4313
577	ரஆ	3	2.6999	3.4313
577	ரஇ	3	2.6999	3.4313
577	றர	3	2.6999	3.4313
577	ளஞ	3	2.6999	3.4313
577	ளெ	3	2.6999	3.4313
577	ழவ	3	2.6999	3.4313
577	ஷ$	3	2.6999	3.4313
577	ஷர	3	2.6999	3.4313
577	ஸஸ	3	2.6999	3.4313
577	ஸு	3	2.6999	3.4313
577	ாஃ	3	2.6999	3.4313
577	ாஎ	3	2.6999	3.4313
577	ீஎ	3	2.6999	3.4313
577	ுf	3	2.6999	3.4313
577	ுs	3	2.6999	3.4313
577	ுஊ	3	2.6999	3.4313
577	ுஞ	3	2.6999	3.4313
577	ூஞ	3	2.6999	3.4313
577	ேஆ	3	2.6999	3.4313
577	ேழ	3	2.6999	3.4313
577	ை'	3	2.6999	3.4313
577	ைஃ	3	2.6999	3.4313
577	ைஆ	3	2.6999	3.4313
577	ொச	3	2.6999	3.4313
577	ௌச	3	2.6999	3.4313
577	்d	3	2.6999	3.4313
577	்i	3	2.6999	3.4313
577	்n	3	2.6999	3.4313
577	்z	3	2.6999	3.4313
577	்ஈ	3	2.6999	3.4313
578	'e	2	1.7999	3.2552
578	'ஈ	2	1.7999	3.2552
578	-உ	2	1.7999	3.2552
578	-ன	2	1.7999	3.2552
578	aஎ	2	1.7999	3.2552
578	aத	2	1.7999	3.2552
578	aப	2	1.7999	3.2552
578	cg	2	1.7999	3.2552
578	dv	2	1.7999	3.2552
578	dம	2	1.7999	3.2552
578	eஅ	2	1.7999	3.2552
578	eச	2	1.7999	3.2552
578	eவ	2	1.7999	3.2552
578	g'	2	1.7999	3.2552
578	gw	2	1.7999	3.2552
578	gஅ	2	1.7999	3.2552
578	gக	2	1.7999	3.2552
578	gத	2	1.7999	3.2552
578	gவ	2	1.7999	3.2552
578	h'	2	1.7999	3.2552
578	hd	2	1.7999	3.2552
578	hk	2	1.7999	3.2552
578	hl	2	1.7999	3.2552
578	hn	2	1.7999	3.2552
578	hஇ	2	1.7999	3.2552
578	hந	2	1.7999	3.2552
578	hப	2	1.7999	3.2552
578	i'	2	1.7999	3.2552
578	iq	2	1.7999	3.2552
578	iw	2	1.7999	3.2552
578	ix	2	1.7999	3.2552
578	iy	2	1.7999	3.2552
578	jm	2	1.7999	3.2552
578	kh	2	1.7999	3.2552
578	mt	2	1.7999	3.2552
578	np	2	1.7999	3.2552
578	nத	2	1.7999	3.2552
578	nந	2	1.7999	3.2552
578	ox	2	1.7999	3.2552
578	oச	2	1.7999	3.2552
578	qb	2	1.7999	3.2552
578	rக	2	1.7999	3.2552
578	sr	2	1.7999	3.2552
578	sஅ	2	1.7999	3.2552
578	sஇ	2	1.7999	3.2552
578	sஒ	2	1.7999	3.2552
578	sச	2	1.7999	3.2552
578	sத	2	1.7999	3.2552
578	sந	2	1.7999	3.2552
578	sம	2	1.7999	3.2552
578	vd	2	1.7999	3.2552
578	xi	2	1.7999	3.2552
578	yb	2	1.7999	3.2552
578	yh	2	1.7999	3.2552
578	yu	2	1.7999	3.2552
578	yw	2	1.7999	3.2552
578	yக	2	1.7999	3.2552
578	yந	2	1.7999	3.2552
578	yவ	2	1.7999	3.2552
578	அ$	2	1.7999	3.2552
578	இஷ	2	1.7999	3.2552
578	ஈஎ	2	1.7999	3.2552
578	ஈவ	2	1.7999	3.2552
578	எ$	2	1.7999	3.2552
578	எய	2	1.7999	3.2552
578	ஐஎ	2	1.7999	3.2552
578	ஐச	2	1.7999	3.2552
578	ஒஸ	2	1.7999	3.2552
578	ஓஇ	2	1.7999	3.2552
578	ஓல	2	1.7999	3.2552
578	க'	2	1.7999	3.2552
578	க-	2	1.7999	3.2552
578	கஒ	2	1.7999	3.2552
578	கஜ	2	1.7999	3.2552
578	கஞ	2	1.7999	3.2552
578	கௌ	2	1.7999	3.2552
578	சௌ	2	1.7999	3.2552
578	ஜோ	2	1.7999	3.2552
578	ட'	2	1.7999	3.2552
578	டஅ	2	1.7999	3.2552
578	டஜ	2	1.7999	3.2552
578	ணோ	2	1.7999	3.2552
578	த-	2	1.7999	3.2552
578	தf	2	1.7999	3.2552
578	தr	2	1.7999	3.2552
578	ன'	2	1.7999	3.2552
578	னஎ	2	1.7999	3.2552
578	னஞ	2	1.7999	3.2552
578	மௌ	2	1.7999	3.2552
578	ய-	2	1.7999	3.2552
578	யஉ	2	1.7999	3.2552
578	யஓ	2	1.7999	3.2552
578	ரற	2	1.7999	3.2552
578	றஇ	2	1.7999	3.2552
578	றஎ	2	1.7999	3.2552
578	றஞ	2	1.7999	3.2552
578	ல-	2	1.7999	3.2552
578	லஒ	2	1.7999	3.2552
578	ளஅ	2	1.7999	3.2552
578	ளச	2	1.7999	3.2552
578	ளய	2	1.7999	3.2552
578	ளள	2	1.7999	3.2552
578	ழத	2	1.7999	3.2552
578	ஸஹ	2	1.7999	3.2552
578	ஸெ	2	1.7999	3.2552
578	ாஆ	2	1.7999	3.2552
578	ாஉ	2	1.7999	3.2552
578	ாஓ	2	1.7999	3.2552
578	ிa	2	1.7999	3.2552
578	ிஹ	2	1.7999	3.2552
578	ீஉ	2	1.7999	3.2552
578	ீஒ	2	1.7999	3.2552
578	ீ்	2	1.7999	3.2552
578	ுg	2	1.7999	3.2552
578	ுஈ	2	1.7999	3.2552
578	ுஏ	2	1.7999	3.2552
578	ுஓ	2	1.7999	3.2552
578	ுா	2	1.7999	3.2552
578	ூந	2	1.7999	3.2552
578	ெந	2	1.7999	3.2552
578	ேஃ	2	1.7999	3.2552
578	ைo	2	1.7999	3.2552
578	ைs	2	1.7999	3.2552
578	ைw	2	1.7999	3.2552
578	ொ$	2	1.7999	3.2552
578	ௌத	2	1.7999	3.2552
578	ௌன	2	1.7999	3.2552
578	்e	2	1.7999	3.2552
578	்p	2	1.7999	3.2552
578	்ங	2	1.7999	3.2552
579	'f	1	0.9	2.9542
579	'g	1	0.9	2.9542
579	'h	1	0.9	2.9542
579	'u	1	0.9	2.9542
579	'w	1	0.9	2.9542
579	'ஐ	1	0.9	2.9542
579	'ட	1	0.9	2.9542
579	'ர	1	0.9	2.9542
579	'ஷ	1	0.9	2.9542
579	'ஸ	1	0.9	2.9542
579	-i	1	0.9	2.9542
579	-k	1	0.9	2.9542
579	-t	1	0.9	2.9542
579	-w	1	0.9	2.9542
579	-அ	1	0.9	2.9542
579	-ச	1	0.9	2.9542
579	-ய	1	0.9	2.9542
579	-ர	1	0.9	2.9542
579	-ல	1	0.9	2.9542
579	-ஹ	1	0.9	2.9542
579	^à	1	0.9	2.9542
579	^ங	1	0.9	2.9542
579	^ெ	1	0.9	2.9542
579	aஓ	1	0.9	2.9542
579	aக	1	0.9	2.9542
579	aச	1	0.9	2.9542
579	aல	1	0.9	2.9542
579	aவ	1	0.9	2.9542
579	b-	1	0.9	2.9542
579	bc	1	0.9	2.9542
579	bm	1	0.9	2.9542
579	c-	1	0.9	2.9542
579	cb	1	0.9	2.9542
579	cc	1	0.9	2.9542
579	cs	1	0.9	2.9542
579	df	1	0.9	2.9542
579	dn	1	0.9	2.9542
579	dஆ	1	0.9	2.9542
579	dவ	1	0.9	2.9542
579	ez	1	0.9	2.9542
579	eஉ	1	0.9	2.9542
579	eஒ	1	0.9	2.9542
579	eக	1	0.9	2.9542
579	eஜ	1	0.9	2.9542
579	eம	1	0.9	2.9542
579	eய	1	0.9	2.9542
579	f-	1	0.9	2.9542
579	fb	1	0.9	2.9542
579	fc	1	0.9	2.9542
579	fy	1	0.9	2.9542
579	fத	1	0.9	2.9542
579	g-	1	0.9	2.9542
579	gj	1	0.9	2.9542
579	gm	1	0.9	2.9542
579	gp	1	0.9	2.9542
579	gt	1	0.9	2.9542
579	gப	1	0.9	2.9542
579	gம	1	0.9	2.9542
579	hp	1	0.9	2.9542
579	hq	1	0.9	2.9542
579	hஅ	1	0.9	2.9542
579	hக	1	0.9	2.9542
579	hம	1	0.9	2.9542
579	hவ	1	0.9	2.9542
579	i-	1	0.9	2.9542
579	ii	1	0.9	2.9542
579	iச	1	0.9	2.9542
579	ji	1	0.9	2.9542
579	k-	1	0.9	2.9542
579	kj	1	0.9	2.9542
579	kr	1	0.9	2.9542
579	kv	1	0.9	2.9542
579	kâ	1	0.9	2.9542
579	kஎ	1	0.9	2.9542
579	l'	1	0.9	2.9542
579	lக	1	0.9	2.9542
579	lந	1	0.9	2.9542
579	mk	1	0.9	2.9542
579	mn	1	0.9	2.9542
579	mw	1	0.9	2.9542
579	mஉ	1	0.9	2.9542
579	mக	1	0.9	2.9542
579	mட	1	0.9	2.9542
579	mந	1	0.9	2.9542
579	mஹ	1	0.9	2.9542
579	nq	1	0.9	2.9542
579	nv	1	0.9	2.9542
579	nச	1	0.9	2.9542
579	nஜ	1	0.9	2.9542
579	nட	1	0.9	2.9542
579	o'	1	0.9	2.9542
579	oz	1	0.9	2.9542
579	oவ	1	0.9	2.9542
579	pc	1	0.9	2.9542
579	pf	1	0.9	2.9542
579	pn	1	0.9	2.9542
579	pஉ	1	0.9	2.9542
579	pத	1	0.9	2.9542
579	pந	1	0.9	2.9542
579	qr	1	0.9	2.9542
579	rj	1	0.9	2.9542
579	rஎ	1	0.9	2.9542
579	rஏ	1	0.9	2.9542
579	rத	1	0.9	2.9542
579	rந	1	0.9	2.9542
579	rப	1	0.9	2.9542
579	rம	1	0.9	2.9542
579	rவ	1	0.9	2.9542
579	s'	1	0.9	2.9542
579	sf	1	0.9	2.9542
579	sg	1	0.9	2.9542
579	sv	1	0.9	2.9542
579	sஆ	1	0.9	2.9542
579	tg	1	0.9	2.9542
579	tm	1	0.9	2.9542
579	tn	1	0.9	2.9542
579	tz	1	0.9	2.9542
579	tஎ	1	0.9	2.9542
579	tக	1	0.9	2.9542
579	tத	1	0.9	2.9542
579	tவ	1	0.9	2.9542
579	uo	1	0.9	2.9542
579	uu	1	0.9	2.9542
579	uv	1	0.9	2.9542
579	uy	1	0.9	2.9542
579	v-	1	0.9	2.9542
579	vh	1	0.9	2.9542
579	vy	1	0.9	2.9542
579	w-	1	0.9	2.9542
579	wg	1	0.9	2.9542
579	wக	1	0.9	2.9542
579	x-	1	0.9	2.9542
579	xa	1	0.9	2.9542
579	xb	1	0.9	2.9542
579	xe	1	0.9	2.9542
579	xp	1	0.9	2.9542
579	xy	1	0.9	2.9542
579	yx	1	0.9	2.9542
579	yஇ	1	0.9	2.9542
579	yஎ	1	0.9	2.9542
579	yத	1	0.9	2.9542
579	yம	1	0.9	2.9542
579	zj	1	0.9	2.9542
579	zl	1	0.9	2.9542
579	zu	1	0.9	2.9542
579	zவ	1	0.9	2.9542
579	à$	1	0.9	2.9542
579	â$	1	0.9	2.9542
579	ஃ$	1	0.9	2.9542
579	ஃஜ	1	0.9	2.9542
579	அ-	1	0.9	2.9542
579	அய	1	0.9	2.9542
579	அஸ	1	0.9	2.9542
579	இ$	1	0.9	2.9542
579	ஈன	1	0.9	2.9542
579	ஈஸ	1	0.9	2.9542
579	ஈா	1	0.9	2.9542
579	உவ	1	0.9	2.9542
579	ஊள	1	0.9	2.9542
579	ஏ'	1	0.9	2.9542
579	ஏஆ	1	0.9	2.9542
579	ஏஇ	1	0.9	2.9542
579	ஏஉ	1	0.9	2.9542
579	ஏஏ	1	0.9	2.9542
579	ஏஒ	1	0.9	2.9542
579	ஒச	1	0.9	2.9542
579	ஓc	1	0.9	2.9542
579	ஓஎ	1	0.9	2.9542
579	ஓத	1	0.9	2.9542
579	கa	1	0.9	2.9542
579	கb	1	0.9	2.9542
579	கc	1	0.9	2.9542
579	கr	1	0.9	2.9542
579	கs	1	0.9	2.9542
579	சஉ	1	0.9	2.9542
579	ஜக	1	0.9	2.9542
579	ஜத	1	0.9	2.9542
579	ஜல	1	0.9	2.9542
579	டஇ	1	0.9	2.9542
579	டஉ	1	0.9	2.9542
579	டஒ	1	0.9	2.9542
579	டஷ	1	0.9	2.9542
579	ணண	1	0.9	2.9542
579	ணூ	1	0.9	2.9542
579	ணொ	1	0.9	2.9542
579	தc	1	0.9	2.9542
579	தd	1	0.9	2.9542
579	தj	1	0.9	2.9542
579	தk	1	0.9	2.9542
579	தt	1	0.9	2.9542
579	தஓ	1	0.9	2.9542
579	தஜ	1	0.9	2.9542
579	தஞ	1	0.9	2.9542
579	நற	1	0.9	2.9542
579	நள	1	0.9	2.9542
579	னg	1	0.9	2.9542
579	னw	1	0.9	2.9542
579	னஜ	1	0.9	2.9542
579	னய	1	0.9	2.9542
579	னள	1	0.9	2.9542
579	னழ	1	0.9	2.9542
579	னூ	1	0.9	2.9542
579	ப-	1	0.9	2.9542
579	பஃ	1	0.9	2.9542
579	பஇ	1	0.9	2.9542
579	மஅ	1	0.9	2.9542
579	மஜ	1	0.9	2.9542
579	யஆ	1	0.9	2.9542
579	யஏ	1	0.9	2.9542
579	யொ	1	0.9	2.9542
579	ரf	1	0.9	2.9542
579	ரஃ	1	0.9	2.9542
579	ரஎ	1	0.9	2.9542
579	ரஜ	1	0.9	2.9542
579	றg	1	0.9	2.9542
579	றஅ	1	0.9	2.9542
579	றஉ	1	0.9	2.9542
579	றஒ	1	0.9	2.9542
579	றண	1	0.9	2.9542
579	ல'	1	0.9	2.9542
579	லஎ	1	0.9	2.9542
579	லஹ	1	0.9	2.9542
579	ள'	1	0.9	2.9542
579	ளஃ	1	0.9	2.9542
579	ளந	1	0.9	2.9542
579	ழண	1	0.9	2.9542
579	வஅ	1	0.9	2.9542
579	ஷண	1	0.9	2.9542
579	ஷல	1	0.9	2.9542
579	ஷோ	1	0.9	2.9542
579	ஸக	1	0.9	2.9542
579	ஸந	1	0.9	2.9542
579	ஸன	1	0.9	2.9542
579	ஸப	1	0.9	2.9542
579	ஸம	1	0.9	2.9542
579	ஸல	1	0.9	2.9542
579	ஸவ	1	0.9	2.9542
579	ஸோ	1	0.9	2.9542
579	ஹட	1	0.9	2.9542
579	ா'	1	0.9	2.9542
579	ாc	1	0.9	2.9542
579	ாk	1	0.9	2.9542
579	ாt	1	0.9	2.9542
579	ா்	1	0.9	2.9542
579	ிe	1	0.9	2.9542
579	ிh	1	0.9	2.9542
579	ிi	1	0.9	2.9542
579	ிl	1	0.9	2.9542
579	ிs	1	0.9	2.9542
579	ிt	1	0.9	2.9542
579	ிw	1	0.9	2.9542
579	ிy	1	0.9	2.9542
579	ிஆ	1	0.9	2.9542
579	ீh	1	0.9	2.9542
579	ீஹ	1	0.9	2.9542
579	ுd	1	0.9	2.9542
579	ுh	1	0.9	2.9542
579	ுl	1	0.9	2.9542
579	ுp	1	0.9	2.9542
579	ுr	1	0.9	2.9542
579	ுt	1	0.9	2.9542
579	ுy	1	0.9	2.9542
579	ுz	1	0.9	2.9542
579	ூஃ	1	0.9	2.9542
579	ௌ	1	0.9	2.9542
579	ேa	1	0.9	2.9542
579	ேb	1	0.9	2.9542
579	ேs	1	0.9	2.9542
579	ேw	1	0.9	2.9542
579	ேz	1	0.9	2.9542
579	ேஏ	1	0.9	2.9542
579	ேஓ	1	0.9	2.9542
579	ே்	1	0.9	2.9542
579	ைb	1	0.9	2.9542
579	ைd	1	0.9	2.9542
579	ைe	1	0.9	2.9542
579	ைr	1	0.9	2.9542
579	ைt	1	0.9	2.9542
579	ைஐ	1	0.9	2.9542
579	ோe	1	0.9	2.9542
579	ோஅ	1	0.9	2.9542
579	ோஜ	1	0.9	2.9542
579	ௌல	1	0.9	2.9542
579	்u	1	0.9	2.9542
579	்v	1	0.9	2.9542
579	்w	1	0.9	2.9542
579	ௗர	1	0.9	2.9542
