Rank	Character	Frequency	Frequency per million	Zipf value
1	a	448256651	111210.9546	8.0461
2	e	378500722	93904.7452	7.9727
3	i	362869866	90026.7829	7.9544
4	n	301249872	74739.0714	7.8735
5	r	263005279	65250.7176	7.8146
6	l	213150743	52881.9763	7.7233
7	m	194308687	48207.3261	7.6831
8	d	171178549	42468.8174	7.6281
9	ı	168424618	41785.5764	7.621
10	k	163086718	40461.2615	7.607
11	y	152132900	37743.6564	7.5768
12	u	142390589	35326.6221	7.5481
13	s	135637625	33651.2347	7.527
14	b	128542850	31891.0451	7.5037
15	o	126740181	31443.809	7.4975
16	t	124115490	30792.6321	7.4884
17	z	64670072	16044.4255	7.2053
18	ü	61722904	15313.2431	7.1851
19	ş	60973930	15127.4252	7.1798
20	h	53465407	13264.5861	7.1227
21	g	52477847	13019.5758	7.1146
22	ç	42768777	10610.7885	7.0257
23	c	42476619	10538.3051	7.0228
24	ğ	40277191	9992.6345	6.9997
25	v	39931361	9906.8352	6.9959
26	p	32877578	8156.8156	6.9115
27	ö	31016661	7695.1284	6.8862
28	f	18535376	4598.5639	6.6626
29	̇	6588327	1634.5416	6.2134
30	j	4033187	1000.62	6.0003
31	w	2458372	609.9138	5.7853
32	â	1636720	406.0647	5.6086
33	x	658053	163.2607	5.2129
34	q	204106	50.638	4.7045
35	é	49987	12.4016	4.0935
36	ä	32212	7.9917	3.9026
37	î	31438	7.7997	3.8921
38	û	24779	6.1476	3.7887
39	ã	20821	5.1656	3.7131
40	ï	20598	5.1103	3.7084
41	ª	15294	3.7944	3.5791
42	ý	11024	2.735	3.437
43	º	10514	2.6085	3.4164
44	å	10313	2.5586	3.408
45	á	8606	2.1351	3.3294
46	í	8019	1.9895	3.2987
47	è	7797	1.9344	3.2865
48	ó	5847	1.4506	3.1615
49	ñ	5216	1.2941	3.112
50	ι	4500	1.1164	3.0478
51	þ	3068	0.7612	2.8815
52	à	2586	0.6416	2.8073
53	ð	2272	0.5637	2.751
54	ê	1844	0.4575	2.6604
55	ú	1823	0.4523	2.6554
56	ì	1653	0.4101	2.6129
57	い	1625	0.4032	2.6055
58	ø	1615	0.4007	2.6028
59	ô	1344	0.3334	2.523
60	ο	1122	0.2784	2.4447
61	て	1035	0.2568	2.4096
62	ë	1027	0.2548	2.4062
63	た	1026	0.2545	2.4057
64	ò	1015	0.2518	2.4011
65	の	910	0.2258	2.3537
66	な	903	0.224	2.3502
67	ÿ	856	0.2124	2.3272
68	る	839	0.2082	2.3185
69	ţ	789	0.1957	2.2916
70	に	646	0.1603	2.2049
71	も	630	0.1563	2.194
72	し	593	0.1471	2.1676
73	で	576	0.1429	2.155
74	っ	573	0.1422	2.1529
75	を	556	0.1379	2.1396
76	đ	548	0.136	2.1335
77	は	520	0.129	2.1106
78	ら	512	0.127	2.1038
79	š	506	0.1255	2.0986
80	れ	505	0.1253	2.098
81	æ	502	0.1245	2.0952
82	と	497	0.1233	2.091
83	õ	496	0.1231	2.0903
84	か	493	0.1223	2.0874
85	く	469	0.1164	2.066
86	が	435	0.1079	2.033
87	う	419	0.104	2.017
88	り	383	0.095	1.9777
89	だ	373	0.0925	1.9661
90	ま	371	0.092	1.9638
91	そ	357	0.0886	1.9474
92	ß	349	0.0866	1.9375
93	き	334	0.0829	1.9186
94	君	316	0.0784	1.8943
95	ん	284	0.0705	1.8482
96	え	283	0.0702	1.8463
97	け	270	0.067	1.8261
98	ν	269	0.0667	1.8241
99	こ	254	0.063	1.7993
100	あ	244	0.0605	1.7818
101	ち	237	0.0588	1.7694
102	œ	223	0.0553	1.7427
103	ど	217	0.0538	1.7308
104	よ	215	0.0533	1.7267
105	め	213	0.0528	1.7226
106	さ	204	0.0506	1.7042
107	つ	201	0.0499	1.6981
108	日	191	0.0474	1.6758
109	β	184	0.0456	1.659
110	е	173	0.0429	1.6325
111	ù	169	0.0419	1.6222
111	す	169	0.0419	1.6222
112	わ	163	0.0404	1.6064
113	出	158	0.0392	1.5933
114	今	156	0.0387	1.5877
115	ば	150	0.0372	1.5705
116	ō	141	0.035	1.5441
117	ー	132	0.0327	1.5145
118	見	129	0.032	1.5051
119	α	127	0.0315	1.4983
120	せ	126	0.0313	1.4955
121	じ	125	0.031	1.4914
121	手	125	0.031	1.4914
122	η	124	0.0308	1.4886
123	み	119	0.0295	1.4698
124	ε	116	0.0288	1.4594
125	一	111	0.0275	1.4393
126	т	110	0.0273	1.4362
127	µ	105	0.0261	1.4166
128	ね	102	0.0253	1.4031
129	ず	101	0.0251	1.3997
130	夢	97	0.0241	1.382
130	行	97	0.0241	1.382
131	会	96	0.0238	1.3766
132	心	95	0.0236	1.3729
133	κ	93	0.0231	1.3636
134	時	92	0.0228	1.3579
135	思	90	0.0223	1.3483
135	気	90	0.0223	1.3483
136	来	83	0.0206	1.3139
137	空	81	0.0201	1.3032
138	笑	79	0.0196	1.2923
139	へ	78	0.0194	1.2878
140	伸	75	0.0186	1.2695
141	届	71	0.0176	1.2455
142	数	69	0.0171	1.233
143	ゃ	68	0.0169	1.2279
144	τ	67	0.0166	1.2201
144	ゅ	67	0.0166	1.2201
144	人	67	0.0166	1.2201
144	何	67	0.0166	1.2201
144	強	67	0.0166	1.2201
144	抱	67	0.0166	1.2201
145	リ	65	0.0161	1.2068
146	υ	63	0.0156	1.1931
146	光	63	0.0156	1.1931
146	変	63	0.0156	1.1931
147	々	61	0.0151	1.179
147	探	61	0.0151	1.179
148	イ	60	0.0149	1.1732
149	м	58	0.0144	1.1584
149	界	58	0.0144	1.1584
150	ゆ	56	0.0139	1.143
150	私	56	0.0139	1.143
151	ぎ	54	0.0134	1.1271
152	カ	53	0.0131	1.1173
152	中	53	0.0131	1.1173
153	動	52	0.0129	1.1106
153	足	52	0.0129	1.1106
154	ほ	51	0.0127	1.1038
155	無	50	0.0124	1.0934
156	č	49	0.0122	1.0864
157	げ	48	0.0119	1.0755
157	ふ	48	0.0119	1.0755
157	ス	48	0.0119	1.0755
158	び	46	0.0114	1.0569
158	言	46	0.0114	1.0569
159	ぐ	45	0.0112	1.0492
159	ご	45	0.0112	1.0492
159	好	45	0.0112	1.0492
159	守	45	0.0112	1.0492
159	待	45	0.0112	1.0492
160	回	44	0.0109	1.0374
160	未	44	0.0109	1.0374
161	ト	43	0.0107	1.0294
161	ン	43	0.0107	1.0294
161	不	43	0.0107	1.0294
161	図	43	0.0107	1.0294
161	目	43	0.0107	1.0294
162	世	42	0.0104	1.017
162	高	42	0.0104	1.017
163	お	41	0.0102	1.0086
163	合	41	0.0102	1.0086
163	恋	41	0.0102	1.0086
164	ノ	40	0.0099	0.9956
164	バ	40	0.0099	0.9956
164	大	40	0.0099	0.9956
164	安	40	0.0099	0.9956
164	度	40	0.0099	0.9956
165	元	39	0.0097	0.9868
165	遠	39	0.0097	0.9868
166	ナ	38	0.0094	0.9731
166	全	38	0.0094	0.9731
166	広	38	0.0094	0.9731
166	想	38	0.0094	0.9731
166	溢	38	0.0094	0.9731
167	失	37	0.0092	0.9638
168	ろ	36	0.0089	0.9494
168	ア	36	0.0089	0.9494
168	キ	36	0.0089	0.9494
168	ジ	36	0.0089	0.9494
168	離	36	0.0089	0.9494
169	а	35	0.0087	0.9395
170	в	34	0.0084	0.9243
170	ラ	34	0.0084	0.9243
170	傷	34	0.0084	0.9243
170	分	34	0.0084	0.9243
170	風	34	0.0084	0.9243
171	ル	33	0.0082	0.9138
171	正	33	0.0082	0.9138
171	触	33	0.0082	0.9138
171	限	33	0.0082	0.9138
172	信	32	0.0079	0.8976
172	意	32	0.0079	0.8976
172	葉	32	0.0079	0.8976
173	ρ	31	0.0077	0.8865
173	や	31	0.0077	0.8865
173	ハ	31	0.0077	0.8865
173	パ	31	0.0077	0.8865
173	解	31	0.0077	0.8865
173	輝	31	0.0077	0.8865
174	ひ	30	0.0074	0.8692
174	当	30	0.0074	0.8692
175	優	29	0.0072	0.8573
175	切	29	0.0072	0.8573
175	夜	29	0.0072	0.8573
175	持	29	0.0072	0.8573
175	星	29	0.0072	0.8573
175	涙	29	0.0072	0.8573
175	真	29	0.0072	0.8573
175	知	29	0.0072	0.8573
175	突	29	0.0072	0.8573
175	緒	29	0.0072	0.8573
175	運	29	0.0072	0.8573
176	у	28	0.0069	0.8388
176	場	28	0.0069	0.8388
176	微	28	0.0069	0.8388
176	背	28	0.0069	0.8388
176	芽	28	0.0069	0.8388
177	ζ	27	0.0067	0.8261
177	о	27	0.0067	0.8261
177	上	27	0.0067	0.8261
177	別	27	0.0067	0.8261
177	刺	27	0.0067	0.8261
177	嫌	27	0.0067	0.8261
177	引	27	0.0067	0.8261
177	捨	27	0.0067	0.8261
177	破	27	0.0067	0.8261
177	種	27	0.0067	0.8261
177	逢	27	0.0067	0.8261
178	ˆ	26	0.0065	0.8129
178	オ	26	0.0065	0.8129
178	所	26	0.0065	0.8129
178	構	26	0.0065	0.8129
178	茨	26	0.0065	0.8129
179	む	25	0.0062	0.7924
179	命	25	0.0062	0.7924
179	映	25	0.0062	0.7924
179	直	25	0.0062	0.7924
179	確	25	0.0062	0.7924
179	返	25	0.0062	0.7924
180	̣	24	0.006	0.7782
180	グ	24	0.006	0.7782
180	ッ	24	0.006	0.7782
180	プ	24	0.006	0.7782
180	娘	24	0.006	0.7782
180	感	24	0.006	0.7782
180	振	24	0.006	0.7782
180	歩	24	0.006	0.7782
180	溜	24	0.006	0.7782
180	迷	24	0.006	0.7782
181	ニ	23	0.0057	0.7559
181	メ	23	0.0057	0.7559
181	二	23	0.0057	0.7559
181	便	23	0.0057	0.7559
181	先	23	0.0057	0.7559
181	本	23	0.0057	0.7559
181	残	23	0.0057	0.7559
181	衝	23	0.0057	0.7559
181	這	23	0.0057	0.7559
182	ū	22	0.0055	0.7404
182	ぼ	22	0.0055	0.7404
182	シ	22	0.0055	0.7404
182	チ	22	0.0055	0.7404
182	ビ	22	0.0055	0.7404
182	八	22	0.0055	0.7404
182	利	22	0.0055	0.7404
182	前	22	0.0055	0.7404
182	寄	22	0.0055	0.7404
182	平	22	0.0055	0.7404
182	愛	22	0.0055	0.7404
182	素	22	0.0055	0.7404
182	絡	22	0.0055	0.7404
182	訳	22	0.0055	0.7404
182	論	22	0.0055	0.7404
182	身	22	0.0055	0.7404
182	込	22	0.0055	0.7404
182	通	22	0.0055	0.7404
182	逸	22	0.0055	0.7404
182	間	22	0.0055	0.7404
182	顔	22	0.0055	0.7404
183	俺	21	0.0052	0.716
183	問	21	0.0052	0.716
183	彼	21	0.0052	0.716
184	ي	20	0.005	0.699
184	ぶ	20	0.005	0.699
184	エ	20	0.005	0.699
184	向	20	0.005	0.699
184	実	20	0.005	0.699
184	慣	20	0.005	0.699
184	胸	20	0.005	0.699
184	補	20	0.005	0.699
184	許	20	0.005	0.699
184	題	20	0.005	0.699
185	体	19	0.0047	0.6721
185	僕	19	0.0047	0.6721
185	旋	19	0.0047	0.6721
185	明	19	0.0047	0.6721
185	立	19	0.0047	0.6721
185	聞	19	0.0047	0.6721
185	舞	19	0.0047	0.6721
185	誰	19	0.0047	0.6721
185	閉	19	0.0047	0.6721
185	飲	19	0.0047	0.6721
186	ا	18	0.0045	0.6532
186	ぴ	18	0.0045	0.6532
186	ボ	18	0.0045	0.6532
186	マ	18	0.0045	0.6532
186	候	18	0.0045	0.6532
186	氏	18	0.0045	0.6532
186	特	18	0.0045	0.6532
186	男	18	0.0045	0.6532
186	聴	18	0.0045	0.6532
187	ت	17	0.0042	0.6232
187	ギ	17	0.0042	0.6232
187	ク	17	0.0042	0.6232
187	差	17	0.0042	0.6232
187	帰	17	0.0042	0.6232
187	眺	17	0.0042	0.6232
187	繰	17	0.0042	0.6232
187	術	17	0.0042	0.6232
187	走	17	0.0042	0.6232
187	連	17	0.0042	0.6232
187	過	17	0.0042	0.6232
188	с	16	0.004	0.6021
188	凍	16	0.004	0.6021
188	味	16	0.004	0.6021
188	少	16	0.004	0.6021
188	指	16	0.004	0.6021
188	教	16	0.004	0.6021
188	眼	16	0.004	0.6021
188	螺	16	0.004	0.6021
188	街	16	0.004	0.6021
188	進	16	0.004	0.6021
188	閃	16	0.004	0.6021
189	居	15	0.0037	0.5682
189	後	15	0.0037	0.5682
189	現	15	0.0037	0.5682
189	繋	15	0.0037	0.5682
189	落	15	0.0037	0.5682
189	踏	15	0.0037	0.5682
189	願	15	0.0037	0.5682
189	髪	15	0.0037	0.5682
189	鳴	15	0.0037	0.5682
190	к	14	0.0035	0.5441
190	ぃ	14	0.0035	0.5441
190	ぜ	14	0.0035	0.5441
190	ょ	14	0.0035	0.5441
190	コ	14	0.0035	0.5441
190	ド	14	0.0035	0.5441
190	ャ	14	0.0035	0.5441
190	側	14	0.0035	0.5441
190	夕	14	0.0035	0.5441
190	宇	14	0.0035	0.5441
190	宙	14	0.0035	0.5441
190	放	14	0.0035	0.5441
190	新	14	0.0035	0.5441
190	昨	14	0.0035	0.5441
190	答	14	0.0035	0.5441
190	絆	14	0.0035	0.5441
190	置	14	0.0035	0.5441
190	自	14	0.0035	0.5441
190	花	14	0.0035	0.5441
190	針	14	0.0035	0.5441
191	ž	13	0.0032	0.5051
191	ب	13	0.0032	0.5051
191	م	13	0.0032	0.5051
191	べ	13	0.0032	0.5051
191	タ	13	0.0032	0.5051
191	モ	13	0.0032	0.5051
191	仲	13	0.0032	0.5051
191	去	13	0.0032	0.5051
191	増	13	0.0032	0.5051
191	壊	13	0.0032	0.5051
191	天	13	0.0032	0.5051
191	将	13	0.0032	0.5051
191	影	13	0.0032	0.5051
191	抜	13	0.0032	0.5051
191	撫	13	0.0032	0.5051
191	方	13	0.0032	0.5051
191	然	13	0.0032	0.5051
191	球	13	0.0032	0.5051
191	眩	13	0.0032	0.5051
191	瞳	13	0.0032	0.5051
191	終	13	0.0032	0.5051
191	裏	13	0.0032	0.5051
191	誓	13	0.0032	0.5051
191	越	13	0.0032	0.5051
191	距	13	0.0032	0.5051
191	近	13	0.0032	0.5051
192	下	12	0.003	0.4771
192	冬	12	0.003	0.4771
192	午	12	0.003	0.4771
192	在	12	0.003	0.4771
192	崩	12	0.003	0.4771
192	怯	12	0.003	0.4771
192	掲	12	0.003	0.4771
192	曇	12	0.003	0.4771
192	柳	12	0.003	0.4771
192	止	12	0.003	0.4771
192	温	12	0.003	0.4771
192	滑	12	0.003	0.4771
192	滲	12	0.003	0.4771
192	照	12	0.003	0.4771
192	熱	12	0.003	0.4771
192	築	12	0.003	0.4771
192	降	12	0.003	0.4771
192	零	12	0.003	0.4771
192	頬	12	0.003	0.4771
193	ƒ	11	0.0027	0.4314
193	р	11	0.0027	0.4314
193	ч	11	0.0027	0.4314
193	ь	11	0.0027	0.4314
193	ر	11	0.0027	0.4314
193	ك	11	0.0027	0.4314
193	ن	11	0.0027	0.4314
193	ه	11	0.0027	0.4314
193	ィ	11	0.0027	0.4314
193	ウ	11	0.0027	0.4314
193	ダ	11	0.0027	0.4314
193	ミ	11	0.0027	0.4314
193	倍	11	0.0027	0.4314
193	勇	11	0.0027	0.4314
193	同	11	0.0027	0.4314
193	室	11	0.0027	0.4314
193	忘	11	0.0027	0.4314
193	敵	11	0.0027	0.4314
193	書	11	0.0027	0.4314
193	泣	11	0.0027	0.4314
193	流	11	0.0027	0.4314
193	秘	11	0.0027	0.4314
193	話	11	0.0027	0.4314
193	重	11	0.0027	0.4314
193	鍵	11	0.0027	0.4314
193	鼓	11	0.0027	0.4314
194	б	10	0.0025	0.3979
194	и	10	0.0025	0.3979
194	н	10	0.0025	0.3979
194	テ	10	0.0025	0.3979
194	ペ	10	0.0025	0.3979
194	ヤ	10	0.0025	0.3979
194	両	10	0.0025	0.3979
194	付	10	0.0025	0.3979
194	処	10	0.0025	0.3979
194	力	10	0.0025	0.3979
194	声	10	0.0025	0.3979
194	密	10	0.0025	0.3979
194	小	10	0.0025	0.3979
194	巡	10	0.0025	0.3979
194	怖	10	0.0025	0.3979
194	求	10	0.0025	0.3979
194	独	10	0.0025	0.3979
194	生	10	0.0025	0.3979
194	表	10	0.0025	0.3979
195	́	9	0.0022	0.3424
195	أ	9	0.0022	0.3424
195	س	9	0.0022	0.3424
195	ل	9	0.0022	0.3424
195	レ	9	0.0022	0.3424
195	了	9	0.0022	0.3424
195	公	9	0.0022	0.3424
195	宝	9	0.0022	0.3424
195	展	9	0.0022	0.3424
195	彷	9	0.0022	0.3424
195	徨	9	0.0022	0.3424
195	握	9	0.0022	0.3424
195	束	9	0.0022	0.3424
195	楽	9	0.0022	0.3424
195	牙	9	0.0022	0.3424
195	約	9	0.0022	0.3424
195	罪	9	0.0022	0.3424
195	覚	9	0.0022	0.3424
195	負	9	0.0022	0.3424
195	部	9	0.0022	0.3424
195	電	9	0.0022	0.3424
196	د	8	0.002	0.301
196	ぽ	8	0.002	0.301
196	内	8	0.002	0.301
196	初	8	0.002	0.301
196	剣	8	0.002	0.301
196	奇	8	0.002	0.301
196	悩	8	0.002	0.301
196	情	8	0.002	0.301
196	揺	8	0.002	0.301
196	撃	8	0.002	0.301
196	暮	8	0.002	0.301
196	果	8	0.002	0.301
196	磁	8	0.002	0.301
196	窓	8	0.002	0.301
196	緋	8	0.002	0.301
196	纏	8	0.002	0.301
196	蝶	8	0.002	0.301
196	調	8	0.002	0.301
196	辺	8	0.002	0.301
196	道	8	0.002	0.301
196	違	8	0.002	0.301
196	雲	8	0.002	0.301
196	響	8	0.002	0.301
196	飛	8	0.002	0.301
196	ﬂ	8	0.002	0.301
197	ē	7	0.0017	0.2304
197	ホ	7	0.0017	0.2304
197	ョ	7	0.0017	0.2304
197	与	7	0.0017	0.2304
197	丸	7	0.0017	0.2304
197	叶	7	0.0017	0.2304
197	呼	7	0.0017	0.2304
197	哀	7	0.0017	0.2304
197	国	7	0.0017	0.2304
197	地	7	0.0017	0.2304
197	太	7	0.0017	0.2304
197	才	7	0.0017	0.2304
197	望	7	0.0017	0.2304
197	痛	7	0.0017	0.2304
197	神	7	0.0017	0.2304
197	藤	7	0.0017	0.2304
197	遁	7	0.0017	0.2304
197	隠	7	0.0017	0.2304
198	ع	6	0.0015	0.1761
198	ぁ	6	0.0015	0.1761
198	ざ	6	0.0015	0.1761
198	づ	6	0.0015	0.1761
198	サ	6	0.0015	0.1761
198	ベ	6	0.0015	0.1761
198	ㅡ	6	0.0015	0.1761
198	似	6	0.0015	0.1761
198	化	6	0.0015	0.1761
198	口	6	0.0015	0.1761
198	幸	6	0.0015	0.1761
198	掴	6	0.0015	0.1761
198	棒	6	0.0015	0.1761
198	次	6	0.0015	0.1761
198	泥	6	0.0015	0.1761
198	消	6	0.0015	0.1761
198	玉	6	0.0015	0.1761
198	番	6	0.0015	0.1761
198	第	6	0.0015	0.1761
198	締	6	0.0015	0.1761
198	超	6	0.0015	0.1761
198	速	6	0.0015	0.1761
198	陽	6	0.0015	0.1761
198	青	6	0.0015	0.1761
199	д	5	0.0012	0.0792
199	х	5	0.0012	0.0792
199	ف	5	0.0012	0.0792
199	ق	5	0.0012	0.0792
199	و	5	0.0012	0.0792
199	ガ	5	0.0012	0.0792
199	フ	5	0.0012	0.0792
199	ム	5	0.0012	0.0792
199	ュ	5	0.0012	0.0792
199	ヨ	5	0.0012	0.0792
199	ロ	5	0.0012	0.0792
199	ワ	5	0.0012	0.0792
199	乗	5	0.0012	0.0792
199	事	5	0.0012	0.0792
199	冒	5	0.0012	0.0792
199	吹	5	0.0012	0.0792
199	咲	5	0.0012	0.0792
199	喜	5	0.0012	0.0792
199	多	5	0.0012	0.0792
199	妄	5	0.0012	0.0792
199	妙	5	0.0012	0.0792
199	嵐	5	0.0012	0.0792
199	常	5	0.0012	0.0792
199	悲	5	0.0012	0.0792
199	戦	5	0.0012	0.0792
199	春	5	0.0012	0.0792
199	暗	5	0.0012	0.0792
199	森	5	0.0012	0.0792
199	様	5	0.0012	0.0792
199	欲	5	0.0012	0.0792
199	歌	5	0.0012	0.0792
199	毎	5	0.0012	0.0792
199	淡	5	0.0012	0.0792
199	湖	5	0.0012	0.0792
199	田	5	0.0012	0.0792
199	由	5	0.0012	0.0792
199	発	5	0.0012	0.0792
199	研	5	0.0012	0.0792
199	組	5	0.0012	0.0792
199	続	5	0.0012	0.0792
199	線	5	0.0012	0.0792
199	色	5	0.0012	0.0792
199	詩	5	0.0012	0.0792
199	谷	5	0.0012	0.0792
199	起	5	0.0012	0.0792
199	辿	5	0.0012	0.0792
199	逆	5	0.0012	0.0792
199	鏡	5	0.0012	0.0792
199	険	5	0.0012	0.0792
199	駆	5	0.0012	0.0792
200	г	4	0.001	0.0
200	ぬ	4	0.001	0.0
200	デ	4	0.001	0.0
200	ブ	4	0.001	0.0
200	伝	4	0.001	0.0
200	借	4	0.001	0.0
200	兵	4	0.001	0.0
200	加	4	0.001	0.0
200	卦	4	0.001	0.0
200	嘘	4	0.001	0.0
200	困	4	0.001	0.0
200	囲	4	0.001	0.0
200	夏	4	0.001	0.0
200	女	4	0.001	0.0
200	始	4	0.001	0.0
200	対	4	0.001	0.0
200	導	4	0.001	0.0
200	床	4	0.001	0.0
200	御	4	0.001	0.0
200	急	4	0.001	0.0
200	悪	4	0.001	0.0
200	憧	4	0.001	0.0
200	折	4	0.001	0.0
200	景	4	0.001	0.0
200	朝	4	0.001	0.0
200	根	4	0.001	0.0
200	混	4	0.001	0.0
200	眠	4	0.001	0.0
200	積	4	0.001	0.0
200	絶	4	0.001	0.0
200	腹	4	0.001	0.0
200	試	4	0.001	0.0
200	語	4	0.001	0.0
200	赤	4	0.001	0.0
200	遥	4	0.001	0.0
200	長	4	0.001	0.0
200	雷	4	0.001	0.0
200	鬼	4	0.001	0.0
200	ｰ	4	0.001	0.0
200	ｶ	4	0.001	0.0
201	ś	3	0.0007	-0.1549
201	п	3	0.0007	-0.1549
201	خ	3	0.0007	-0.1549
201	ز	3	0.0007	-0.1549
201	ش	3	0.0007	-0.1549
201	ض	3	0.0007	-0.1549
201	ݮ	3	0.0007	-0.1549
201	ぱ	3	0.0007	-0.1549
201	ケ	3	0.0007	-0.1549
201	ゲ	3	0.0007	-0.1549
201	ズ	3	0.0007	-0.1549
201	ツ	3	0.0007	-0.1549
201	ピ	3	0.0007	-0.1549
201	三	3	0.0007	-0.1549
201	並	3	0.0007	-0.1549
201	倉	3	0.0007	-0.1549
201	傍	3	0.0007	-0.1549
201	儚	3	0.0007	-0.1549
201	助	3	0.0007	-0.1549
201	効	3	0.0007	-0.1549
201	包	3	0.0007	-0.1549
201	厚	3	0.0007	-0.1549
201	園	3	0.0007	-0.1549
201	埃	3	0.0007	-0.1549
201	埋	3	0.0007	-0.1549
201	塞	3	0.0007	-0.1549
201	季	3	0.0007	-0.1549
201	定	3	0.0007	-0.1549
201	庫	3	0.0007	-0.1549
201	弱	3	0.0007	-0.1549
201	張	3	0.0007	-0.1549
201	形	3	0.0007	-0.1549
201	慢	3	0.0007	-0.1549
201	憶	3	0.0007	-0.1549
201	我	3	0.0007	-0.1549
201	扉	3	0.0007	-0.1549
201	掌	3	0.0007	-0.1549
201	旅	3	0.0007	-0.1549
201	昼	3	0.0007	-0.1549
201	月	3	0.0007	-0.1549
201	桜	3	0.0007	-0.1549
201	極	3	0.0007	-0.1549
201	決	3	0.0007	-0.1549
201	沿	3	0.0007	-0.1549
201	注	3	0.0007	-0.1549
201	焼	3	0.0007	-0.1549
201	理	3	0.0007	-0.1549
201	甘	3	0.0007	-0.1549
201	用	3	0.0007	-0.1549
201	病	3	0.0007	-0.1549
201	着	3	0.0007	-0.1549
201	瞬	3	0.0007	-0.1549
201	示	3	0.0007	-0.1549
201	移	3	0.0007	-0.1549
201	節	3	0.0007	-0.1549
201	経	3	0.0007	-0.1549
201	美	3	0.0007	-0.1549
201	義	3	0.0007	-0.1549
201	被	3	0.0007	-0.1549
201	裂	3	0.0007	-0.1549
201	記	3	0.0007	-0.1549
201	謎	3	0.0007	-0.1549
201	譲	3	0.0007	-0.1549
201	追	3	0.0007	-0.1549
201	選	3	0.0007	-0.1549
201	邪	3	0.0007	-0.1549
201	鐘	3	0.0007	-0.1549
201	陸	3	0.0007	-0.1549
201	雨	3	0.0007	-0.1549
201	面	3	0.0007	-0.1549
201	靴	3	0.0007	-0.1549
201	頭	3	0.0007	-0.1549
201	頼	3	0.0007	-0.1549
201	ｉ	3	0.0007	-0.1549
202	ă	2	0.0005	-0.301
202	ę	2	0.0005	-0.301
202	ģ	2	0.0005	-0.301
202	ī	2	0.0005	-0.301
202	ł	2	0.0005	-0.301
202	ř	2	0.0005	-0.301
202	̈	2	0.0005	-0.301
202	χ	2	0.0005	-0.301
202	з	2	0.0005	-0.301
202	й	2	0.0005	-0.301
202	э	2	0.0005	-0.301
202	ї	2	0.0005	-0.301
202	ح	2	0.0005	-0.301
202	ذ	2	0.0005	-0.301
202	ص	2	0.0005	-0.301
202	ṣ	2	0.0005	-0.301
202	ạ	2	0.0005	-0.301
202	ぞ	2	0.0005	-0.301
202	ネ	2	0.0005	-0.301
202	ポ	2	0.0005	-0.301
202	ユ	2	0.0005	-0.301
202	主	2	0.0005	-0.301
202	乙	2	0.0005	-0.301
202	仕	2	0.0005	-0.301
202	他	2	0.0005	-0.301
202	代	2	0.0005	-0.301
202	以	2	0.0005	-0.301
202	伊	2	0.0005	-0.301
202	休	2	0.0005	-0.301
202	使	2	0.0005	-0.301
202	個	2	0.0005	-0.301
202	冥	2	0.0005	-0.301
202	千	2	0.0005	-0.301
202	受	2	0.0005	-0.301
202	叫	2	0.0005	-0.301
202	可	2	0.0005	-0.301
202	司	2	0.0005	-0.301
202	吉	2	0.0005	-0.301
202	名	2	0.0005	-0.301
202	吸	2	0.0005	-0.301
202	唇	2	0.0005	-0.301
202	四	2	0.0005	-0.301
202	土	2	0.0005	-0.301
202	城	2	0.0005	-0.301
202	堂	2	0.0005	-0.301
202	報	2	0.0005	-0.301
202	境	2	0.0005	-0.301
202	士	2	0.0005	-0.301
202	外	2	0.0005	-0.301
202	姿	2	0.0005	-0.301
202	孤	2	0.0005	-0.301
202	屋	2	0.0005	-0.301
202	山	2	0.0005	-0.301
202	州	2	0.0005	-0.301
202	巾	2	0.0005	-0.301
202	幕	2	0.0005	-0.301
202	年	2	0.0005	-0.301
202	幾	2	0.0005	-0.301
202	庭	2	0.0005	-0.301
202	徳	2	0.0005	-0.301
202	志	2	0.0005	-0.301
202	快	2	0.0005	-0.301
202	怒	2	0.0005	-0.301
202	恐	2	0.0005	-0.301
202	悶	2	0.0005	-0.301
202	愉	2	0.0005	-0.301
202	懐	2	0.0005	-0.301
202	打	2	0.0005	-0.301
202	撰	2	0.0005	-0.301
202	散	2	0.0005	-0.301
202	文	2	0.0005	-0.301
202	斎	2	0.0005	-0.301
202	斬	2	0.0005	-0.301
202	昧	2	0.0005	-0.301
202	普	2	0.0005	-0.301
202	曖	2	0.0005	-0.301
202	最	2	0.0005	-0.301
202	末	2	0.0005	-0.301
202	松	2	0.0005	-0.301
202	柔	2	0.0005	-0.301
202	歳	2	0.0005	-0.301
202	殻	2	0.0005	-0.301
202	沖	2	0.0005	-0.301
202	泽	2	0.0005	-0.301
202	測	2	0.0005	-0.301
202	溶	2	0.0005	-0.301
202	火	2	0.0005	-0.301
202	点	2	0.0005	-0.301
202	煌	2	0.0005	-0.301
202	煩	2	0.0005	-0.301
202	燈	2	0.0005	-0.301
202	獄	2	0.0005	-0.301
202	獣	2	0.0005	-0.301
202	町	2	0.0005	-0.301
202	画	2	0.0005	-0.301
202	留	2	0.0005	-0.301
202	癒	2	0.0005	-0.301
202	盛	2	0.0005	-0.301
202	相	2	0.0005	-0.301
202	究	2	0.0005	-0.301
202	結	2	0.0005	-0.301
202	給	2	0.0005	-0.301
202	維	2	0.0005	-0.301
202	網	2	0.0005	-0.301
202	総	2	0.0005	-0.301
202	縁	2	0.0005	-0.301
202	羅	2	0.0005	-0.301
202	翼	2	0.0005	-0.301
202	考	2	0.0005	-0.301
202	能	2	0.0005	-0.301
202	膨	2	0.0005	-0.301
202	臆	2	0.0005	-0.301
202	至	2	0.0005	-0.301
202	苦	2	0.0005	-0.301
202	蒼	2	0.0005	-0.301
202	蓮	2	0.0005	-0.301
202	藩	2	0.0005	-0.301
202	蛇	2	0.0005	-0.301
202	衆	2	0.0005	-0.301
202	覗	2	0.0005	-0.301
202	誘	2	0.0005	-0.301
202	趣	2	0.0005	-0.301
202	軍	2	0.0005	-0.301
202	軟	2	0.0005	-0.301
202	転	2	0.0005	-0.301
202	辛	2	0.0005	-0.301
202	送	2	0.0005	-0.301
202	鋼	2	0.0005	-0.301
202	開	2	0.0005	-0.301
202	闇	2	0.0005	-0.301
202	陰	2	0.0005	-0.301
202	隊	2	0.0005	-0.301
202	隣	2	0.0005	-0.301
202	静	2	0.0005	-0.301
202	音	2	0.0005	-0.301
202	食	2	0.0005	-0.301
202	馬	2	0.0005	-0.301
202	騒	2	0.0005	-0.301
202	験	2	0.0005	-0.301
202	魔	2	0.0005	-0.301
202	鹿	2	0.0005	-0.301
202	龍	2	0.0005	-0.301
202	그	2	0.0005	-0.301
202	나	2	0.0005	-0.301
202	봐	2	0.0005	-0.301
202	아	2	0.0005	-0.301
202	ｂ	2	0.0005	-0.301
202	ｗ	2	0.0005	-0.301
203	ć	1	0.0002	-0.699
203	ĝ	1	0.0002	-0.699
203	ŕ	1	0.0002	-0.699
203	ź	1	0.0002	-0.699
203	ư	1	0.0002	-0.699
203	ί	1	0.0002	-0.699
203	μ	1	0.0002	-0.699
203	π	1	0.0002	-0.699
203	ψ	1	0.0002	-0.699
203	ж	1	0.0002	-0.699
203	л	1	0.0002	-0.699
203	ц	1	0.0002	-0.699
203	ш	1	0.0002	-0.699
203	ы	1	0.0002	-0.699
203	я	1	0.0002	-0.699
203	њ	1	0.0002	-0.699
203	آ	1	0.0002	-0.699
203	ة	1	0.0002	-0.699
203	ج	1	0.0002	-0.699
203	ط	1	0.0002	-0.699
203	غ	1	0.0002	-0.699
203	ờ	1	0.0002	-0.699
203	ぅ	1	0.0002	-0.699
203	ぇ	1	0.0002	-0.699
203	ゴ	1	0.0002	-0.699
203	セ	1	0.0002	-0.699
203	ソ	1	0.0002	-0.699
203	ヒ	1	0.0002	-0.699
203	ヴ	1	0.0002	-0.699
203	万	1	0.0002	-0.699
203	丈	1	0.0002	-0.699
203	久	1	0.0002	-0.699
203	件	1	0.0002	-0.699
203	作	1	0.0002	-0.699
203	侭	1	0.0002	-0.699
203	修	1	0.0002	-0.699
203	偽	1	0.0002	-0.699
203	入	1	0.0002	-0.699
203	六	1	0.0002	-0.699
203	写	1	0.0002	-0.699
203	冴	1	0.0002	-0.699
203	冷	1	0.0002	-0.699
203	凛	1	0.0002	-0.699
203	凱	1	0.0002	-0.699
203	刃	1	0.0002	-0.699
203	刻	1	0.0002	-0.699
203	則	1	0.0002	-0.699
203	劇	1	0.0002	-0.699
203	募	1	0.0002	-0.699
203	勢	1	0.0002	-0.699
203	匂	1	0.0002	-0.699
203	北	1	0.0002	-0.699
203	十	1	0.0002	-0.699
203	単	1	0.0002	-0.699
203	却	1	0.0002	-0.699
203	卵	1	0.0002	-0.699
203	厳	1	0.0002	-0.699
203	双	1	0.0002	-0.699
203	収	1	0.0002	-0.699
203	取	1	0.0002	-0.699
203	叩	1	0.0002	-0.699
203	史	1	0.0002	-0.699
203	吐	1	0.0002	-0.699
203	吭	1	0.0002	-0.699
203	吼	1	0.0002	-0.699
203	哭	1	0.0002	-0.699
203	噛	1	0.0002	-0.699
203	型	1	0.0002	-0.699
203	壁	1	0.0002	-0.699
203	売	1	0.0002	-0.699
203	奏	1	0.0002	-0.699
203	奥	1	0.0002	-0.699
203	嬉	1	0.0002	-0.699
203	子	1	0.0002	-0.699
203	孔	1	0.0002	-0.699
203	寂	1	0.0002	-0.699
203	尻	1	0.0002	-0.699
203	尽	1	0.0002	-0.699
203	履	1	0.0002	-0.699
203	巣	1	0.0002	-0.699
203	巧	1	0.0002	-0.699
203	巫	1	0.0002	-0.699
203	己	1	0.0002	-0.699
203	希	1	0.0002	-0.699
203	幼	1	0.0002	-0.699
203	座	1	0.0002	-0.699
203	庶	1	0.0002	-0.699
203	弊	1	0.0002	-0.699
203	弾	1	0.0002	-0.699
203	律	1	0.0002	-0.699
203	忍	1	0.0002	-0.699
203	念	1	0.0002	-0.699
203	息	1	0.0002	-0.699
203	悔	1	0.0002	-0.699
203	悠	1	0.0002	-0.699
203	惑	1	0.0002	-0.699
203	愁	1	0.0002	-0.699
203	愚	1	0.0002	-0.699
203	慟	1	0.0002	-0.699
203	憐	1	0.0002	-0.699
203	成	1	0.0002	-0.699
203	戯	1	0.0002	-0.699
203	払	1	0.0002	-0.699
203	抑	1	0.0002	-0.699
203	抗	1	0.0002	-0.699
203	排	1	0.0002	-0.699
203	掛	1	0.0002	-0.699
203	描	1	0.0002	-0.699
203	換	1	0.0002	-0.699
203	斗	1	0.0002	-0.699
203	斥	1	0.0002	-0.699
203	断	1	0.0002	-0.699
203	昇	1	0.0002	-0.699
203	昏	1	0.0002	-0.699
203	晶	1	0.0002	-0.699
203	曲	1	0.0002	-0.699
203	木	1	0.0002	-0.699
203	染	1	0.0002	-0.699
203	校	1	0.0002	-0.699
203	梅	1	0.0002	-0.699
203	業	1	0.0002	-0.699
203	横	1	0.0002	-0.699
203	機	1	0.0002	-0.699
203	歓	1	0.0002	-0.699
203	歴	1	0.0002	-0.699
203	殴	1	0.0002	-0.699
203	民	1	0.0002	-0.699
203	氷	1	0.0002	-0.699
203	永	1	0.0002	-0.699
203	池	1	0.0002	-0.699
203	法	1	0.0002	-0.699
203	波	1	0.0002	-0.699
203	泳	1	0.0002	-0.699
203	津	1	0.0002	-0.699
203	浮	1	0.0002	-0.699
203	浴	1	0.0002	-0.699
203	淵	1	0.0002	-0.699
203	添	1	0.0002	-0.699
203	清	1	0.0002	-0.699
203	満	1	0.0002	-0.699
203	滅	1	0.0002	-0.699
203	滴	1	0.0002	-0.699
203	漂	1	0.0002	-0.699
203	漠	1	0.0002	-0.699
203	潜	1	0.0002	-0.699
203	灰	1	0.0002	-0.699
203	燃	1	0.0002	-0.699
203	燻	1	0.0002	-0.699
203	爆	1	0.0002	-0.699
203	片	1	0.0002	-0.699
203	物	1	0.0002	-0.699
203	狂	1	0.0002	-0.699
203	狼	1	0.0002	-0.699
203	産	1	0.0002	-0.699
203	疲	1	0.0002	-0.699
203	痺	1	0.0002	-0.699
203	的	1	0.0002	-0.699
203	皆	1	0.0002	-0.699
203	睨	1	0.0002	-0.699
203	矢	1	0.0002	-0.699
203	社	1	0.0002	-0.699
203	稿	1	0.0002	-0.699
203	穏	1	0.0002	-0.699
203	穢	1	0.0002	-0.699
203	穴	1	0.0002	-0.699
203	竜	1	0.0002	-0.699
203	等	1	0.0002	-0.699
203	簡	1	0.0002	-0.699
203	紅	1	0.0002	-0.699
203	純	1	0.0002	-0.699
203	紡	1	0.0002	-0.699
203	絵	1	0.0002	-0.699
203	継	1	0.0002	-0.699
203	練	1	0.0002	-0.699
203	縄	1	0.0002	-0.699
203	縫	1	0.0002	-0.699
203	罠	1	0.0002	-0.699
203	羽	1	0.0002	-0.699
203	肉	1	0.0002	-0.699
203	腔	1	0.0002	-0.699
203	臨	1	0.0002	-0.699
203	良	1	0.0002	-0.699
203	若	1	0.0002	-0.699
203	華	1	0.0002	-0.699
203	虚	1	0.0002	-0.699
203	虫	1	0.0002	-0.699
203	蜜	1	0.0002	-0.699
203	蟲	1	0.0002	-0.699
203	裸	1	0.0002	-0.699
203	複	1	0.0002	-0.699
203	要	1	0.0002	-0.699
203	親	1	0.0002	-0.699
203	角	1	0.0002	-0.699
203	託	1	0.0002	-0.699
203	訪	1	0.0002	-0.699
203	詰	1	0.0002	-0.699
203	誇	1	0.0002	-0.699
203	認	1	0.0002	-0.699
203	誠	1	0.0002	-0.699
203	読	1	0.0002	-0.699
203	請	1	0.0002	-0.699
203	諸	1	0.0002	-0.699
203	謙	1	0.0002	-0.699
203	識	1	0.0002	-0.699
203	護	1	0.0002	-0.699
203	貨	1	0.0002	-0.699
203	貴	1	0.0002	-0.699
203	貸	1	0.0002	-0.699
203	賀	1	0.0002	-0.699
203	贈	1	0.0002	-0.699
203	跡	1	0.0002	-0.699
203	路	1	0.0002	-0.699
203	蹴	1	0.0002	-0.699
203	車	1	0.0002	-0.699
203	迅	1	0.0002	-0.699
203	途	1	0.0002	-0.699
203	達	1	0.0002	-0.699
203	酎	1	0.0002	-0.699
203	醜	1	0.0002	-0.699
203	鈾	1	0.0002	-0.699
203	銃	1	0.0002	-0.699
203	閧	1	0.0002	-0.699
203	闘	1	0.0002	-0.699
203	隙	1	0.0002	-0.699
203	集	1	0.0002	-0.699
203	雑	1	0.0002	-0.699
203	雪	1	0.0002	-0.699
203	霞	1	0.0002	-0.699
203	順	1	0.0002	-0.699
203	飯	1	0.0002	-0.699
203	駄	1	0.0002	-0.699
203	麗	1	0.0002	-0.699
203	黄	1	0.0002	-0.699
203	黒	1	0.0002	-0.699
203	겨	1	0.0002	-0.699
203	녕	1	0.0002	-0.699
203	들	1	0.0002	-0.699
203	래	1	0.0002	-0.699
203	로	1	0.0002	-0.699
203	말	1	0.0002	-0.699
203	뭐	1	0.0002	-0.699
203	안	1	0.0002	-0.699
203	웃	1	0.0002	-0.699
203	은	1	0.0002	-0.699
203	을	1	0.0002	-0.699
203	자	1	0.0002	-0.699
203	잡	1	0.0002	-0.699
203	정	1	0.0002	-0.699
203	좋	1	0.0002	-0.699
203	진	1	0.0002	-0.699
203	짜	1	0.0002	-0.699
203	하	1	0.0002	-0.699
203	한	1	0.0002	-0.699
203	ａ	1	0.0002	-0.699
203	ｇ	1	0.0002	-0.699
203	ｋ	1	0.0002	-0.699
203	ｍ	1	0.0002	-0.699
203	ｏ	1	0.0002	-0.699
