Rank	Bigram	Frequency	Frequency per million	Zipf value
1	о$	680036	20770.917	7.3175
2	е$	666209	20348.5872	7.3085
3	и$	595480	18188.2513	7.2598
4	^н	534100	16313.4698	7.2125
5	^п	507886	15512.7934	7.1907
6	^в	503569	15380.9356	7.187
7	а$	499892	15268.6258	7.1838
8	я$	457673	13979.0951	7.1455
9	^т	446143	13626.9245	7.1344
10	^с	356914	10901.5274	7.0375
11	^м	342405	10458.3667	7.0195
12	на	339916	10382.343	7.0163
13	то	329913	10076.8129	7.0033
14	не	327571	10005.2792	7.0002
15	^д	315516	9637.0731	6.9839
16	ь$	301042	9194.9814	6.9636
17	^з	297762	9094.7976	6.9588
18	у$	293294	8958.3277	6.9522
19	ти	257870	7876.3424	6.8963
20	по	255736	7811.1618	6.8927
21	і$	249791	7629.5786	6.8825
22	^я	242892	7418.8566	6.8703
23	ро	237163	7243.8709	6.86
24	^б	227220	6940.1734	6.8414
25	ст	226864	6929.2998	6.8407
26	й$	215017	6567.4468	6.8174
27	ра	207563	6339.773	6.8021
28	та	205553	6278.3798	6.7978
29	^к	205301	6270.6828	6.7973
30	но	204415	6243.6209	6.7954
31	пр	195262	5964.0531	6.7755
32	^о	192931	5892.8554	6.7703
33	ен	191336	5844.1379	6.7667
34	в$	184541	5636.5925	6.751
35	го	184000	5620.0682	6.7497
36	ть	182425	5571.9617	6.746
37	те	181838	5554.0324	6.7446
38	м$	177636	5425.6872	6.7345
39	ва	177293	5415.2106	6.7336
40	ер	175871	5371.7773	6.7301
41	ко	175843	5370.9221	6.73
42	ли	173459	5298.1055	6.7241
43	ни	171386	5234.7881	6.7189
44	ка	167792	5125.0135	6.7097
45	мо	166365	5081.4275	6.706
46	ов	165321	5049.5397	6.7033
47	во	164707	5030.7858	6.7016
48	ал	163898	5006.0758	6.6995
49	за	160309	4896.4539	6.6899
50	^ч	158210	4832.3424	6.6842
51	к$	150504	4596.9715	6.6625
52	ог	150058	4583.3489	6.6612
53	т$	149717	4572.9335	6.6602
54	ат	149211	4557.4783	6.6587
55	ви	148150	4525.0712	6.6556
56	ла	144902	4425.8648	6.646
57	ит	143793	4391.9917	6.6427
58	об	143496	4382.9202	6.6418
59	до	139747	4268.4113	6.6303
60	он	139421	4258.454	6.6293
61	ри	139077	4247.9469	6.6282
62	ре	137846	4210.3474	6.6243
63	ор	136547	4170.671	6.6202
64	ом	136164	4158.9727	6.619
65	ос	135985	4153.5053	6.6184
66	ю$	135969	4153.0166	6.6184
67	де	133383	4074.0302	6.61
68	ак	132181	4037.3165	6.6061
69	^р	130436	3984.0175	6.6003
70	да	128421	3922.4716	6.5936
71	ся	128245	3917.0959	6.593
72	од	127413	3891.6834	6.5901
73	ма	127305	3888.3847	6.5898
74	ві	125943	3846.784	6.5851
75	ол	123429	3769.9968	6.5763
76	ав	123400	3769.111	6.5762
77	ме	122841	3752.037	6.5743
78	^у	122740	3748.952	6.5739
79	ні	122561	3743.4847	6.5733
80	ы$	122538	3742.7822	6.5732
81	от	122327	3736.3374	6.5724
82	ан	119545	3651.3644	6.5625
83	н$	116221	3549.8367	6.5502
84	ас	112257	3428.7609	6.5351
85	же	110855	3385.9384	6.5297
86	ет	108710	3320.4218	6.5212
87	ло	106274	3246.017	6.5114
88	що	106242	3245.0396	6.5112
89	^щ	106078	3240.0304	6.5105
90	^а	101158	3089.7547	6.4899
91	ин	99226	3030.744	6.4815
92	ль	98250	3000.9332	6.4773
93	ам	95797	2926.0091	6.4663
94	^г	95184	2907.2857	6.4635
95	ди	95155	2906.4	6.4634
96	^ц	94953	2900.2301	6.4624
97	ар	93264	2848.6415	6.4546
98	ле	92218	2816.6927	6.4497
99	^х	90421	2761.8054	6.4412
100	^и	90328	2758.9648	6.4407
101	тр	87990	2687.5533	6.4294
102	бу	86416	2639.4773	6.4215
103	ве	85771	2619.7765	6.4183
104	ми	85467	2610.4912	6.4167
105	се	85229	2603.2217	6.4155
106	с$	84254	2573.4415	6.4105
107	ем	84194	2571.6088	6.4102
108	ел	83113	2538.5909	6.4046
109	ил	82374	2516.019	6.4007
110	ес	82030	2505.5119	6.3989
111	че	81746	2496.8375	6.3974
112	сь	81493	2489.1099	6.396
113	ай	81214	2480.5882	6.3946
114	ив	81011	2474.3878	6.3935
115	ож	80893	2470.7836	6.3928
116	им	80543	2460.0932	6.391
117	це	80432	2456.7029	6.3904
118	^л	80322	2453.343	6.3898
119	ки	79724	2435.0778	6.3865
120	хо	79251	2420.6306	6.3839
121	зн	78657	2402.4875	6.3807
122	ис	76311	2330.8317	6.3675
123	вс	75732	2313.1468	6.3642
124	^і	75297	2299.8602	6.3617
125	з$	73977	2259.5423	6.354
126	аз	73648	2249.4934	6.3521
127	му	72390	2211.0692	6.3446
128	чт	72230	2206.1822	6.3436
129	ну	72036	2200.2567	6.3425
130	бо	71994	2198.9739	6.3422
131	х$	71529	2184.771	6.3394
132	ку	69004	2107.6478	6.3238
133	ду	68984	2107.0369	6.3237
134	^э	68385	2088.7411	6.3199
135	бе	68305	2086.2976	6.3194
136	ід	68239	2084.2817	6.319
137	як	67822	2071.5449	6.3163
138	оч	67080	2048.8814	6.3115
139	ий	66412	2028.4781	6.3072
140	^е	65685	2006.2727	6.3024
141	пе	65253	1993.0778	6.2995
142	чи	65183	1990.9397	6.2991
143	уд	63812	1949.0641	6.2898
144	еб	63438	1937.6407	6.2873
145	ін	63148	1928.783	6.2853
146	ня	61922	1891.3362	6.2768
147	ад	61327	1873.1626	6.2726
148	эт	60873	1859.2957	6.2693
149	л$	60809	1857.3409	6.2689
150	ут	60207	1838.9535	6.2646
151	ок	59942	1830.8594	6.2627
152	ск	59856	1828.2326	6.262
153	ба	58607	1790.0834	6.2529
154	аю	58236	1778.7516	6.2501
155	га	57562	1758.165	6.2451
156	па	56921	1738.5864	6.2402
157	сл	56653	1730.4007	6.2381
158	ту	55874	1706.607	6.2321
159	би	55699	1701.2619	6.2308
160	ты	55300	1689.0749	6.2276
161	ру	55188	1685.6539	6.2268
162	сп	54544	1665.9837	6.2217
163	ля	54055	1651.0478	6.2178
164	ей	53879	1645.672	6.2163
165	^ж	53857	1645.0001	6.2162
166	ик	53337	1629.1173	6.212
167	ой	52158	1593.1061	6.2022
168	ає	51933	1586.2337	6.2004
169	нн	51570	1575.1463	6.1973
170	ув	50460	1541.2426	6.1879
171	ча	50239	1534.4924	6.186
172	мі	49803	1521.1753	6.1822
173	оз	49329	1506.6975	6.178
174	дн	49328	1506.667	6.178
175	ед	49322	1506.4837	6.178
176	ш$	48426	1479.1164	6.17
177	тв	47923	1463.7529	6.1655
178	рі	47871	1462.1646	6.165
179	ше	46557	1422.03	6.1529
180	еш	46555	1421.9689	6.1529
181	іл	46282	1413.6304	6.1503
182	со	46138	1409.2321	6.149
183	д$	45804	1399.0305	6.1458
184	си	45485	1389.287	6.1428
185	лю	44757	1367.0511	6.1358
186	бы	44565	1361.1866	6.1339
187	р$	44275	1352.3289	6.1311
188	ьк	43488	1328.2909	6.1233
189	ді	43458	1327.3746	6.123
190	є$	43363	1324.4729	6.122
191	ів	42890	1310.0257	6.1173
192	ум	41898	1279.7262	6.1071
193	ег	41809	1277.0078	6.1062
194	ьс	41303	1261.5526	6.1009
195	ті	41020	1252.9087	6.0979
196	лі	40906	1249.4267	6.0967
197	кр	40897	1249.1518	6.0966
198	ач	40843	1247.5024	6.096
199	бр	40789	1245.8531	6.0955
200	жи	40611	1240.4163	6.0936
201	мн	40263	1229.787	6.0898
202	их	39782	1215.0954	6.0846
203	іт	39779	1215.0038	6.0846
204	оп	39079	1193.6231	6.0769
205	нь	38179	1166.1336	6.0667
206	бі	37540	1146.6161	6.0594
206	ят	37540	1146.6161	6.0594
207	іс	36975	1129.3588	6.0528
208	пі	36482	1114.3007	6.047
209	ус	36455	1113.476	6.0467
210	аж	36274	1107.9476	6.0445
211	ек	36171	1104.8016	6.0433
212	са	35835	1094.5388	6.0392
213	ї$	35463	1083.1765	6.0347
214	ул	35321	1078.8393	6.033
215	вы	35303	1078.2895	6.0327
216	аб	35201	1075.174	6.0315
217	лу	35060	1070.8674	6.0297
218	уж	34920	1066.5912	6.028
219	иш	34876	1065.2473	6.0275
220	аш	34836	1064.0255	6.027
221	ид	34082	1040.9955	6.0174
222	зв	33848	1033.8482	6.0145
223	пи	33577	1025.5708	6.011
224	ці	33384	1019.6759	6.0085
225	шь	33223	1014.7583	6.0064
226	б$	33111	1011.3374	6.0049
227	^й	33048	1009.4131	6.0041
228	чу	32843	1003.1516	6.0014
229	св	32316	987.055	5.9943
230	ши	31558	963.9028	5.984
231	ае	31540	963.353	5.9838
232	ій	31342	957.3053	5.9811
233	рн	31002	946.9204	5.9763
234	жн	30996	946.7371	5.9762
235	ою	30826	941.5447	5.9738
236	кі	30472	930.7322	5.9688
237	ьн	30308	925.723	5.9665
238	^ш	29222	892.5524	5.9506
239	рт	29210	892.1858	5.9505
240	ез	29144	890.1699	5.9495
241	ев	28906	882.9005	5.9459
242	аг	28853	881.2817	5.9451
243	из	28558	872.2712	5.9407
244	ап	28506	870.683	5.9399
245	зд	28463	869.3696	5.9392
246	чо	28244	862.6805	5.9358
247	ще	28165	860.2675	5.9346
248	сн	27952	853.7617	5.9313
249	ош	27746	847.4696	5.9281
250	бл	27054	826.3333	5.9172
251	ир	27019	825.2643	5.9166
252	ж$	26757	817.2618	5.9124
253	ны	26659	814.2685	5.9108
254	ха	26622	813.1384	5.9102
255	йо	26357	805.0442	5.9058
256	вн	26325	804.0668	5.9053
257	ое	26184	799.7601	5.903
258	йт	26156	798.9049	5.9025
259	сі	25281	772.179	5.8877
260	чн	25098	766.5895	5.8846
261	^ф	25020	764.2071	5.8832
262	жа	25010	763.9017	5.883
263	нт	24943	761.8552	5.8819
264	др	24734	755.4716	5.8782
265	ич	24517	748.8435	5.8744
266	дж	24290	741.9101	5.8704
267	су	23783	726.4244	5.8612
268	ах	23777	726.2411	5.8611
269	гр	23402	714.7872	5.8542
270	кл	23262	710.511	5.8516
271	мы	23225	709.3809	5.8509
272	зу	23224	709.3504	5.8509
273	ьо	23042	703.7914	5.8474
274	ої	22946	700.8592	5.8456
275	жу	22785	695.9416	5.8426
276	ря	22621	690.9324	5.8394
277	^ї	22519	687.8169	5.8375
278	ша	22518	687.7864	5.8375
279	ву	22377	683.4797	5.8347
280	ік	22243	679.3868	5.8321
281	ую	21931	669.8572	5.826
282	иб	21661	661.6103	5.8206
283	пл	21490	656.3873	5.8172
284	ке	21308	650.8283	5.8135
285	уп	21301	650.6145	5.8133
286	уч	21190	647.2242	5.8111
287	еч	20982	640.871	5.8068
288	гл	20930	639.2828	5.8057
289	кт	20673	631.433	5.8003
290	дь	20585	628.7451	5.7985
291	дл	20432	624.0719	5.7952
292	еп	20014	611.3046	5.7863
293	ют	19947	609.2582	5.7848
294	ыл	19910	608.128	5.784
295	шо	19904	607.9448	5.7839
296	e$	19667	600.7059	5.7787
297	йс	19514	596.0327	5.7753
298	ие	19429	593.4364	5.7734
299	тс	19363	591.4206	5.7719
300	нк	19356	591.2067	5.7717
301	єш	19329	590.3821	5.7711
302	єт	19312	589.8628	5.7708
303	гд	19164	585.3423	5.7674
304	йн	19023	581.0356	5.7642
305	тн	18847	575.6599	5.7602
306	юд	18814	574.652	5.7594
307	см	18689	570.834	5.7565
308	ох	18267	557.9445	5.7466
309	ім	18252	557.4863	5.7462
310	зр	17926	547.529	5.7384
311	бя	17841	544.9328	5.7363
312	гу	17833	544.6885	5.7361
313	ур	17814	544.1081	5.7357
314	дв	17585	537.1136	5.7301
315	ір	17566	536.5333	5.7296
316	вл	17376	530.7299	5.7249
317	йд	17293	528.1948	5.7228
318	зо	17041	520.4977	5.7164
319	ук	16983	518.7262	5.7149
320	оя	16609	507.3028	5.7053
321	із	16356	499.5752	5.6986
322	уб	16294	497.6815	5.697
323	ё$	16246	496.2154	5.6957
324	нд	16221	495.4518	5.695
325	ая	16174	494.0162	5.6937
326	пу	15958	487.4187	5.6879
327	ия	15897	485.5556	5.6862
328	тк	15756	481.2489	5.6824
329	еж	15740	480.7602	5.6819
330	вд	15485	472.9715	5.6748
331	іч	15032	459.1351	5.6619
332	шл	15014	458.5854	5.6614
333	вж	15011	458.4937	5.6613
334	тя	14931	456.0502	5.659
335	дк	14754	450.6439	5.6538
336	шу	14674	448.2004	5.6515
337	ьш	14597	445.8486	5.6492
338	ый	14559	444.6879	5.6481
339	ць	14546	444.2908	5.6477
340	иц	14459	441.6335	5.6451
341	іш	14407	440.0452	5.6435
342	зм	14361	438.6402	5.6421
343	г$	14280	436.1662	5.6397
344	иг	14181	433.1423	5.6366
345	яд	14138	431.8289	5.6353
346	жд	14004	427.7361	5.6312
347	дя	13954	426.2089	5.6296
348	уг	13730	419.367	5.6226
349	шк	13641	416.6486	5.6198
350	ац	13564	414.2968	5.6173
351	уш	13514	412.7696	5.6157
352	нс	13477	411.6395	5.6145
353	ои	13286	405.8056	5.6083
354	вр	13272	405.378	5.6079
355	ун	13162	402.0181	5.6042
356	зі	13145	401.4989	5.6037
357	ян	12794	390.778	5.5919
358	ги	12754	389.5563	5.5906
359	ге	12752	389.4952	5.5905
360	іб	12537	382.9282	5.5831
361	'я	12528	382.6533	5.5828
362	ух	12455	380.4236	5.5803
363	^є	12438	379.9044	5.5797
364	хт	12325	376.4529	5.5757
365	ци	12229	373.5207	5.5723
366	єм	12081	369.0002	5.567
367	зи	11985	366.068	5.5636
368	o$	11964	365.4266	5.5628
369	ещ	11855	362.0973	5.5588
370	сс	11826	361.2116	5.5578
371	їх	11794	360.2342	5.5566
372	бн	11788	360.0509	5.5564
373	^t	11739	358.5542	5.5546
374	ее	11715	357.8212	5.5537
375	юс	11520	351.8651	5.5464
376	юб	11466	350.2158	5.5443
377	ує	11398	348.1388	5.5418
378	рд	11171	341.2053	5.533
379	ям	11106	339.22	5.5305
380	ры	11049	337.479	5.5282
381	вт	11035	337.0514	5.5277
382	рк	10978	335.3104	5.5254
383	о-	10968	335.0049	5.5251
384	уй	10939	334.1192	5.5239
385	п$	10874	332.1338	5.5213
386	кщ	10824	330.6066	5.5193
387	тт	10759	328.6213	5.5167
388	ця	10504	320.8326	5.5063
389	нц	10485	320.2523	5.5055
390	ія	10481	320.1301	5.5053
391	ец	10466	319.6719	5.5047
392	лл	10370	316.7397	5.5007
393	кс	10342	315.8845	5.4995
394	ыт	10277	313.8991	5.4968
395	ч$	10254	313.1966	5.4958
396	-т	10071	307.6071	5.488
397	щи	10053	307.0573	5.4872
398	рм	10030	306.3548	5.4862
399	рь	9801	299.3603	5.4762
400	ип	9781	298.7494	5.4753
401	ех	9696	296.1532	5.4715
402	t$	9577	292.5184	5.4662
403	чі	9468	289.1892	5.4612
404	зб	9361	285.921	5.4562
405	сю	9332	285.0352	5.4549
406	уз	9278	283.3858	5.4524
407	чк	9257	282.7444	5.4514
408	оє	8899	271.8097	5.4343
409	хи	8831	269.7327	5.4309
410	лж	8820	269.3967	5.4304
411	ял	8802	268.847	5.4295
412	яв	8784	268.2972	5.4286
413	s$	8767	267.7779	5.4278
414	дс	8759	267.5336	5.4274
415	ащ	8725	266.4951	5.4257
416	ща	8709	266.0064	5.4249
417	фо	8653	264.2959	5.4221
417	ьм	8653	264.2959	5.4221
417	ії	8653	264.2959	5.4221
418	рс	8633	263.685	5.4211
419	рш	8631	263.624	5.421
420	i$	8564	261.5775	5.4176
421	зе	8548	261.0888	5.4168
422	^i	8479	258.9813	5.4133
423	рв	8419	257.1487	5.4102
424	вк	8276	252.7809	5.4027
425	вч	8270	252.5976	5.4024
426	цю	8115	247.8633	5.3942
427	a$	8109	247.6801	5.3939
428	хл	8001	244.3813	5.3881
429	пп	7998	244.2897	5.3879
430	йм	7995	244.1981	5.3877
431	^a	7984	243.8621	5.3871
432	ші	7931	242.2433	5.3843
433	її	7866	240.2579	5.3807
434	шт	7862	240.1357	5.3805
435	фе	7856	239.9525	5.3801
436	th	7792	237.9977	5.3766
437	сд	7726	235.9818	5.3729
438	іє	7658	233.9048	5.369
439	вп	7623	232.8358	5.367
440	ые	7606	232.3165	5.3661
441	лс	7554	230.7282	5.3631
442	мп	7532	230.0563	5.3618
443	ыв	7524	229.8119	5.3614
444	вз	7485	228.6207	5.3591
444	сё	7485	228.6207	5.3591
445	жо	7483	228.5596	5.359
446	кн	7391	225.7496	5.3536
447	іг	7384	225.5358	5.3532
448	ню	7380	225.4136	5.353
449	хв	7313	223.3672	5.349
450	гн	7306	223.1534	5.3486
451	he	7302	223.0312	5.3484
452	зл	7235	220.9847	5.3444
453	ію	7211	220.2517	5.3429
454	рю	7207	220.1295	5.3427
455	^c	7155	218.5412	5.3395
456	иж	6856	209.4086	5.321
457	йш	6812	208.0647	5.3182
458	іх	6760	206.4764	5.3149
459	яз	6745	206.0183	5.3139
460	гі	6661	203.4526	5.3085
461	жі	6533	199.543	5.3
462	n$	6522	199.207	5.2993
463	юч	6520	199.1459	5.2992
464	ff	6500	198.535	5.2978
465	дп	6471	197.6492	5.2959
466	рл	6464	197.4354	5.2954
467	ея	6424	196.2137	5.2927
468	ху	6421	196.1221	5.2925
469	уе	6389	195.1447	5.2904
470	лы	6386	195.053	5.2902
471	яс	6358	194.1978	5.2882
472	ым	6327	193.2509	5.2861
473	хі	6319	193.0066	5.2856
474	іж	6250	190.8991	5.2808
475	ьт	6234	190.4104	5.2797
476	ии	6230	190.2882	5.2794
477	нч	6212	189.7384	5.2782
478	нш	6201	189.4024	5.2774
479	йк	6194	189.1886	5.2769
480	in	6192	189.1275	5.2768
481	фі	6188	189.0053	5.2765
482	зь	6172	188.5166	5.2753
483	шн	6155	187.9974	5.2742
484	^s	6105	186.4702	5.2706
484	тл	6105	186.4702	5.2706
485	ou	6046	184.6681	5.2664
486	лк	6016	183.7518	5.2642
487	ых	5966	182.2246	5.2606
488	y$	5957	181.9497	5.26
489	сх	5941	181.461	5.2588
490	яг	5933	181.2167	5.2582
491	-н	5836	178.2539	5.251
492	^w	5803	177.246	5.2486
493	^h	5801	177.1849	5.2484
494	^m	5792	176.91	5.2478
495	ью	5788	176.7878	5.2475
496	^o	5746	175.505	5.2443
497	нг	5696	173.9778	5.2405
498	м'	5694	173.9167	5.2403
499	вб	5669	173.1531	5.2384
500	пя	5616	171.5343	5.2344
501	рг	5584	170.5569	5.2319
502	ца	5516	168.4799	5.2265
503	d$	5502	168.0523	5.2254
504	an	5496	167.869	5.225
505	^b	5476	167.2581	5.2234
506	оф	5473	167.1665	5.2231
507	хн	5414	165.3644	5.2184
508	ищ	5412	165.3033	5.2183
509	мя	5367	163.9288	5.2147
510	яч	5360	163.715	5.2141
511	зг	5350	163.4096	5.2133
512	мс	5336	162.982	5.2121
513	^y	5325	162.646	5.2112
514	зп	5270	160.9661	5.2067
515	оу	5213	159.2251	5.202
516	юв	5211	159.164	5.2018
517	ды	5151	157.3314	5.1968
518	жл	5126	156.5678	5.1947
519	зя	5107	155.9874	5.1931
520	er	5089	155.4376	5.1916
521	сц	5039	153.9105	5.1873
522	дт	5026	153.5134	5.1861
523	ыш	4975	151.9556	5.1817
524	ыс	4902	149.7259	5.1753
525	фа	4885	149.2067	5.1738
526	рп	4826	147.4046	5.1685
527	ео	4736	144.6557	5.1603
528	фр	4723	144.2586	5.1591
529	рж	4713	143.9532	5.1582
530	ею	4709	143.831	5.1579
531	ощ	4686	143.1285	5.1557
532	зк	4651	142.0594	5.1525
533	вя	4643	141.8151	5.1517
533	эй	4643	141.8151	5.1517
534	нб	4614	140.9293	5.149
535	еф	4608	140.7461	5.1484
536	дд	4594	140.3184	5.1471
537	re	4593	140.2879	5.147
538	пн	4591	140.2268	5.1468
539	йч	4584	140.013	5.1462
540	кв	4571	139.6159	5.1449
541	іц	4533	138.4553	5.1413
542	оц	4524	138.1804	5.1404
543	сч	4517	137.9666	5.1398
544	r$	4512	137.8138	5.1393
545	яп	4504	137.5695	5.1385
546	её	4482	136.8975	5.1364
547	мл	4466	136.4088	5.1348
548	чь	4445	135.7674	5.1328
549	оо	4427	135.2176	5.131
550	дз	4363	133.2628	5.1247
551	в'	4342	132.6214	5.1226
552	ц$	4337	132.4687	5.1221
553	пх	4309	131.6134	5.1193
554	хр	4291	131.0637	5.1175
555	їм	4266	130.3001	5.1149
556	yo	4228	129.1394	5.1111
557	ha	4218	128.834	5.11
558	жк	4174	127.49	5.1055
559	яю	4156	126.9402	5.1036
560	фи	4155	126.9097	5.1035
561	ях	4113	125.6269	5.0991
562	кб	4107	125.4436	5.0984
563	бс	4074	124.4356	5.0949
564	рб	4045	123.5499	5.0918
565	эн	4032	123.1528	5.0904
566	on	4027	123.0001	5.0899
567	уа	3997	122.0838	5.0867
568	дч	3986	121.7478	5.0855
569	мк	3976	121.4423	5.0844
570	^d	3903	119.2126	5.0763
571	йб	3848	117.5327	5.0702
572	ау	3838	117.2273	5.069
573	вм	3832	117.044	5.0683
574	аф	3829	116.9524	5.068
575	ья	3806	116.2499	5.0654
576	ию	3801	116.0972	5.0648
577	е-	3797	115.975	5.0644
578	мб	3785	115.6085	5.063
579	ье	3746	114.4173	5.0585
580	еа	3716	113.5009	5.055
581	сы	3711	113.3482	5.0544
582	рр	3710	113.3177	5.0543
583	at	3694	112.829	5.0524
584	u$	3688	112.6457	5.0517
585	іо	3677	112.3097	5.0504
586	лн	3654	111.6072	5.0477
587	пы	3622	110.6298	5.0439
588	ng	3611	110.2938	5.0426
589	зы	3606	110.1411	5.0419
590	ср	3597	109.8662	5.0409
591	^p	3594	109.7746	5.0405
592	ёт	3593	109.744	5.0404
593	шс	3573	109.1332	5.038
594	ch	3552	108.4918	5.0354
595	^g	3551	108.4612	5.0353
596	шв	3546	108.3085	5.0347
597	l$	3513	107.3005	5.0306
598	бй	3487	106.5064	5.0274
599	йл	3463	105.7733	5.0244
600	ём	3455	105.529	5.0234
601	дб	3451	105.4068	5.0229
602	чш	3426	104.6432	5.0197
603	фп	3402	103.9102	5.0167
604	нр	3393	103.6353	5.0155
605	тю	3367	102.8411	5.0122
606	щё	3365	102.7801	5.0119
607	ює	3333	101.8026	5.0078
608	яе	3329	101.6805	5.0072
609	^n	3303	100.8863	5.0038
610	to	3279	100.1533	5.0007
611	мм	3268	99.8173	4.9992
612	іа	3266	99.7562	4.9989
613	пц	3253	99.3591	4.9972
614	їд	3225	98.5039	4.9935
615	пт	3195	97.5876	4.9894
616	it	3190	97.4349	4.9887
617	э$	3161	96.5491	4.9847
618	hi	3149	96.1826	4.9831
619	нф	3139	95.8771	4.9817
620	пс	3131	95.6328	4.9806
621	g$	3121	95.3274	4.9792
622	эр	3119	95.2663	4.9789
623	^f	3097	94.5943	4.9759
624	ar	3095	94.5332	4.9756
625	me	3090	94.3805	4.9749
626	іп	3071	93.8002	4.9722
627	яє	3061	93.4947	4.9708
628	мр	3060	93.4642	4.9706
629	^l	3037	92.7617	4.9674
630	ma	3028	92.4868	4.9661
631	ио	3012	91.9981	4.9638
632	бщ	3001	91.6621	4.9622
633	п'	2999	91.601	4.9619
634	еї	2997	91.5399	4.9616
635	en	2986	91.2039	4.96
636	ta	2979	90.9901	4.959
637	вв	2952	90.1654	4.955
638	їй	2940	89.7989	4.9533
639	вь	2922	89.2491	4.9506
640	єї	2914	89.0048	4.9494
641	or	2889	88.2412	4.9457
642	st	2881	87.9968	4.9445
643	дш	2868	87.5998	4.9425
644	а-	2866	87.5387	4.9422
645	хе	2859	87.3249	4.9411
646	ющ	2857	87.2638	4.9408
647	ущ	2844	86.8667	4.9389
648	ve	2836	86.6224	4.9376
649	вг	2833	86.5307	4.9372
650	ea	2802	85.5839	4.9324
651	чё	2794	85.3395	4.9312
652	al	2792	85.2784	4.9308
653	юр	2778	84.8508	4.9287
654	дм	2777	84.8203	4.9285
655	ll	2776	84.7897	4.9283
656	бк	2768	84.5454	4.9271
657	^ю	2753	84.0872	4.9247
658	po	2740	83.6901	4.9227
659	h$	2713	82.8655	4.9184
660	ho	2710	82.7738	4.9179
660	цу	2710	82.7738	4.9179
661	nd	2706	82.6517	4.9173
662	om	2693	82.2546	4.9152
663	юк	2685	82.0102	4.9139
664	яя	2677	81.7659	4.9126
665	гт	2675	81.7048	4.9122
666	єю	2668	81.491	4.9111
667	te	2653	81.0328	4.9087
668	яй	2625	80.1776	4.9041
669	is	2605	79.5667	4.9007
670	дё	2595	79.2613	4.8991
671	ьз	2594	79.2307	4.8989
672	сб	2588	79.0475	4.8979
673	ac	2521	77.001	4.8865
674	иа	2510	76.6651	4.8846
675	яц	2504	76.4818	4.8836
676	мь	2497	76.268	4.8823
677	дц	2496	76.2374	4.8822
678	'є	2490	76.0542	4.8811
679	іщ	2469	75.4128	4.8774
680	no	2468	75.3822	4.8773
681	эм	2466	75.3211	4.8769
682	уф	2464	75.26	4.8766
683	яр	2462	75.199	4.8762
684	рэ	2461	75.1684	4.876
685	рх	2458	75.0768	4.8755
685	ын	2458	75.0768	4.8755
686	бт	2457	75.0462	4.8753
687	юю	2405	73.458	4.866
688	вш	2399	73.2747	4.865
689	фб	2388	72.9387	4.863
690	яж	2343	71.5642	4.8547
691	нi	2342	71.5337	4.8545
692	вi	2341	71.5032	4.8543
693	аї	2330	71.1672	4.8523
694	ящ	2308	70.4952	4.8482
695	se	2307	70.4647	4.848
696	лд	2301	70.2814	4.8468
697	сэ	2300	70.2509	4.8467
698	^e	2251	68.7542	4.8373
698	щу	2251	68.7542	4.8373
699	фу	2248	68.6626	4.8367
700	эл	2231	68.1433	4.8334
701	m$	2199	67.1659	4.8271
702	хм	2190	66.891	4.8254
703	le	2186	66.7689	4.8246
704	ыб	2184	66.7078	4.8242
705	ne	2167	66.1885	4.8208
706	^r	2160	65.9747	4.8194
707	єд	2154	65.7915	4.8182
708	ьф	2144	65.486	4.8161
709	-к	2138	65.3027	4.8149
710	дю	2135	65.2111	4.8143
711	тo	2130	65.0584	4.8133
712	рц	2112	64.5086	4.8096
713	нa	2108	64.3864	4.8088
714	li	2106	64.3253	4.8084
715	пo	2103	64.2337	4.8078
716	лт	2084	63.6534	4.8038
717	go	2083	63.6228	4.8036
718	nt	2075	63.3785	4.8019
719	fs	2071	63.2563	4.8011
720	ён	2069	63.1952	4.8007
721	ф$	2064	63.0425	4.7996
722	-з	2063	63.012	4.7994
723	тп	2060	62.9203	4.7988
724	мэ	2051	62.6454	4.7969
725	ь-	2046	62.4927	4.7958
726	тч	2040	62.3095	4.7946
727	щ$	2035	62.1567	4.7935
728	з'	2031	62.0346	4.7926
729	as	2028	61.9429	4.792
730	бх	2025	61.8513	4.7913
731	и-	2017	61.6069	4.7896
732	^k	2010	61.3931	4.7881
733	'ю	1993	60.8739	4.7844
734	ed	1985	60.6295	4.7827
735	es	1984	60.599	4.7825
736	б'	1981	60.5074	4.7818
737	йц	1962	59.927	4.7776
738	ёр	1960	59.8659	4.7772
739	уя	1954	59.6827	4.7758
740	ып	1933	59.0413	4.7712
741	з-	1922	58.7053	4.7687
742	oo	1903	58.1249	4.7644
743	иє	1891	57.7584	4.7616
744	ьб	1890	57.7279	4.7614
745	co	1882	57.4835	4.7595
746	гк	1878	57.3613	4.7586
747	лг	1871	57.1475	4.757
748	оэ	1864	56.9337	4.7554
749	нe	1834	56.0174	4.7483
749	ьг	1834	56.0174	4.7483
750	дх	1831	55.9258	4.7476
751	cт	1809	55.2538	4.7424
752	иї	1796	54.8568	4.7392
753	do	1794	54.7957	4.7387
754	el	1783	54.4597	4.7361
755	пч	1781	54.3986	4.7356
756	ri	1778	54.307	4.7349
757	тд	1777	54.2764	4.7346
757	фй	1777	54.2764	4.7346
758	ro	1772	54.1237	4.7334
759	бм	1758	53.6961	4.7299
760	wa	1753	53.5434	4.7287
761	op	1748	53.3906	4.7275
761	тц	1748	53.3906	4.7275
762	ыг	1747	53.3601	4.7272
763	фл	1746	53.3296	4.727
764	ca	1737	53.0547	4.7247
765	sh	1725	52.6881	4.7217
766	be	1724	52.6576	4.7215
767	de	1718	52.4743	4.7199
768	ьц	1713	52.3216	4.7187
769	na	1711	52.2605	4.7182
769	їн	1711	52.2605	4.7182
770	цо	1709	52.1994	4.7177
771	фь	1694	51.7413	4.7138
772	ow	1690	51.6191	4.7128
773	жч	1687	51.5275	4.712
774	йв	1681	51.3442	4.7105
775	пґ	1674	51.1304	4.7087
776	нщ	1673	51.0999	4.7084
777	вц	1667	50.9166	4.7069
778	ee	1665	50.8555	4.7063
779	ur	1662	50.7639	4.7056
780	et	1659	50.6722	4.7048
781	k$	1652	50.4584	4.7029
781	пp	1652	50.4584	4.7029
782	гo	1631	49.817	4.6974
783	зс	1627	49.6948	4.6963
784	еу	1623	49.5727	4.6952
785	кц	1618	49.4199	4.6939
786	иф	1595	48.7174	4.6877
787	p$	1593	48.6564	4.6871
788	-п	1590	48.5647	4.6863
789	ra	1583	48.3509	4.6844
790	рй	1577	48.1677	4.6828
791	-ч	1576	48.1371	4.6825
792	ык	1574	48.076	4.6819
793	ti	1572	48.0149	4.6814
794	ah	1567	47.8622	4.68
795	's	1565	47.8011	4.6794
796	фз	1563	47.74	4.6789
797	pe	1561	47.6789	4.6783
797	нo	1561	47.6789	4.6783
798	we	1558	47.5873	4.6775
799	ыр	1552	47.4041	4.6758
800	-с	1539	47.007	4.6722
801	аа	1532	46.7932	4.6702
802	oг	1528	46.671	4.669
803	пк	1525	46.5794	4.6682
804	us	1515	46.2739	4.6653
804	кэ	1515	46.2739	4.6653
805	зт	1507	46.0296	4.663
806	pa	1503	45.9074	4.6619
807	юм	1497	45.7241	4.6601
808	wh	1495	45.6631	4.6596
809	ёл	1493	45.602	4.659
810	кo	1488	45.4492	4.6575
811	цы	1487	45.4187	4.6572
812	ot	1479	45.1744	4.6549
813	oв	1466	44.7773	4.6511
813	дэ	1466	44.7773	4.6511
814	^ґ	1465	44.7467	4.6508
815	f$	1459	44.5635	4.649
816	оё	1457	44.5024	4.6484
817	кь	1445	44.1359	4.6448
818	lo	1439	43.9526	4.643
819	ce	1437	43.8915	4.6424
820	bo	1435	43.8304	4.6418
821	юн	1434	43.7999	4.6415
822	тж	1432	43.7388	4.6409
823	so	1427	43.5861	4.6393
824	il	1426	43.5555	4.639
825	м-	1421	43.4028	4.6375
826	нє	1416	43.2501	4.636
827	йп	1415	43.2195	4.6357
828	юй	1412	43.1279	4.6348
829	ke	1394	42.5781	4.6292
830	єн	1382	42.2116	4.6254
831	кк	1379	42.12	4.6245
832	iд	1368	41.784	4.621
833	ъ$	1364	41.6618	4.6197
834	w$	1356	41.4175	4.6172
835	нз	1353	41.3258	4.6162
836	эк	1351	41.2647	4.6156
837	мo	1348	41.1731	4.6146
838	щі	1342	40.9898	4.6127
839	ay	1341	40.9593	4.6124
839	if	1341	40.9593	4.6124
840	bi	1339	40.8982	4.6117
841	^ь	1330	40.6233	4.6088
842	мю	1328	40.5622	4.6081
842	нп	1328	40.5622	4.6081
842	ьд	1328	40.5622	4.6081
843	щo	1326	40.5011	4.6075
844	ut	1323	40.4095	4.6065
844	й-	1323	40.4095	4.6065
845	ab	1320	40.3179	4.6055
845	аи	1320	40.3179	4.6055
846	чж	1319	40.2873	4.6052
847	їж	1313	40.1041	4.6032
848	вo	1305	39.8597	4.6005
848	єв	1305	39.8597	4.6005
849	-м	1300	39.707	4.5989
850	зж	1299	39.6765	4.5985
851	'ї	1297	39.6154	4.5979
852	-д	1295	39.5543	4.5972
853	oб	1293	39.4932	4.5965
854	fn	1286	39.2794	4.5942
855	дo	1277	39.0045	4.5911
856	ьч	1270	38.7907	4.5887
857	вa	1262	38.5463	4.586
858	кa	1256	38.3631	4.5839
859	^u	1254	38.302	4.5832
859	pи	1254	38.302	4.5832
860	эс	1244	37.9965	4.5797
861	уи	1240	37.8744	4.5783
862	ьй	1234	37.6911	4.5762
863	к-	1229	37.5384	4.5745
864	вх	1228	37.5078	4.5741
865	di	1227	37.4773	4.5738
866	oм	1220	37.2635	4.5713
867	тe	1210	36.9581	4.5677
868	лэ	1207	36.8664	4.5666
869	рч	1206	36.8359	4.5663
870	їз	1203	36.7443	4.5652
871	hf	1201	36.6832	4.5645
872	ґп	1200	36.6526	4.5641
873	рз	1199	36.6221	4.5637
874	ig	1198	36.5915	4.5634
875	gh	1197	36.561	4.563
876	ad	1192	36.4083	4.5612
877	ec	1190	36.3472	4.5605
878	eн	1183	36.1334	4.5579
879	la	1177	35.9501	4.5557
880	тa	1176	35.9196	4.5553
881	un	1175	35.889	4.555
882	ыч	1174	35.8585	4.5546
883	ep	1172	35.7974	4.5539
883	і-	1172	35.7974	4.5539
884	pi	1165	35.5836	4.5512
885	бъ	1164	35.553	4.5509
885	чл	1164	35.553	4.5509
886	бб	1160	35.4309	4.5494
887	їс	1152	35.1865	4.5464
888	бь	1151	35.156	4.546
889	уо	1148	35.0643	4.5449
890	ai	1147	35.0338	4.5445
891	зa	1144	34.9422	4.5434
892	рё	1139	34.7894	4.5414
893	wi	1129	34.484	4.5376
894	oн	1128	34.4535	4.5372
895	am	1121	34.2397	4.5345
896	цн	1116	34.0869	4.5326
897	у-	1112	33.9648	4.531
898	нё	1109	33.8731	4.5299
899	бф	1107	33.812	4.5291
900	йж	1104	33.7204	4.5279
901	дa	1103	33.6899	4.5275
902	ао	1098	33.5371	4.5255
903	тм	1094	33.415	4.5239
903	шё	1094	33.415	4.5239
904	ka	1090	33.2928	4.5224
905	mo	1084	33.1095	4.52
906	mi	1071	32.7125	4.5147
907	-я	1068	32.6208	4.5135
907	пй	1068	32.6208	4.5135
908	iн	1063	32.4681	4.5115
909	яб	1061	32.407	4.5106
910	нв	1055	32.2238	4.5082
911	ni	1052	32.1321	4.5069
911	пэ	1052	32.1321	4.5069
912	aл	1049	32.0405	4.5057
913	ъе	1048	32.01	4.5053
914	-а	1046	31.9489	4.5045
915	лб	1042	31.8267	4.5028
916	c$	1040	31.7656	4.502
917	ol	1038	31.7045	4.5011
918	ic	1032	31.5213	4.4986
919	ge	1030	31.4602	4.4978
919	дг	1030	31.4602	4.4978
919	єр	1030	31.4602	4.4978
920	бв	1025	31.3074	4.4956
921	ef	1020	31.1547	4.4935
921	лё	1020	31.1547	4.4935
922	ht	1013	30.9409	4.4905
923	of	1012	30.9104	4.4901
924	ki	1011	30.8798	4.4897
925	id	1010	30.8493	4.4892
926	ev	1005	30.6966	4.4871
927	ok	989	30.2079	4.4801
928	їт	988	30.1773	4.4797
929	oд	986	30.1162	4.4788
930	n'	981	29.9635	4.4766
931	^ё	980	29.933	4.4762
932	aк	976	29.8108	4.4744
933	sa	971	29.6581	4.4721
933	т-	971	29.6581	4.4721
934	ъя	970	29.6275	4.4717
935	чч	961	29.3526	4.4676
935	юз	961	29.3526	4.4676
936	fe	958	29.261	4.4663
937	ґа	954	29.1388	4.4645
938	жб	953	29.1083	4.464
938	хф	953	29.1083	4.464
939	лo	951	29.0472	4.4631
940	лa	949	28.9861	4.4622
940	пь	949	28.9861	4.4622
940	їв	949	28.9861	4.4622
941	oл	948	28.9556	4.4617
942	-л	944	28.8334	4.4599
942	aт	944	28.8334	4.4599
943	лп	940	28.7112	4.4581
944	ьл	938	28.6501	4.4571
945	ba	936	28.589	4.4562
946	рф	934	28.528	4.4553
947	еи	928	28.3447	4.4525
947	сф	928	28.3447	4.4525
947	сш	928	28.3447	4.4525
948	кш	927	28.3141	4.452
949	ёш	925	28.2531	4.4511
950	щь	923	28.192	4.4501
951	oc	922	28.1614	4.4497
952	os	921	28.1309	4.4492
953	ap	919	28.0698	4.4482
954	шм	917	28.0087	4.4473
955	oт	916	27.9782	4.4468
956	дi	915	27.9476	4.4463
957	нл	914	27.9171	4.4459
958	мi	911	27.8254	4.4444
959	im	908	27.7338	4.443
960	iл	905	27.6422	4.4416
960	ry	905	27.6422	4.4416
960	сй	905	27.6422	4.4416
961	rt	898	27.4284	4.4382
962	ыд	897	27.3978	4.4377
962	юг	897	27.3978	4.4377
963	cя	896	27.3673	4.4372
964	't	894	27.3062	4.4363
964	^j	894	27.3062	4.4363
964	t'	894	27.3062	4.4363
965	ie	893	27.2757	4.4358
966	тб	891	27.2146	4.4348
967	pа	890	27.184	4.4343
968	av	886	27.0619	4.4324
968	ir	886	27.0619	4.4324
969	пю	877	26.787	4.4279
970	юл	875	26.7259	4.4269
971	si	874	26.6953	4.4264
972	aв	872	26.6342	4.4254
973	фф	869	26.5426	4.4239
974	ak	865	26.4204	4.4219
975	ld	863	26.3593	4.4209
976	бг	861	26.2983	4.4199
977	da	856	26.1455	4.4174
978	fo	851	25.9928	4.4149
979	йр	850	25.9623	4.4143
979	пє	850	25.9623	4.4143
980	aм	849	25.9317	4.4138
980	ck	849	25.9317	4.4138
981	гм	847	25.8706	4.4128
982	ыз	840	25.6568	4.4092
983	ю-	839	25.6263	4.4087
984	уэ	834	25.4736	4.4061
984	хэ	834	25.4736	4.4061
985	йз	832	25.4125	4.405
986	tr	831	25.3819	4.4045
987	io	829	25.3209	4.4035
988	єп	826	25.2292	4.4019
989	i'	825	25.1987	4.4014
989	ru	825	25.1987	4.4014
989	x$	825	25.1987	4.4014
990	гю	818	24.9849	4.3977
990	тp	818	24.9849	4.3977
991	н-	817	24.9543	4.3971
992	тi	814	24.8627	4.3955
993	ul	809	24.71	4.3929
994	ьи	805	24.5878	4.3907
995	iв	803	24.5267	4.3896
995	эд	803	24.5267	4.3896
996	-о	798	24.374	4.3869
996	sc	798	24.374	4.3869
996	йь	798	24.374	4.3869
997	ye	797	24.3434	4.3864
998	лi	796	24.3129	4.3858
999	ly	791	24.1602	4.3831
1000	лм	790	24.1296	4.3826
1001	мa	789	24.0991	4.382
1002	ns	781	23.8547	4.3776
1003	bu	778	23.7631	4.3759
1004	-б	777	23.7326	4.3753
1004	eт	777	23.7326	4.3753
1005	кх	775	23.6715	4.3742
1005	ьё	775	23.6715	4.3742
1006	йе	773	23.6104	4.3731
1007	-р	771	23.5493	4.372
1007	fi	771	23.5493	4.372
1008	rs	763	23.305	4.3674
1009	с-	762	23.2744	4.3669
1010	гй	761	23.2439	4.3663
1011	wo	760	23.2133	4.3657
1012	iт	759	23.1828	4.3652
1013	мe	757	23.1217	4.364
1014	ey	754	23.0301	4.3623
1015	еp	752	22.969	4.3611
1016	aн	751	22.9384	4.3606
1017	дй	749	22.8773	4.3594
1018	юу	748	22.8468	4.3588
1019	-в	744	22.7246	4.3565
1019	їл	744	22.7246	4.3565
1020	чя	742	22.6635	4.3553
1021	бi	741	22.633	4.3547
1022	бю	735	22.4497	4.3512
1022	іф	735	22.4497	4.3512
1023	бц	733	22.3886	4.35
1023	дe	733	22.3886	4.35
1024	йю	730	22.297	4.3482
1025	ga	728	22.2359	4.3471
1025	кп	728	22.2359	4.3471
1026	цт	725	22.1443	4.3453
1027	р'	723	22.0832	4.3441
1028	ds	719	21.961	4.3417
1028	nn	719	21.961	4.3417
1028	йг	719	21.961	4.3417
1029	оа	717	21.8999	4.3404
1030	ёз	714	21.8083	4.3386
1031	фю	713	21.7778	4.338
1032	вё	711	21.7167	4.3368
1033	od	708	21.625	4.335
1034	кю	705	21.5334	4.3331
1035	пi	704	21.5029	4.3325
1036	rd	702	21.4418	4.3313
1036	тэ	702	21.4418	4.3313
1037	мё	701	21.4112	4.3306
1038	цв	700	21.3807	4.33
1039	жe	698	21.3196	4.3288
1040	su	695	21.228	4.3269
1041	oк	694	21.1974	4.3263
1041	пё	694	21.1974	4.3263
1042	бш	689	21.0447	4.3231
1043	йу	688	21.0142	4.3225
1044	ss	685	20.9225	4.3206
1045	e'	682	20.8309	4.3187
1046	щн	680	20.7698	4.3174
1047	гг	673	20.556	4.3129
1047	мх	673	20.556	4.3129
1047	ьу	673	20.556	4.3129
1048	фс	670	20.4644	4.311
1049	my	668	20.4033	4.3097
1049	ov	668	20.4033	4.3097
1050	гв	664	20.2811	4.3071
1051	iй	662	20.22	4.3058
1051	лч	662	20.22	4.3058
1051	яу	662	20.22	4.3058
1052	em	661	20.1895	4.3051
1052	tt	661	20.1895	4.3051
1053	b$	654	19.9757	4.3005
1053	шп	654	19.9757	4.3005
1054	я-	652	19.9146	4.2992
1055	aй	649	19.823	4.2972
1056	яш	648	19.7924	4.2965
1057	oж	647	19.7619	4.2958
1058	эу	646	19.7313	4.2952
1059	лз	642	19.6092	4.2925
1060	зз	635	19.3953	4.2877
1061	oз	633	19.3343	4.2863
1062	-х	632	19.3037	4.2856
1062	vi	632	19.3037	4.2856
1063	ik	629	19.2121	4.2836
1063	ip	629	19.2121	4.2836
1064	мц	628	19.1815	4.2829
1065	юх	626	19.1204	4.2815
1066	^v	625	19.0899	4.2808
1066	бё	625	19.0899	4.2808
1066	йа	625	19.0899	4.2808
1067	бд	622	18.9983	4.2787
1068	цi	620	18.9372	4.2773
1069	гс	619	18.9066	4.2766
1070	eм	612	18.6928	4.2717
1071	ьв	606	18.5096	4.2674
1072	иc	603	18.4179	4.2652
1073	-й	600	18.3263	4.2631
1074	уу	598	18.2652	4.2616
1075	нх	595	18.1736	4.2594
1076	кз	593	18.1125	4.258
1077	бo	592	18.082	4.2572
1078	ag	583	17.8071	4.2506
1079	уї	579	17.6849	4.2476
1080	iv	578	17.6543	4.2469
1081	^x	577	17.6238	4.2461
1082	nc	572	17.4711	4.2423
1082	кi	572	17.4711	4.2423
1083	ыж	568	17.3489	4.2393
1084	^'	565	17.2573	4.237
1085	aз	563	17.1962	4.2354
1085	йф	563	17.1962	4.2354
1086	иэ	560	17.1046	4.2331
1086	эч	560	17.1046	4.2331
1087	'm	559	17.074	4.2323
1088	up	558	17.0435	4.2316
1089	съ	556	16.9824	4.23
1090	уц	555	16.9518	4.2292
1091	kn	552	16.8602	4.2269
1092	юц	550	16.7991	4.2253
1093	чe	547	16.7075	4.2229
1094	ia	546	16.6769	4.2221
1094	iс	546	16.6769	4.2221
1095	oh	542	16.5548	4.2189
1095	фт	542	16.5548	4.2189
1096	эв	541	16.5242	4.2181
1096	эф	541	16.5242	4.2181
1097	fr	540	16.4937	4.2173
1098	'r	533	16.2799	4.2117
1099	пш	532	16.2493	4.2108
1100	рa	530	16.1882	4.2092
1101	д'	527	16.0966	4.2067
1102	гa	522	15.9439	4.2026
1103	вe	520	15.8828	4.2009
1104	бэ	519	15.8523	4.2001
1105	fa	518	15.8217	4.1993
1105	гб	518	15.8217	4.1993
1106	зч	517	15.7912	4.1984
1106	лй	517	15.7912	4.1984
1107	тё	515	15.7301	4.1967
1108	лe	514	15.6995	4.1959
1108	нж	514	15.6995	4.1959
1109	oс	506	15.4552	4.1891
1110	аp	502	15.333	4.1856
1111	рщ	499	15.2414	4.183
1112	pl	498	15.2108	4.1822
1113	р-	495	15.1192	4.1795
1114	'$	494	15.0887	4.1787
1115	eл	493	15.0581	4.1778
1115	бe	493	15.0581	4.1778
1116	гч	492	15.0276	4.1769
1117	бa	491	14.997	4.176
1118	ґр	488	14.9054	4.1733
1119	-г	487	14.8749	4.1725
1120	мз	484	14.7832	4.1698
1121	жь	483	14.7527	4.1689
1122	pе	482	14.7221	4.168
1123	км	479	14.6305	4.1653
1124	гш	478	14.6	4.1644
1124	эг	478	14.6	4.1644
1125	^ѕ	477	14.5694	4.1634
1125	нй	477	14.5694	4.1634
1126	cy	475	14.5083	4.1616
1127	тх	474	14.4778	4.1607
1128	ьє	473	14.4472	4.1598
1129	аё	469	14.3251	4.1561
1130	фэ	468	14.2945	4.1552
1131	кж	464	14.1723	4.1514
1132	ju	463	14.1418	4.1505
1133	cк	462	14.1113	4.1496
1133	нм	462	14.1113	4.1496
1134	cь	460	14.0502	4.1477
1134	oч	460	14.0502	4.1477
1135	nk	454	13.8669	4.142
1135	цe	454	13.8669	4.142
1136	cr	449	13.7142	4.1372
1136	зш	449	13.7142	4.1372
1137	ьl	446	13.6226	4.1343
1138	хк	444	13.5615	4.1323
1139	eр	443	13.5309	4.1313
1139	мв	443	13.5309	4.1313
1139	пї	443	13.5309	4.1313
1139	іу	443	13.5309	4.1313
1140	bl	442	13.5004	4.1303
1141	юж	438	13.3782	4.1264
1142	dr	437	13.3477	4.1254
1143	u'	431	13.1644	4.1194
1143	пф	431	13.1644	4.1194
1144	ex	430	13.1339	4.1184
1145	^ъ	429	13.1033	4.1174
1146	ьщ	428	13.0728	4.1164
1147	eб	427	13.0422	4.1154
1148	tu	425	12.9811	4.1133
1148	мч	425	12.9811	4.1133
1149	ko	423	12.92	4.1113
1149	бp	423	12.92	4.1113
1149	ыя	423	12.92	4.1113
1150	gr	422	12.8895	4.1102
1150	oi	422	12.8895	4.1102
1151	pr	421	12.859	4.1092
1151	лв	421	12.859	4.1092
1152	пa	420	12.8284	4.1082
1153	хс	417	12.7368	4.1051
1154	rr	416	12.7062	4.104
1154	ts	416	12.7062	4.104
1154	юа	416	12.7062	4.104
1154	юи	416	12.7062	4.104
1155	мт	415	12.6757	4.103
1156	іе	413	12.6146	4.1009
1157	бy	410	12.523	4.0977
1158	ьр	409	12.4924	4.0966
1159	cи	406	12.4008	4.0934
1160	йo	405	12.3703	4.0924
1161	вc	404	12.3397	4.0913
1161	уґ	404	12.3397	4.0913
1162	юф	402	12.2786	4.0891
1163	шр	400	12.2175	4.087
1164	рi	398	12.1565	4.0848
1165	pp	397	12.1259	4.0837
1165	цп	397	12.1259	4.0837
1166	aд	396	12.0954	4.0826
1166	ct	396	12.0954	4.0826
1166	мй	396	12.0954	4.0826
1166	юп	396	12.0954	4.0826
1167	cп	394	12.0343	4.0804
1168	sf	392	11.9732	4.0782
1168	сi	392	11.9732	4.0782
1169	ae	391	11.9426	4.0771
1170	iм	390	11.9121	4.076
1170	ґ$	390	11.9121	4.076
1171	br	389	11.8816	4.0749
1172	ug	388	11.851	4.0738
1173	цк	387	11.8205	4.0726
1174	va	386	11.7899	4.0715
1175	пм	385	11.7594	4.0704
1176	-е	384	11.7288	4.0693
1176	iш	384	11.7288	4.0693
1177	їп	381	11.6372	4.0658
1178	лє	377	11.515	4.0613
1179	ls	376	11.4845	4.0601
1180	lt	374	11.4234	4.0578
1181	хг	373	11.3929	4.0566
1181	єс	373	11.3929	4.0566
1182	gi	372	11.3623	4.0555
1182	эш	372	11.3623	4.0555
1183	кp	371	11.3318	4.0543
1184	ny	370	11.3012	4.0531
1184	вщ	370	11.3012	4.0531
1184	тє	370	11.3012	4.0531
1184	щр	370	11.3012	4.0531
1185	au	369	11.2707	4.052
1185	кч	369	11.2707	4.052
1186	ыи	366	11.179	4.0484
1187	нэ	365	11.1485	4.0472
1188	oю	364	11.118	4.046
1188	йя	364	11.118	4.046
1189	ya	363	11.0874	4.0448
1190	eg	362	11.0569	4.0436
1191	py	361	11.0263	4.0424
1192	пe	360	10.9958	4.0412
1192	ёп	360	10.9958	4.0412
1193	яъ	356	10.8736	4.0364
1194	aю	355	10.8431	4.0352
1195	xo	354	10.8125	4.0339
1196	мф	351	10.7209	4.0302
1197	by	348	10.6293	4.0265
1197	еє	348	10.6293	4.0265
1198	uc	347	10.5987	4.0253
1198	эп	347	10.5987	4.0253
1198	ґе	347	10.5987	4.0253
1199	sp	346	10.5682	4.024
1199	аґ	346	10.5682	4.024
1200	ys	344	10.5071	4.0215
1200	иx	344	10.5071	4.0215
1201	чс	343	10.4765	4.0202
1202	iк	342	10.446	4.019
1202	лф	342	10.446	4.019
1203	lu	341	10.4155	4.0177
1203	rn	341	10.4155	4.0177
1204	iз	340	10.3849	4.0164
1204	oп	340	10.3849	4.0164
1205	фя	339	10.3544	4.0151
1206	ui	337	10.2933	4.0126
1206	чo	337	10.2933	4.0126
1207	ёс	336	10.2627	4.0113
1208	gu	334	10.2016	4.0087
1209	иу	333	10.1711	4.0074
1210	^ј	332	10.1406	4.0061
1210	юш	332	10.1406	4.0061
1211	oй	331	10.11	4.0048
1211	юя	331	10.11	4.0048
1212	ci	330	10.0795	4.0034
1212	cл	330	10.0795	4.0034
1212	еь	330	10.0795	4.0034
1213	fc	329	10.0489	4.0021
1214	hu	325	9.9268	3.9968
1215	aр	324	9.8962	3.9955
1215	оc	324	9.8962	3.9955
1215	ґо	324	9.8962	3.9955
1216	eй	322	9.8351	3.9928
1216	фх	322	9.8351	3.9928
1216	чб	322	9.8351	3.9928
1217	eд	321	9.8046	3.9914
1217	tи	321	9.8046	3.9914
1217	uh	321	9.8046	3.9914
1218	їш	318	9.7129	3.9873
1219	fu	316	9.6519	3.9846
1220	кй	315	9.6213	3.9832
1221	mu	314	9.5908	3.9819
1222	дy	313	9.5602	3.9805
1222	сг	313	9.5602	3.9805
1223	dy	312	9.5297	3.9791
1223	гп	312	9.5297	3.9791
1223	чa	312	9.5297	3.9791
1223	ёб	312	9.5297	3.9791
1224	шe	311	9.4991	3.9777
1224	яф	311	9.4991	3.9777
1225	ty	310	9.4686	3.9763
1225	еэ	310	9.4686	3.9763
1226	wn	308	9.4075	3.9735
1226	йх	308	9.4075	3.9735
1227	rl	306	9.3464	3.9706
1228	жё	305	9.3159	3.9692
1228	лш	305	9.3159	3.9692
1228	щт	305	9.3159	3.9692
1229	юе	304	9.2853	3.9678
1230	ц-	302	9.2242	3.9649
1230	яо	302	9.2242	3.9649
1230	ґщ	302	9.2242	3.9649
1231	aб	301	9.1937	3.9635
1232	'l	300	9.1632	3.962
1232	зф	300	9.1632	3.962
1232	ґя	300	9.1632	3.962
1233	сщ	299	9.1326	3.9606
1234	хь	297	9.0715	3.9577
1235	чп	295	9.0104	3.9547
1236	д-	294	8.9799	3.9533
1237	pт	292	8.9188	3.9503
1237	yt	292	8.9188	3.9503
1238	єк	291	8.8883	3.9488
1239	aж	290	8.8577	3.9473
1239	eг	290	8.8577	3.9473
1240	ku	289	8.8272	3.9458
1240	бж	289	8.8272	3.9458
1241	-і	288	8.7966	3.9443
1241	aє	288	8.7966	3.9443
1242	pу	287	8.7661	3.9428
1242	rm	287	8.7661	3.9428
1242	мш	287	8.7661	3.9428
1242	ьo	287	8.7661	3.9428
1243	ёд	285	8.705	3.9398
1244	ob	283	8.6439	3.9367
1244	уі	283	8.6439	3.9367
1244	іґ	283	8.6439	3.9367
1245	af	282	8.6134	3.9352
1246	хё	281	8.5828	3.9336
1247	hy	279	8.5217	3.9305
1248	ph	278	8.4912	3.929
1248	чх	278	8.4912	3.929
1249	gl	277	8.4606	3.9274
1250	lk	276	8.4301	3.9258
1251	iч	275	8.3996	3.9243
1251	мy	275	8.3996	3.9243
1252	-ф	274	8.369	3.9227
1253	ps	272	8.3079	3.9195
1253	шш	272	8.3079	3.9195
1254	um	271	8.2774	3.9179
1255	eш	270	8.2468	3.9163
1255	ьэ	270	8.2468	3.9163
1256	cl	269	8.2163	3.9147
1256	df	269	8.2163	3.9147
1256	pн	269	8.2163	3.9147
1257	rv	268	8.1858	3.9131
1257	эб	268	8.1858	3.9131
1258	дp	267	8.1552	3.9114
1259	яэ	266	8.1247	3.9098
1260	aч	265	8.0941	3.9082
1260	гь	265	8.0941	3.9082
1261	лх	264	8.0636	3.9065
1262	gs	262	8.0025	3.9032
1262	фм	262	8.0025	3.9032
1263	кф	261	7.9719	3.9016
1264	tl	260	7.9414	3.8999
1264	аэ	260	7.9414	3.8999
1264	п-	260	7.9414	3.8999
1265	yc	259	7.9109	3.8982
1266	cн	258	7.8803	3.8965
1266	mp	258	7.8803	3.8965
1267	ue	256	7.8192	3.8932
1267	рo	256	7.8192	3.8932
1268	рe	255	7.7887	3.8915
1268	ў$	255	7.7887	3.8915
1269	ьc	254	7.7581	3.8898
1269	ґі	254	7.7581	3.8898
1270	mm	253	7.7276	3.888
1270	зi	253	7.7276	3.888
1271	жэ	251	7.6665	3.8846
1272	в-	250	7.636	3.8829
1273	-у	249	7.6054	3.8811
1273	ei	249	7.6054	3.8811
1273	цб	249	7.6054	3.8811
1274	чй	248	7.5749	3.8794
1275	тш	247	7.5443	3.8776
1276	-э	246	7.5138	3.8759
1276	^ў	246	7.5138	3.8759
1276	yв	246	7.5138	3.8759
1277	oa	245	7.4832	3.8741
1277	og	245	7.4832	3.8741
1277	yк	245	7.4832	3.8741
1278	aw	243	7.4222	3.8705
1279	зц	242	7.3916	3.8687
1279	эя	242	7.3916	3.8687
1280	чщ	241	7.3611	3.8669
1281	цэ	240	7.3305	3.8651
1281	чц	240	7.3305	3.8651
1282	aп	239	7.3	3.8633
1282	eo	239	7.3	3.8633
1282	чi	239	7.3	3.8633
1283	ks	238	7.2694	3.8615
1283	хд	238	7.2694	3.8615
1284	cc	237	7.2389	3.8597
1284	єц	237	7.2389	3.8597
1285	hr	234	7.1473	3.8541
1285	pu	234	7.1473	3.8541
1286	iб	233	7.1167	3.8523
1286	аъ	233	7.1167	3.8523
1287	rk	232	7.0862	3.8504
1288	рґ	231	7.0556	3.8485
1288	хч	231	7.0556	3.8485
1288	хя	231	7.0556	3.8485
1289	жж	230	7.0251	3.8467
1289	нy	230	7.0251	3.8467
1289	ґв	230	7.0251	3.8467
1290	hc	229	6.9945	3.8448
1290	ѕо	229	6.9945	3.8448
1290	іі	229	6.9945	3.8448
1291	vy	227	6.9335	3.841
1291	ьж	227	6.9335	3.841
1292	'v	226	6.9029	3.839
1292	г-	226	6.9029	3.839
1293	'д	225	6.8724	3.8371
1293	э-	225	6.8724	3.8371
1293	яи	225	6.8724	3.8371
1294	иp	223	6.8113	3.8332
1295	oe	222	6.7807	3.8313
1296	nl	221	6.7502	3.8293
1296	сз	221	6.7502	3.8293
1296	цц	221	6.7502	3.8293
1297	eк	218	6.6586	3.8234
1298	л-	217	6.628	3.8214
1299	гэ	214	6.5364	3.8153
1300	ew	213	6.5058	3.8133
1300	yr	213	6.5058	3.8133
1301	mb	212	6.4753	3.8113
1302	aш	211	6.4448	3.8092
1302	eв	211	6.4448	3.8092
1302	uk	211	6.4448	3.8092
1302	yм	211	6.4448	3.8092
1303	iр	210	6.4142	3.8071
1303	нґ	210	6.4142	3.8071
1303	ѕж	210	6.4142	3.8071
1304	eh	209	6.3837	3.8051
1304	ja	209	6.3837	3.8051
1304	sk	209	6.3837	3.8051
1304	пд	209	6.3837	3.8051
1304	ьп	209	6.3837	3.8051
1305	aг	208	6.3531	3.803
1305	вю	208	6.3531	3.803
1305	тг	208	6.3531	3.803
1305	х-	208	6.3531	3.803
1306	dd	207	6.3226	3.8009
1306	кд	207	6.3226	3.8009
1306	фщ	207	6.3226	3.8009
1307	щс	205	6.2615	3.7967
1308	ua	204	6.2309	3.7946
1308	бч	204	6.2309	3.7946
1309	-ш	200	6.1088	3.786
1309	iя	200	6.1088	3.786
1310	ax	199	6.0782	3.7838
1311	sl	198	6.0477	3.7816
1312	eu	197	6.0171	3.7794
1312	мъ	197	6.0171	3.7794
1313	jo	196	5.9866	3.7772
1313	зp	196	5.9866	3.7772
1314	ms	195	5.9561	3.775
1314	ub	195	5.9561	3.775
1314	жя	195	5.9561	3.775
1315	rg	194	5.9255	3.7727
1316	dn	193	5.895	3.7705
1316	qu	193	5.895	3.7705
1317	cв	192	5.8644	3.7682
1317	оі	192	5.8644	3.7682
1317	уc	192	5.8644	3.7682
1318	ёг	191	5.8339	3.766
1319	^ы	189	5.7728	3.7614
1319	рѕ	189	5.7728	3.7614
1319	чм	189	5.7728	3.7614
1320	дщ	188	5.7422	3.7591
1321	gd	186	5.6812	3.7544
1321	жa	186	5.6812	3.7544
1321	жс	186	5.6812	3.7544
1322	ft	185	5.6506	3.7521
1323	^z	184	5.6201	3.7497
1323	cx	184	5.6201	3.7497
1323	cо	184	5.6201	3.7497
1323	гх	184	5.6201	3.7497
1323	мд	184	5.6201	3.7497
1324	тф	183	5.5895	3.7474
1324	цд	183	5.5895	3.7474
1325	цс	182	5.559	3.745
1325	чю	182	5.559	3.745
1326	гя	181	5.5284	3.7426
1326	оґ	181	5.5284	3.7426
1326	тз	181	5.5284	3.7426
1326	щe	181	5.5284	3.7426
1327	lp	180	5.4979	3.7402
1327	ёк	180	5.4979	3.7402
1328	yл	179	5.4673	3.7378
1328	тc	179	5.4673	3.7378
1328	шi	179	5.4673	3.7378
1329	ьх	177	5.4063	3.7329
1330	sb	176	5.3757	3.7304
1331	кг	175	5.3452	3.728
1331	сo	175	5.3452	3.728
1332	зё	173	5.2841	3.723
1332	о'	173	5.2841	3.723
1333	pя	172	5.2535	3.7204
1333	rc	172	5.2535	3.7204
1334	mи	170	5.1925	3.7154
1334	tf	170	5.1925	3.7154
1334	вф	170	5.1925	3.7154
1334	цр	170	5.1925	3.7154
1335	hd	169	5.1619	3.7128
1335	шa	169	5.1619	3.7128
1336	cu	168	5.1314	3.7102
1336	ёй	168	5.1314	3.7102
1336	ґд	168	5.1314	3.7102
1337	ii	166	5.0703	3.705
1337	y'	166	5.0703	3.705
1337	жм	166	5.0703	3.705
1337	зo	166	5.0703	3.705
1337	хб	166	5.0703	3.705
1337	єг	166	5.0703	3.705
1338	yb	165	5.0397	3.7024
1338	пв	165	5.0397	3.7024
1339	cм	164	5.0092	3.6998
1339	ґу	164	5.0092	3.6998
1340	жщ	163	4.9786	3.6971
1341	yд	162	4.9481	3.6944
1341	зх	162	4.9481	3.6944
1341	зю	162	4.9481	3.6944
1341	лщ	162	4.9481	3.6944
1342	nw	161	4.9176	3.6918
1343	oї	160	4.887	3.689
1343	v$	160	4.887	3.689
1343	еґ	160	4.887	3.689
1343	жц	160	4.887	3.689
1344	eз	159	4.8565	3.6863
1344	sy	159	4.8565	3.6863
1345	pt	158	4.8259	3.6836
1346	pі	157	4.7954	3.6808
1346	єя	157	4.7954	3.6808
1347	ox	156	4.7648	3.678
1348	eb	155	4.7343	3.6753
1348	nu	155	4.7343	3.6753
1348	гз	155	4.7343	3.6753
1349	tw	154	4.7038	3.6724
1349	кя	154	4.7038	3.6724
1350	oy	153	4.6732	3.6696
1351	ib	152	4.6427	3.6668
1351	iє	152	4.6427	3.6668
1351	oр	152	4.6427	3.6668
1351	ud	152	4.6427	3.6668
1352	cю	151	4.6121	3.6639
1352	vo	151	4.6121	3.6639
1353	j$	150	4.5816	3.661
1353	xо	150	4.5816	3.661
1353	дъ	150	4.5816	3.661
1353	еc	150	4.5816	3.661
1354	-и	149	4.551	3.6581
1354	o-	149	4.551	3.6581
1354	жю	149	4.551	3.6581
1354	зy	149	4.551	3.6581
1354	ё-	149	4.551	3.6581
1355	-щ	148	4.5205	3.6552
1355	^µ	148	4.5205	3.6552
1355	lf	148	4.5205	3.6552
1355	ёж	148	4.5205	3.6552
1356	ky	147	4.4899	3.6522
1356	sт	147	4.4899	3.6522
1356	жi	147	4.4899	3.6522
1357	lm	146	4.4594	3.6493
1357	oя	146	4.4594	3.6493
1358	йc	145	4.4289	3.6463
1358	ы-	145	4.4289	3.6463
1359	жв	144	4.3983	3.6433
1359	жр	144	4.3983	3.6433
1359	пг	144	4.3983	3.6433
1359	чв	144	4.3983	3.6433
1360	du	143	4.3678	3.6403
1360	iю	143	4.3678	3.6403
1360	чр	143	4.3678	3.6403
1361	tы	142	4.3372	3.6372
1361	б-	142	4.3372	3.6372
1361	гp	142	4.3372	3.6372
1361	ёв	142	4.3372	3.6372
1362	бз	141	4.3067	3.6341
1363	hе	139	4.2456	3.6279
1363	uy	139	4.2456	3.6279
1363	шo	139	4.2456	3.6279
1364	ёч	138	4.2151	3.6248
1365	oх	137	4.1845	3.6216
1365	sn	137	4.1845	3.6216
1365	xa	137	4.1845	3.6216
1365	yi	137	4.1845	3.6216
1365	эе	137	4.1845	3.6216
1366	dc	136	4.154	3.6185
1366	tc	136	4.154	3.6185
1366	za	136	4.154	3.6185
1366	иe	136	4.154	3.6185
1367	сж	135	4.1234	3.6153
1368	уp	134	4.0929	3.612
1369	эз	133	4.0623	3.6088
1369	ѕя	133	4.0623	3.6088
1369	јч	133	4.0623	3.6088
1370	sm	132	4.0318	3.6055
1370	аі	132	4.0318	3.6055
1370	йf	132	4.0318	3.6055
1370	кf	132	4.0318	3.6055
1370	мг	132	4.0318	3.6055
1370	ч-	132	4.0318	3.6055
1371	^q	131	4.0012	3.6022
1371	aa	131	4.0012	3.6022
1372	bи	129	3.9402	3.5955
1372	xp	129	3.9402	3.5955
1372	шц	129	3.9402	3.5955
1373	fl	128	3.9096	3.5921
1373	je	128	3.9096	3.5921
1373	oш	128	3.9096	3.5921
1374	hі	127	3.8791	3.5887
1374	цх	127	3.8791	3.5887
1374	ээ	127	3.8791	3.5887
1375	yn	125	3.818	3.5818
1375	уь	125	3.818	3.5818
1376	iж	124	3.7874	3.5783
1376	лр	124	3.7874	3.5783
1376	хх	124	3.7874	3.5783
1377	xc	123	3.7569	3.5748
1378	чy	122	3.7263	3.5713
1378	щм	122	3.7263	3.5713
1378	єл	122	3.7263	3.5713
1379	кё	121	3.6958	3.5677
1380	гi	120	3.6653	3.5641
1380	ыц	120	3.6653	3.5641
1380	ёх	120	3.6653	3.5641
1380	їк	120	3.6653	3.5641
1381	гы	119	3.6347	3.5605
1381	їў	119	3.6347	3.5605
1382	aя	118	3.6042	3.5568
1382	eп	118	3.6042	3.5568
1382	iг	118	3.6042	3.5568
1383	ml	117	3.5736	3.5531
1384	e-	116	3.5431	3.5494
1384	hk	116	3.5431	3.5494
1384	yu	116	3.5431	3.5494
1384	жп	116	3.5431	3.5494
1384	цф	116	3.5431	3.5494
1385	iх	115	3.5125	3.5456
1385	пб	115	3.5125	3.5456
1385	ш-	115	3.5125	3.5456
1386	az	114	3.482	3.5418
1386	eж	114	3.482	3.5418
1386	oє	114	3.482	3.5418
1386	жт	114	3.482	3.5418
1387	eч	113	3.4515	3.538
1388	ѕє	112	3.4209	3.5341
1389	bc	111	3.3904	3.5303
1389	ze	111	3.3904	3.5303
1389	зй	111	3.3904	3.5303
1390	лy	110	3.3598	3.5263
1390	хi	110	3.3598	3.5263
1390	шб	110	3.3598	3.5263
1391	hb	109	3.3293	3.5224
1391	йє	109	3.3293	3.5224
1391	мщ	109	3.3293	3.5224
1392	ji	108	3.2987	3.5183
1392	вэ	108	3.2987	3.5183
1392	фi	108	3.2987	3.5183
1393	pм	107	3.2682	3.5143
1393	рµ	107	3.2682	3.5143
1393	ѕр	107	3.2682	3.5143
1394	vu	106	3.2376	3.5102
1394	кe	106	3.2376	3.5102
1395	cе	105	3.2071	3.5061
1395	ek	105	3.2071	3.5061
1395	rp	105	3.2071	3.5061
1396	nr	102	3.1155	3.4935
1396	вє	102	3.1155	3.4935
1396	къ	102	3.1155	3.4935
1397	cу	101	3.0849	3.4892
1397	sк	101	3.0849	3.4892
1397	хй	101	3.0849	3.4892
1397	чэ	101	3.0849	3.4892
1397	ёё	101	3.0849	3.4892
1398	yv	99	3.0238	3.4806
1398	z$	99	3.0238	3.4806
1399	hn	98	2.9933	3.4762
1399	тy	98	2.9933	3.4762
1399	чз	98	2.9933	3.4762
1399	юь	98	2.9933	3.4762
1400	вй	97	2.9628	3.4717
1400	еі	97	2.9628	3.4717
1400	пъ	97	2.9628	3.4717
1400	х'	97	2.9628	3.4717
1400	щф	97	2.9628	3.4717
1401	gg	96	2.9322	3.4672
1401	sя	96	2.9322	3.4672
1401	хп	96	2.9322	3.4672
1401	єч	96	2.9322	3.4672
1401	ј$	96	2.9322	3.4672
1402	iц	95	2.9017	3.4627
1402	эх	95	2.9017	3.4627
1403	bb	94	2.8711	3.458
1403	xb	94	2.8711	3.458
1403	иё	94	2.8711	3.458
1403	оe	94	2.8711	3.458
1403	эц	94	2.8711	3.458
1403	юъ	94	2.8711	3.458
1403	іc	94	2.8711	3.458
1403	ґл	94	2.8711	3.458
1404	hу	93	2.8406	3.4534
1404	бп	93	2.8406	3.4534
1404	єб	93	2.8406	3.4534
1405	лц	92	2.81	3.4487
1406	iп	91	2.7795	3.444
1407	hи	90	2.7489	3.4392
1407	pj	90	2.7489	3.4392
1407	кy	90	2.7489	3.4392
1407	хъ	90	2.7489	3.4392
1408	-ж	89	2.7184	3.4343
1408	pю	89	2.7184	3.4343
1408	вy	89	2.7184	3.4343
1408	йщ	89	2.7184	3.4343
1408	сѓ	89	2.7184	3.4343
1408	хз	89	2.7184	3.4343
1409	'd	88	2.6879	3.4294
1409	iї	88	2.6879	3.4294
1409	nf	88	2.6879	3.4294
1409	эо	88	2.6879	3.4294
1410	hm	87	2.6573	3.4244
1410	rz	87	2.6573	3.4244
1410	µй	87	2.6573	3.4244
1410	дc	87	2.6573	3.4244
1410	дф	87	2.6573	3.4244
1410	цл	87	2.6573	3.4244
1410	ыщ	87	2.6573	3.4244
1411	aj	86	2.6268	3.4194
1411	pш	86	2.6268	3.4194
1412	hh	85	2.5962	3.4143
1412	µе	85	2.5962	3.4143
1412	тъ	85	2.5962	3.4143
1412	фч	85	2.5962	3.4143
1413	ix	84	2.5657	3.4092
1413	yp	84	2.5657	3.4092
1413	µ$	84	2.5657	3.4092
1413	цз	84	2.5657	3.4092
1413	яї	84	2.5657	3.4092
1414	-ц	83	2.5351	3.404
1414	iz	83	2.5351	3.404
1414	l'	83	2.5351	3.404
1414	rb	83	2.5351	3.404
1415	mr	82	2.5046	3.3987
1415	жг	82	2.5046	3.3987
1415	иь	82	2.5046	3.3987
1415	ѕи	82	2.5046	3.3987
1415	ја	82	2.5046	3.3987
1416	hs	81	2.4741	3.3934
1416	xi	81	2.4741	3.3934
1416	yf	81	2.4741	3.3934
1416	µµ	81	2.4741	3.3934
1416	ър	81	2.4741	3.3934
1417	ъё	80	2.4435	3.388
1417	єз	80	2.4435	3.388
1418	ao	79	2.413	3.3826
1418	wr	79	2.413	3.3826
1418	їя	79	2.413	3.3826
1419	eщ	78	2.3824	3.377
1419	ws	78	2.3824	3.377
1419	н'	78	2.3824	3.377
1419	шy	78	2.3824	3.377
1419	ѕа	78	2.3824	3.377
1419	їр	78	2.3824	3.377
1420	-o	77	2.3519	3.3714
1420	sв	77	2.3519	3.3714
1421	pк	76	2.3213	3.3657
1421	sw	76	2.3213	3.3657
1421	xt	76	2.3213	3.3657
1422	bs	75	2.2908	3.36
1422	eц	75	2.2908	3.36
1422	kr	75	2.2908	3.36
1422	зъ	75	2.2908	3.36
1422	хш	75	2.2908	3.36
1422	юc	75	2.2908	3.36
1423	'к	74	2.2602	3.3541
1423	dl	74	2.2602	3.3541
1423	эи	74	2.2602	3.3541
1423	єж	74	2.2602	3.3541
1424	bо	73	2.2297	3.3482
1424	yт	73	2.2297	3.3482
1424	yю	73	2.2297	3.3482
1424	юо	73	2.2297	3.3482
1424	ёа	73	2.2297	3.3482
1425	cf	72	2.1992	3.3423
1426	hа	71	2.1686	3.3362
1426	tа	71	2.1686	3.3362
1426	кє	71	2.1686	3.3362
1426	нc	71	2.1686	3.3362
1426	цѕ	71	2.1686	3.3362
1426	эщ	71	2.1686	3.3362
1426	єй	71	2.1686	3.3362
1427	'м	70	2.1381	3.33
1427	hо	70	2.1381	3.33
1427	hт	70	2.1381	3.33
1427	mы	70	2.1381	3.33
1427	pд	70	2.1381	3.33
1427	xe	70	2.1381	3.33
1427	нъ	70	2.1381	3.33
1427	сє	70	2.1381	3.33
1427	фг	70	2.1381	3.33
1427	хo	70	2.1381	3.33
1428	aц	69	2.1075	3.3238
1428	µр	69	2.1075	3.3238
1428	гe	69	2.1075	3.3238
1428	пз	69	2.1075	3.3238
1428	фн	69	2.1075	3.3238
1429	a-	68	2.077	3.3174
1429	gn	68	2.077	3.3174
1429	iщ	68	2.077	3.3174
1429	rh	68	2.077	3.3174
1429	въ	68	2.077	3.3174
1429	лc	68	2.077	3.3174
1429	цм	68	2.077	3.3174
1429	цщ	68	2.077	3.3174
1429	єј	68	2.077	3.3174
1429	їа	68	2.077	3.3174
1429	їц	68	2.077	3.3174
1430	чф	67	2.0464	3.311
1431	'п	66	2.0159	3.3045
1431	мc	66	2.0159	3.3045
1431	ыx	66	2.0159	3.3045
1431	ѕе	66	2.0159	3.3045
1432	lv	65	1.9854	3.2978
1432	oф	65	1.9854	3.2978
1432	rf	65	1.9854	3.2978
1432	еы	65	1.9854	3.2978
1432	уё	65	1.9854	3.2978
1432	цй	65	1.9854	3.2978
1432	ґз	65	1.9854	3.2978
1433	'н	64	1.9548	3.2911
1433	aщ	64	1.9548	3.2911
1433	рє	64	1.9548	3.2911
1433	хю	64	1.9548	3.2911
1433	їб	64	1.9548	3.2911
1434	a'	63	1.9243	3.2843
1434	nb	63	1.9243	3.2843
1434	pc	63	1.9243	3.2843
1434	yп	63	1.9243	3.2843
1434	бє	63	1.9243	3.2843
1434	вp	63	1.9243	3.2843
1434	жѕ	63	1.9243	3.2843
1435	i-	62	1.8937	3.2773
1435	mn	62	1.8937	3.2773
1435	mо	62	1.8937	3.2773
1435	uf	62	1.8937	3.2773
1436	sr	61	1.8632	3.2703
1436	аь	61	1.8632	3.2703
1436	жy	61	1.8632	3.2703
1436	зe	61	1.8632	3.2703
1436	йи	61	1.8632	3.2703
1436	хa	61	1.8632	3.2703
1436	шя	61	1.8632	3.2703
1437	'б	60	1.8326	3.2631
1437	-h	60	1.8326	3.2631
1437	yч	60	1.8326	3.2631
1437	фд	60	1.8326	3.2631
1437	ѕг	60	1.8326	3.2631
1438	lw	59	1.8021	3.2558
1438	дє	59	1.8021	3.2558
1438	жз	59	1.8021	3.2558
1438	у'	59	1.8021	3.2558
1438	яа	59	1.8021	3.2558
1439	bы	58	1.7715	3.2483
1439	dg	58	1.7715	3.2483
1439	yє	58	1.7715	3.2483
1439	зѕ	58	1.7715	3.2483
1439	с'	58	1.7715	3.2483
1439	хж	58	1.7715	3.2483
1439	єо	58	1.7715	3.2483
1440	'е	57	1.741	3.2408
1440	aе	57	1.741	3.2408
1440	tp	57	1.741	3.2408
1440	xи	57	1.741	3.2408
1440	yг	57	1.741	3.2408
1440	г'	57	1.741	3.2408
1440	иі	57	1.741	3.2408
1440	пy	57	1.741	3.2408
1440	тщ	57	1.741	3.2408
1440	ёф	57	1.741	3.2408
1440	їx	57	1.741	3.2408
1440	јц	57	1.741	3.2408
1441	gy	56	1.7105	3.2331
1441	lй	56	1.7105	3.2331
1441	t-	56	1.7105	3.2331
1441	гщ	56	1.7105	3.2331
1441	ф-	56	1.7105	3.2331
1441	фж	56	1.7105	3.2331
1441	хц	56	1.7105	3.2331
1441	ѕш	56	1.7105	3.2331
1442	h-	55	1.6799	3.2253
1442	pо	55	1.6799	3.2253
1442	tе	55	1.6799	3.2253
1442	yб	55	1.6799	3.2253
1443	sп	54	1.6494	3.2173
1443	аы	54	1.6494	3.2173
1443	йэ	54	1.6494	3.2173
1443	ыe	54	1.6494	3.2173
1443	ґн	54	1.6494	3.2173
1444	lc	53	1.6188	3.2092
1444	o'	53	1.6188	3.2092
1444	sі	53	1.6188	3.2092
1444	tо	53	1.6188	3.2092
1444	зї	53	1.6188	3.2092
1444	ъѕ	53	1.6188	3.2092
1444	ґж	53	1.6188	3.2092
1445	dv	52	1.5883	3.2009
1445	lb	52	1.5883	3.2009
1445	lr	52	1.5883	3.2009
1445	r-	52	1.5883	3.2009
1445	sц	52	1.5883	3.2009
1445	zo	52	1.5883	3.2009
1445	фк	52	1.5883	3.2009
1445	яc	52	1.5883	3.2009
1446	-f	51	1.5577	3.1925
1446	cі	51	1.5577	3.1925
1446	gp	51	1.5577	3.1925
1446	hl	51	1.5577	3.1925
1446	xт	51	1.5577	3.1925
1446	yш	51	1.5577	3.1925
1446	а'	51	1.5577	3.1925
1446	ыу	51	1.5577	3.1925
1446	ьа	51	1.5577	3.1925
1447	µз	50	1.5272	3.1839
1447	жх	50	1.5272	3.1839
1447	мж	50	1.5272	3.1839
1447	щa	50	1.5272	3.1839
1447	јр	50	1.5272	3.1839
1448	cb	49	1.4966	3.1751
1448	pс	49	1.4966	3.1751
1448	rw	49	1.4966	3.1751
1448	и'	49	1.4966	3.1751
1448	фe	49	1.4966	3.1751
1448	эа	49	1.4966	3.1751
1448	эь	49	1.4966	3.1751
1449	cд	48	1.4661	3.1662
1449	иґ	48	1.4661	3.1662
1449	мє	48	1.4661	3.1662
1449	чµ	48	1.4661	3.1662
1449	јл	48	1.4661	3.1662
1450	d'	47	1.4356	3.157
1450	yl	47	1.4356	3.157
1450	рc	47	1.4356	3.157
1450	ъд	47	1.4356	3.157
1450	ък	47	1.4356	3.157
1450	ѕ$	47	1.4356	3.157
1451	'р	46	1.405	3.1477
1451	nm	46	1.405	3.1477
1451	ym	46	1.405	3.1477
1451	бѕ	46	1.405	3.1477
1451	й'	46	1.405	3.1477
1451	цё	46	1.405	3.1477
1452	bі	45	1.3745	3.1381
1452	dh	45	1.3745	3.1381
1452	dm	45	1.3745	3.1381
1452	eс	45	1.3745	3.1381
1452	nv	45	1.3745	3.1381
1452	зґ	45	1.3745	3.1381
1452	шщ	45	1.3745	3.1381
1452	ёя	45	1.3745	3.1381
1453	'в	44	1.3439	3.1284
1453	cч	44	1.3439	3.1284
1453	sа	44	1.3439	3.1284
1453	еѕ	44	1.3439	3.1284
1453	кc	44	1.3439	3.1284
1453	мѕ	44	1.3439	3.1284
1453	сђ	44	1.3439	3.1284
1453	фo	44	1.3439	3.1284
1454	-t	43	1.3134	3.1184
1454	ez	43	1.3134	3.1184
1454	ih	43	1.3134	3.1184
1454	xв	43	1.3134	3.1184
1454	yw	43	1.3134	3.1184
1454	шй	43	1.3134	3.1184
1454	шэ	43	1.3134	3.1184
1454	ѕк	43	1.3134	3.1184
1455	dв	42	1.2828	3.1082
1455	iq	42	1.2828	3.1082
1455	iy	42	1.2828	3.1082
1455	oи	42	1.2828	3.1082
1455	pг	42	1.2828	3.1082
1455	q$	42	1.2828	3.1082
1455	zy	42	1.2828	3.1082
1455	ж-	42	1.2828	3.1082
1455	фґ	42	1.2828	3.1082
1455	цa	42	1.2828	3.1082
1455	ъб	42	1.2828	3.1082
1455	іp	42	1.2828	3.1082
1456	-m	41	1.2523	3.0977
1456	bf	41	1.2523	3.0977
1456	cц	41	1.2523	3.0977
1456	s-	41	1.2523	3.0977
1456	µґ	41	1.2523	3.0977
1456	ръ	41	1.2523	3.0977
1456	фш	41	1.2523	3.0977
1456	шз	41	1.2523	3.0977
1456	ўё	41	1.2523	3.0977
1457	gw	40	1.2218	3.087
1457	kl	40	1.2218	3.087
1457	pц	40	1.2218	3.087
1457	µї	40	1.2218	3.087
1457	дї	40	1.2218	3.087
1457	йї	40	1.2218	3.087
1457	ыc	40	1.2218	3.087
1457	ёо	40	1.2218	3.087
1458	-a	39	1.1912	3.076
1458	iо	39	1.1912	3.076
1458	yн	39	1.1912	3.076
1459	'т	38	1.1607	3.0647
1459	db	38	1.1607	3.0647
1459	lg	38	1.1607	3.0647
1459	oщ	38	1.1607	3.0647
1459	pв	38	1.1607	3.0647
1459	оp	38	1.1607	3.0647
1459	рї	38	1.1607	3.0647
1459	чд	38	1.1607	3.0647
1459	чє	38	1.1607	3.0647
1459	ѓр	38	1.1607	3.0647
1459	ѕс	38	1.1607	3.0647
1460	'а	37	1.1301	3.0531
1460	'з	37	1.1301	3.0531
1460	iа	37	1.1301	3.0531
1460	zu	37	1.1301	3.0531
1460	шю	37	1.1301	3.0531
1460	щю	37	1.1301	3.0531
1461	n-	36	1.0996	3.0412
1461	oц	36	1.0996	3.0412
1461	pп	36	1.0996	3.0412
1461	pь	36	1.0996	3.0412
1461	sv	36	1.0996	3.0412
1461	sо	36	1.0996	3.0412
1461	uj	36	1.0996	3.0412
1461	zi	36	1.0996	3.0412
1461	zz	36	1.0996	3.0412
1461	шѕ	36	1.0996	3.0412
1461	ёґ	36	1.0996	3.0412
1461	єё	36	1.0996	3.0412
1462	'a	35	1.069	3.029
1462	m-	35	1.069	3.029
1462	sм	35	1.069	3.029
1462	sр	35	1.069	3.029
1462	uz	35	1.069	3.029
1462	wl	35	1.069	3.029
1462	µс	35	1.069	3.029
1462	к'	35	1.069	3.029
1462	оi	35	1.069	3.029
1462	рј	35	1.069	3.029
1462	фa	35	1.069	3.029
1462	шє	35	1.069	3.029
1462	јт	35	1.069	3.029
1463	d-	34	1.0385	3.0164
1463	yз	34	1.0385	3.0164
1463	пc	34	1.0385	3.0164
1463	фp	34	1.0385	3.0164
1463	ыю	34	1.0385	3.0164
1463	јф	34	1.0385	3.0164
1464	-i	33	1.0079	3.0034
1464	-ё	33	1.0079	3.0034
1464	cы	33	1.0079	3.0034
1464	lх	33	1.0079	3.0034
1464	pб	33	1.0079	3.0034
1464	sн	33	1.0079	3.0034
1464	yй	33	1.0079	3.0034
1464	зє	33	1.0079	3.0034
1464	сњ	33	1.0079	3.0034
1464	цє	33	1.0079	3.0034
1464	ёѕ	33	1.0079	3.0034
1464	ђр	33	1.0079	3.0034
1464	ѕъ	33	1.0079	3.0034
1465	aх	32	0.9774	2.9901
1465	fb	32	0.9774	2.9901
1465	nj	32	0.9774	2.9901
1465	tі	32	0.9774	2.9901
1465	фы	32	0.9774	2.9901
1465	цг	32	0.9774	2.9901
1465	цґ	32	0.9774	2.9901
1465	юї	32	0.9774	2.9901
1465	ѓс	32	0.9774	2.9901
1465	єу	32	0.9774	2.9901
1465	іў	32	0.9774	2.9901
1466	eq	31	0.9469	2.9763
1466	sd	31	0.9469	2.9763
1466	tz	31	0.9469	2.9763
1466	жґ	31	0.9469	2.9763
1466	лґ	31	0.9469	2.9763
1466	ўј	31	0.9469	2.9763
1466	ґс	31	0.9469	2.9763
1467	'c	30	0.9163	2.962
1467	bt	30	0.9163	2.962
1467	cd	30	0.9163	2.962
1467	iu	30	0.9163	2.962
1467	y-	30	0.9163	2.962
1467	жo	30	0.9163	2.962
1467	оь	30	0.9163	2.962
1467	хґ	30	0.9163	2.962
1467	ъм	30	0.9163	2.962
1467	ьe	30	0.9163	2.962
1468	bm	29	0.8858	2.9473
1468	eе	29	0.8858	2.9473
1468	gt	29	0.8858	2.9473
1468	mc	29	0.8858	2.9473
1468	mа	29	0.8858	2.9473
1468	mэ	29	0.8858	2.9473
1468	r'	29	0.8858	2.9473
1468	sq	29	0.8858	2.9473
1468	tv	29	0.8858	2.9473
1468	uu	29	0.8858	2.9473
1468	vb	29	0.8858	2.9473
1468	zh	29	0.8858	2.9473
1468	гъ	29	0.8858	2.9473
1468	еe	29	0.8858	2.9473
1468	уx	29	0.8858	2.9473
1468	ѕл	29	0.8858	2.9473
1468	ўб	29	0.8858	2.9473
1469	-l	28	0.8552	2.9321
1469	eю	28	0.8552	2.9321
1469	mі	28	0.8552	2.9321
1469	sд	28	0.8552	2.9321
1469	tв	28	0.8552	2.9321
1469	вѕ	28	0.8552	2.9321
1469	зщ	28	0.8552	2.9321
1469	иo	28	0.8552	2.9321
1469	мґ	28	0.8552	2.9321
1469	оx	28	0.8552	2.9321
1469	уe	28	0.8552	2.9321
1469	чў	28	0.8552	2.9321
1469	эж	28	0.8552	2.9321
1469	ѕз	28	0.8552	2.9321
1469	ју	28	0.8552	2.9321
1469	ўи	28	0.8552	2.9321
1470	'e	27	0.8247	2.9163
1470	aф	27	0.8247	2.9163
1470	cэ	27	0.8247	2.9163
1470	lе	27	0.8247	2.9163
1470	sз	27	0.8247	2.9163
1470	sщ	27	0.8247	2.9163
1470	иµ	27	0.8247	2.9163
1470	ї-	27	0.8247	2.9163
1470	їч	27	0.8247	2.9163
1470	ўл	27	0.8247	2.9163
1470	ґи	27	0.8247	2.9163
1470	ґю	27	0.8247	2.9163
1471	-c	26	0.7941	2.8999
1471	fп	26	0.7941	2.8999
1471	kk	26	0.7941	2.8999
1471	mн	26	0.7941	2.8999
1471	oz	26	0.7941	2.8999
1471	sб	26	0.7941	2.8999
1471	tm	26	0.7941	2.8999
1471	tn	26	0.7941	2.8999
1471	w'	26	0.7941	2.8999
1471	í$	26	0.7941	2.8999
1471	аx	26	0.7941	2.8999
1471	бµ	26	0.7941	2.8999
1471	йѕ	26	0.7941	2.8999
1471	ъа	26	0.7941	2.8999
1471	ыа	26	0.7941	2.8999
1471	ѕт	26	0.7941	2.8999
1471	ўн	26	0.7941	2.8999
1471	ўу	26	0.7941	2.8999
1472	-s	25	0.7636	2.8829
1472	cs	25	0.7636	2.8829
1472	ej	25	0.7636	2.8829
1472	fd	25	0.7636	2.8829
1472	yx	25	0.7636	2.8829
1472	zf	25	0.7636	2.8829
1472	вµ	25	0.7636	2.8829
1472	гј	25	0.7636	2.8829
1472	лъ	25	0.7636	2.8829
1472	уi	25	0.7636	2.8829
1472	шc	25	0.7636	2.8829
1472	єє	25	0.7636	2.8829
1472	ўс	25	0.7636	2.8829
1473	-r	24	0.7331	2.8652
1473	cj	24	0.7331	2.8652
1473	eї	24	0.7331	2.8652
1473	gm	24	0.7331	2.8652
1473	yж	24	0.7331	2.8652
1473	тѕ	24	0.7331	2.8652
1473	щѕ	24	0.7331	2.8652
1473	ьї	24	0.7331	2.8652
1473	ёµ	24	0.7331	2.8652
1474	'с	23	0.7025	2.8466
1474	kd	23	0.7025	2.8466
1474	l-	23	0.7025	2.8466
1474	pл	23	0.7025	2.8466
1474	xf	23	0.7025	2.8466
1474	бў	23	0.7025	2.8466
1474	вґ	23	0.7025	2.8466
1474	гф	23	0.7025	2.8466
1474	иh	23	0.7025	2.8466
1474	кѕ	23	0.7025	2.8466
1474	ш'	23	0.7025	2.8466
1474	щi	23	0.7025	2.8466
1474	юp	23	0.7025	2.8466
1474	юэ	23	0.7025	2.8466
1474	яe	23	0.7025	2.8466
1474	є-	23	0.7025	2.8466
1474	єа	23	0.7025	2.8466
1474	ѕґ	23	0.7025	2.8466
1474	ґґ	23	0.7025	2.8466
1475	fy	22	0.672	2.8274
1475	kh	22	0.672	2.8274
1475	ln	22	0.672	2.8274
1475	oj	22	0.672	2.8274
1475	p-	22	0.672	2.8274
1475	rx	22	0.672	2.8274
1475	tу	22	0.672	2.8274
1475	vd	22	0.672	2.8274
1475	yd	22	0.672	2.8274
1475	аh	22	0.672	2.8274
1475	бc	22	0.672	2.8274
1475	вї	22	0.672	2.8274
1475	дў	22	0.672	2.8274
1475	оµ	22	0.672	2.8274
1475	о́	22	0.672	2.8274
1475	оъ	22	0.672	2.8274
1475	фц	22	0.672	2.8274
1475	чы	22	0.672	2.8274
1475	щг	22	0.672	2.8274
1475	і'	22	0.672	2.8274
1476	-b	21	0.6414	2.8071
1476	-d	21	0.6414	2.8071
1476	-p	21	0.6414	2.8071
1476	cа	21	0.6414	2.8071
1476	dj	21	0.6414	2.8071
1476	mе	21	0.6414	2.8071
1476	nh	21	0.6414	2.8071
1476	pж	21	0.6414	2.8071
1476	tb	21	0.6414	2.8071
1476	án	21	0.6414	2.8071
1476	́$	21	0.6414	2.8071
1476	аc	21	0.6414	2.8071
1476	сџ	21	0.6414	2.8071
1476	чї	21	0.6414	2.8071
1476	щя	21	0.6414	2.8071
1476	ёї	21	0.6414	2.8071
1476	єґ	21	0.6414	2.8071
1476	їо	21	0.6414	2.8071
1476	їі	21	0.6414	2.8071
1476	ўа	21	0.6414	2.8071
1477	-є	20	0.6109	2.786
1477	aс	20	0.6109	2.786
1477	dú	20	0.6109	2.786
1477	eи	20	0.6109	2.786
1477	fк	20	0.6109	2.786
1477	hp	20	0.6109	2.786
1477	sс	20	0.6109	2.786
1477	tk	20	0.6109	2.786
1477	tр	20	0.6109	2.786
1477	yи	20	0.6109	2.786
1477	zm	20	0.6109	2.786
1477	бґ	20	0.6109	2.786
1477	дґ	20	0.6109	2.786
1477	л'	20	0.6109	2.786
1477	мp	20	0.6109	2.786
1477	ъв	20	0.6109	2.786
1477	ъл	20	0.6109	2.786
1477	яґ	20	0.6109	2.786
1477	ѓ$	20	0.6109	2.786
1477	єе	20	0.6109	2.786
1477	їѕ	20	0.6109	2.786
1478	cp	19	0.5803	2.7637
1478	hд	19	0.5803	2.7637
1478	iе	19	0.5803	2.7637
1478	pф	19	0.5803	2.7637
1478	xн	19	0.5803	2.7637
1478	а́	19	0.5803	2.7637
1478	гё	19	0.5803	2.7637
1478	еo	19	0.5803	2.7637
1478	жє	19	0.5803	2.7637
1478	иa	19	0.5803	2.7637
1478	иt	19	0.5803	2.7637
1478	иј	19	0.5803	2.7637
1478	йі	19	0.5803	2.7637
1478	ьi	19	0.5803	2.7637
1478	ьґ	19	0.5803	2.7637
1478	эъ	19	0.5803	2.7637
1478	ёъ	19	0.5803	2.7637
1478	јє	19	0.5803	2.7637
1479	dw	18	0.5498	2.7402
1479	hw	18	0.5498	2.7402
1479	mf	18	0.5498	2.7402
1479	pы	18	0.5498	2.7402
1479	tк	18	0.5498	2.7402
1479	ux	18	0.5498	2.7402
1479	еh	18	0.5498	2.7402
1479	еv	18	0.5498	2.7402
1479	шф	18	0.5498	2.7402
1479	ъг	18	0.5498	2.7402
1479	ъф	18	0.5498	2.7402
1479	эѕ	18	0.5498	2.7402
1479	яѕ	18	0.5498	2.7402
1479	ґф	18	0.5498	2.7402
1480	-e	17	0.5192	2.7153
1480	-ю	17	0.5192	2.7153
1480	bк	17	0.5192	2.7153
1480	cб	17	0.5192	2.7153
1480	dk	17	0.5192	2.7153
1480	f-	17	0.5192	2.7153
1480	iу	17	0.5192	2.7153
1480	mh	17	0.5192	2.7153
1480	má	17	0.5192	2.7153
1480	vю	17	0.5192	2.7153
1480	wm	17	0.5192	2.7153
1480	úl	17	0.5192	2.7153
1480	аm	17	0.5192	2.7153
1480	аў	17	0.5192	2.7153
1480	гц	17	0.5192	2.7153
1480	лѕ	17	0.5192	2.7153
1480	мї	17	0.5192	2.7153
1480	т'	17	0.5192	2.7153
1480	ф'	17	0.5192	2.7153
1480	хp	17	0.5192	2.7153
1480	чѕ	17	0.5192	2.7153
1480	шх	17	0.5192	2.7153
1480	щл	17	0.5192	2.7153
1480	эю	17	0.5192	2.7153
1480	юі	17	0.5192	2.7153
1480	їф	17	0.5192	2.7153
1480	їё	17	0.5192	2.7153
1480	јѕ	17	0.5192	2.7153
1480	њ$	17	0.5192	2.7153
1480	њр	17	0.5192	2.7153
1480	ґх	17	0.5192	2.7153
1480	ґє	17	0.5192	2.7153
1481	'х	16	0.4887	2.689
1481	aу	16	0.4887	2.689
1481	bа	16	0.4887	2.689
1481	eя	16	0.4887	2.689
1481	iф	16	0.4887	2.689
1481	lд	16	0.4887	2.689
1481	lл	16	0.4887	2.689
1481	lн	16	0.4887	2.689
1481	lш	16	0.4887	2.689
1481	md	16	0.4887	2.689
1481	pb	16	0.4887	2.689
1481	rе	16	0.4887	2.689
1481	sг	16	0.4887	2.689
1481	ај	16	0.4887	2.689
1481	жй	16	0.4887	2.689
1481	зh	16	0.4887	2.689
1481	кґ	16	0.4887	2.689
1481	ој	16	0.4887	2.689
1481	оў	16	0.4887	2.689
1481	рy	16	0.4887	2.689
1481	щк	16	0.4887	2.689
1481	ъы	16	0.4887	2.689
1481	ъґ	16	0.4887	2.689
1481	юы	16	0.4887	2.689
1481	ёі	16	0.4887	2.689
1481	іё	16	0.4887	2.689
1481	ўк	16	0.4887	2.689
1481	ўґ	16	0.4887	2.689
1481	ґт	16	0.4887	2.689
1482	-w	15	0.4582	2.6611
1482	fа	15	0.4582	2.6611
1482	hя	15	0.4582	2.6611
1482	jy	15	0.4582	2.6611
1482	kg	15	0.4582	2.6611
1482	lh	15	0.4582	2.6611
1482	np	15	0.4582	2.6611
1482	s'	15	0.4582	2.6611
1482	uv	15	0.4582	2.6611
1482	vй	15	0.4582	2.6611
1482	xу	15	0.4582	2.6611
1482	µѕ	15	0.4582	2.6611
1482	бї	15	0.4582	2.6611
1482	йґ	15	0.4582	2.6611
1482	нѕ	15	0.4582	2.6611
1482	сѕ	15	0.4582	2.6611
1482	уa	15	0.4582	2.6611
1482	чґ	15	0.4582	2.6611
1482	шг	15	0.4582	2.6611
1482	шы	15	0.4582	2.6611
1482	я'	15	0.4582	2.6611
1482	яx	15	0.4582	2.6611
1482	ёј	15	0.4582	2.6611
1482	ёў	15	0.4582	2.6611
1482	іѕ	15	0.4582	2.6611
1482	їµ	15	0.4582	2.6611
1482	јё	15	0.4582	2.6611
1482	јї	15	0.4582	2.6611
1482	ґм	15	0.4582	2.6611
1483	'й	14	0.4276	2.631
1483	'л	14	0.4276	2.631
1483	'о	14	0.4276	2.631
1483	'у	14	0.4276	2.631
1483	cр	14	0.4276	2.631
1483	fн	14	0.4276	2.631
1483	fо	14	0.4276	2.631
1483	kt	14	0.4276	2.631
1483	lj	14	0.4276	2.631
1483	lв	14	0.4276	2.631
1483	oу	14	0.4276	2.631
1483	sч	14	0.4276	2.631
1483	tj	14	0.4276	2.631
1483	tь	14	0.4276	2.631
1483	xy	14	0.4276	2.631
1483	xі	14	0.4276	2.631
1483	yh	14	0.4276	2.631
1483	µо	14	0.4276	2.631
1483	жы	14	0.4276	2.631
1483	жї	14	0.4276	2.631
1483	жј	14	0.4276	2.631
1483	нї	14	0.4276	2.631
1483	фё	14	0.4276	2.631
1483	цш	14	0.4276	2.631
1483	шд	14	0.4276	2.631
1483	шґ	14	0.4276	2.631
1483	ьі	14	0.4276	2.631
1483	ѕѕ	14	0.4276	2.631
1483	ѕј	14	0.4276	2.631
1483	ўф	14	0.4276	2.631
1483	џ$	14	0.4276	2.631
1484	cw	13	0.3971	2.5989
1484	eо	13	0.3971	2.5989
1484	fh	13	0.3971	2.5989
1484	g'	13	0.3971	2.5989
1484	hь	13	0.3971	2.5989
1484	kp	13	0.3971	2.5989
1484	mt	13	0.3971	2.5989
1484	pm	13	0.3971	2.5989
1484	аo	13	0.3971	2.5989
1484	вј	13	0.3971	2.5989
1484	гж	13	0.3971	2.5989
1484	жў	13	0.3971	2.5989
1484	йй	13	0.3971	2.5989
1484	кї	13	0.3971	2.5989
1484	пѕ	13	0.3971	2.5989
1484	сk	13	0.3971	2.5989
1484	тј	13	0.3971	2.5989
1484	цo	13	0.3971	2.5989
1484	щ-	13	0.3971	2.5989
1484	щц	13	0.3971	2.5989
1484	ъз	13	0.3971	2.5989
1484	ъч	13	0.3971	2.5989
1484	яё	13	0.3971	2.5989
1484	єщ	13	0.3971	2.5989
1484	єѕ	13	0.3971	2.5989
1484	єў	13	0.3971	2.5989
1484	ѕч	13	0.3971	2.5989
1484	јј	13	0.3971	2.5989
1485	'b	12	0.3665	2.5641
1485	'г	12	0.3665	2.5641
1485	-k	12	0.3665	2.5641
1485	-u	12	0.3665	2.5641
1485	hн	12	0.3665	2.5641
1485	pй	12	0.3665	2.5641
1485	pч	12	0.3665	2.5641
1485	sz	12	0.3665	2.5641
1485	tg	12	0.3665	2.5641
1485	vn	12	0.3665	2.5641
1485	wb	12	0.3665	2.5641
1485	xx	12	0.3665	2.5641
1485	yс	12	0.3665	2.5641
1485	µю	12	0.3665	2.5641
1485	гє	12	0.3665	2.5641
1485	еm	12	0.3665	2.5641
1485	зэ	12	0.3665	2.5641
1485	зў	12	0.3665	2.5641
1485	рў	12	0.3665	2.5641
1485	фв	12	0.3665	2.5641
1485	эp	12	0.3665	2.5641
1485	єµ	12	0.3665	2.5641
1485	єх	12	0.3665	2.5641
1485	ѕй	12	0.3665	2.5641
1485	јм	12	0.3665	2.5641
1485	јы	12	0.3665	2.5641
1486	b'	11	0.336	2.5263
1486	bн	11	0.336	2.5263
1486	cn	11	0.336	2.5263
1486	fв	11	0.336	2.5263
1486	fр	11	0.336	2.5263
1486	fс	11	0.336	2.5263
1486	ij	11	0.336	2.5263
1486	jk	11	0.336	2.5263
1486	kw	11	0.336	2.5263
1486	lс	11	0.336	2.5263
1486	mé	11	0.336	2.5263
1486	mм	11	0.336	2.5263
1486	pf	11	0.336	2.5263
1486	sí	11	0.336	2.5263
1486	yz	11	0.336	2.5263
1486	бx	11	0.336	2.5263
1486	дx	11	0.336	2.5263
1486	дµ	11	0.336	2.5263
1486	е'	11	0.336	2.5263
1486	еs	11	0.336	2.5263
1486	иѕ	11	0.336	2.5263
1486	сm	11	0.336	2.5263
1486	єь	11	0.336	2.5263
1486	іј	11	0.336	2.5263
1486	їи	11	0.336	2.5263
1486	је	11	0.336	2.5263
1486	ўз	11	0.336	2.5263
1486	ўї	11	0.336	2.5263
1487	-z	10	0.3054	2.4849
1487	bd	10	0.3054	2.4849
1487	bh	10	0.3054	2.4849
1487	bп	10	0.3054	2.4849
1487	cш	10	0.3054	2.4849
1487	eу	10	0.3054	2.4849
1487	eф	10	0.3054	2.4849
1487	fm	10	0.3054	2.4849
1487	jg	10	0.3054	2.4849
1487	lт	10	0.3054	2.4849
1487	lу	10	0.3054	2.4849
1487	mб	10	0.3054	2.4849
1487	mу	10	0.3054	2.4849
1487	nz	10	0.3054	2.4849
1487	p'	10	0.3054	2.4849
1487	pn	10	0.3054	2.4849
1487	rj	10	0.3054	2.4849
1487	sg	10	0.3054	2.4849
1487	wd	10	0.3054	2.4849
1487	ww	10	0.3054	2.4849
1487	xv	10	0.3054	2.4849
1487	xс	10	0.3054	2.4849
1487	yр	10	0.3054	2.4849
1487	zb	10	0.3054	2.4849
1487	zd	10	0.3054	2.4849
1487	á$	10	0.3054	2.4849
1487	аn	10	0.3054	2.4849
1487	аѕ	10	0.3054	2.4849
1487	дј	10	0.3054	2.4849
1487	йh	10	0.3054	2.4849
1487	сґ	10	0.3054	2.4849
1487	цy	10	0.3054	2.4849
1487	щд	10	0.3054	2.4849
1487	щэ	10	0.3054	2.4849
1487	ъі	10	0.3054	2.4849
1487	ыµ	10	0.3054	2.4849
1487	ыѕ	10	0.3054	2.4849
1487	яі	10	0.3054	2.4849
1487	ёе	10	0.3054	2.4849
1487	ёц	10	0.3054	2.4849
1487	єф	10	0.3054	2.4849
1487	їј	10	0.3054	2.4849
1487	ўц	10	0.3054	2.4849
1487	џр	10	0.3054	2.4849
1487	ґб	10	0.3054	2.4849
1488	'ш	9	0.2749	2.4392
1488	'і	9	0.2749	2.4392
1488	-y	9	0.2749	2.4392
1488	-ь	9	0.2749	2.4392
1488	bp	9	0.2749	2.4392
1488	bл	9	0.2749	2.4392
1488	dp	9	0.2749	2.4392
1488	dс	9	0.2749	2.4392
1488	fю	9	0.2749	2.4392
1488	hj	9	0.2749	2.4392
1488	iw	9	0.2749	2.4392
1488	kb	9	0.2749	2.4392
1488	lz	9	0.2749	2.4392
1488	m'	9	0.2749	2.4392
1488	mь	9	0.2749	2.4392
1488	nq	9	0.2749	2.4392
1488	px	9	0.2749	2.4392
1488	qc	9	0.2749	2.4392
1488	rq	9	0.2749	2.4392
1488	u-	9	0.2749	2.4392
1488	vs	9	0.2749	2.4392
1488	x-	9	0.2749	2.4392
1488	yk	9	0.2749	2.4392
1488	zn	9	0.2749	2.4392
1488	µа	9	0.2749	2.4392
1488	бv	9	0.2749	2.4392
1488	гµ	9	0.2749	2.4392
1488	дu	9	0.2749	2.4392
1488	е́	9	0.2749	2.4392
1488	лј	9	0.2749	2.4392
1488	мµ	9	0.2749	2.4392
1488	нp	9	0.2749	2.4392
1488	нµ	9	0.2749	2.4392
1488	оb	9	0.2749	2.4392
1488	пщ	9	0.2749	2.4392
1488	пј	9	0.2749	2.4392
1488	ъу	9	0.2749	2.4392
1488	эў	9	0.2749	2.4392
1488	эґ	9	0.2749	2.4392
1488	ђс	9	0.2749	2.4392
1488	єp	9	0.2749	2.4392
1488	ѕд	9	0.2749	2.4392
1488	ѕн	9	0.2749	2.4392
1488	іx	9	0.2749	2.4392
1488	їє	9	0.2749	2.4392
1488	јх	9	0.2749	2.4392
1488	ґь	9	0.2749	2.4392
1488	ґё	9	0.2749	2.4392
1489	'ж	8	0.2444	2.3881
1489	'ф	8	0.2444	2.3881
1489	-n	8	0.2444	2.3881
1489	aq	8	0.2444	2.3881
1489	bд	8	0.2444	2.3881
1489	cс	8	0.2444	2.3881
1489	fи	8	0.2444	2.3881
1489	fм	8	0.2444	2.3881
1489	hg	8	0.2444	2.3881
1489	hс	8	0.2444	2.3881
1489	lм	8	0.2444	2.3881
1489	lп	8	0.2444	2.3881
1489	lр	8	0.2444	2.3881
1489	nx	8	0.2444	2.3881
1489	oо	8	0.2444	2.3881
1489	qn	8	0.2444	2.3881
1489	rо	8	0.2444	2.3881
1489	sj	8	0.2444	2.3881
1489	sл	8	0.2444	2.3881
1489	vc	8	0.2444	2.3881
1489	vl	8	0.2444	2.3881
1489	vб	8	0.2444	2.3881
1489	vп	8	0.2444	2.3881
1489	xр	8	0.2444	2.3881
1489	yy	8	0.2444	2.3881
1489	zн	8	0.2444	2.3881
1489	ér	8	0.2444	2.3881
1489	́н	8	0.2444	2.3881
1489	аb	8	0.2444	2.3881
1489	вў	8	0.2444	2.3881
1489	иm	8	0.2444	2.3881
1489	оѕ	8	0.2444	2.3881
1489	сµ	8	0.2444	2.3881
1489	шј	8	0.2444	2.3881
1489	ыў	8	0.2444	2.3881
1489	ь'	8	0.2444	2.3881
1489	юё	8	0.2444	2.3881
1489	ёу	8	0.2444	2.3881
1489	ѕї	8	0.2444	2.3881
1489	іn	8	0.2444	2.3881
1489	їг	8	0.2444	2.3881
1489	ўµ	8	0.2444	2.3881
1489	ўі	8	0.2444	2.3881
1490	'и	7	0.2138	2.33
1490	'щ	7	0.2138	2.33
1490	aи	7	0.2138	2.33
1490	bk	7	0.2138	2.33
1490	bn	7	0.2138	2.33
1490	bз	7	0.2138	2.33
1490	cm	7	0.2138	2.33
1490	cv	7	0.2138	2.33
1490	dz	7	0.2138	2.33
1490	g-	7	0.2138	2.33
1490	hv	7	0.2138	2.33
1490	kf	7	0.2138	2.33
1490	kv	7	0.2138	2.33
1490	mg	7	0.2138	2.33
1490	mk	7	0.2138	2.33
1490	mw	7	0.2138	2.33
1490	qq	7	0.2138	2.33
1490	uo	7	0.2138	2.33
1490	uw	7	0.2138	2.33
1490	vr	7	0.2138	2.33
1490	wg	7	0.2138	2.33
1490	zc	7	0.2138	2.33
1490	µж	7	0.2138	2.33
1490	µи	7	0.2138	2.33
1490	µп	7	0.2138	2.33
1490	µё	7	0.2138	2.33
1490	аi	7	0.2138	2.33
1490	аt	7	0.2138	2.33
1490	гc	7	0.2138	2.33
1490	гў	7	0.2138	2.33
1490	гґ	7	0.2138	2.33
1490	дh	7	0.2138	2.33
1490	еr	7	0.2138	2.33
1490	еј	7	0.2138	2.33
1490	лx	7	0.2138	2.33
1490	лї	7	0.2138	2.33
1490	рњ	7	0.2138	2.33
1490	рџ	7	0.2138	2.33
1490	сe	7	0.2138	2.33
1490	сp	7	0.2138	2.33
1490	тґ	7	0.2138	2.33
1490	уѕ	7	0.2138	2.33
1490	фy	7	0.2138	2.33
1490	фѕ	7	0.2138	2.33
1490	цµ	7	0.2138	2.33
1490	цї	7	0.2138	2.33
1490	шµ	7	0.2138	2.33
1490	шї	7	0.2138	2.33
1490	щч	7	0.2138	2.33
1490	щґ	7	0.2138	2.33
1490	ъж	7	0.2138	2.33
1490	ю'	7	0.2138	2.33
1490	яt	7	0.2138	2.33
1490	ѕщ	7	0.2138	2.33
1490	іµ	7	0.2138	2.33
1490	їу	7	0.2138	2.33
1490	їґ	7	0.2138	2.33
1490	јо	7	0.2138	2.33
1490	ўв	7	0.2138	2.33
1490	ўр	7	0.2138	2.33
1491	'o	6	0.1833	2.2632
1491	'ц	6	0.1833	2.2632
1491	-x	6	0.1833	2.2632
1491	-ї	6	0.1833	2.2632
1491	aї	6	0.1833	2.2632
1491	bв	6	0.1833	2.2632
1491	c-	6	0.1833	2.2632
1491	dt	6	0.1833	2.2632
1491	dм	6	0.1833	2.2632
1491	eі	6	0.1833	2.2632
1491	fp	6	0.1833	2.2632
1491	fw	6	0.1833	2.2632
1491	fл	6	0.1833	2.2632
1491	fя	6	0.1833	2.2632
1491	k-	6	0.1833	2.2632
1491	kу	6	0.1833	2.2632
1491	mv	6	0.1833	2.2632
1491	pd	6	0.1833	2.2632
1491	ql	6	0.1833	2.2632
1491	rá	6	0.1833	2.2632
1491	rа	6	0.1833	2.2632
1491	sй	6	0.1833	2.2632
1491	sф	6	0.1833	2.2632
1491	sх	6	0.1833	2.2632
1491	uí	6	0.1833	2.2632
1491	uм	6	0.1833	2.2632
1491	uн	6	0.1833	2.2632
1491	vk	6	0.1833	2.2632
1491	vm	6	0.1833	2.2632
1491	vt	6	0.1833	2.2632
1491	vе	6	0.1833	2.2632
1491	wy	6	0.1833	2.2632
1491	x'	6	0.1833	2.2632
1491	xе	6	0.1833	2.2632
1491	xк	6	0.1833	2.2632
1491	yg	6	0.1833	2.2632
1491	µы	6	0.1833	2.2632
1491	вx	6	0.1833	2.2632
1491	еi	6	0.1833	2.2632
1491	еx	6	0.1833	2.2632
1491	еъ	6	0.1833	2.2632
1491	ж'	6	0.1833	2.2632
1491	жш	6	0.1833	2.2632
1491	зb	6	0.1833	2.2632
1491	зc	6	0.1833	2.2632
1491	йј	6	0.1833	2.2632
1491	лu	6	0.1833	2.2632
1491	оm	6	0.1833	2.2632
1491	оn	6	0.1833	2.2632
1491	пá	6	0.1833	2.2632
1491	сќ	6	0.1833	2.2632
1491	тй	6	0.1833	2.2632
1491	тў	6	0.1833	2.2632
1491	уј	6	0.1833	2.2632
1491	хї	6	0.1833	2.2632
1491	цъ	6	0.1833	2.2632
1491	чx	6	0.1833	2.2632
1491	щз	6	0.1833	2.2632
1491	щє	6	0.1833	2.2632
1491	ъй	6	0.1833	2.2632
1491	ъї	6	0.1833	2.2632
1491	ьh	6	0.1833	2.2632
1491	эv	6	0.1833	2.2632
1491	эє	6	0.1833	2.2632
1491	юґ	6	0.1833	2.2632
1491	яµ	6	0.1833	2.2632
1491	ёщ	6	0.1833	2.2632
1491	ёю	6	0.1833	2.2632
1491	ѕб	6	0.1833	2.2632
1491	їc	6	0.1833	2.2632
1491	јґ	6	0.1833	2.2632
1491	ўѕ	6	0.1833	2.2632
1491	ґї	6	0.1833	2.2632
1491	の術	6	0.1833	2.2632
1491	術$	6	0.1833	2.2632
1492	^í	5	0.1527	2.1838
1492	aа	5	0.1527	2.1838
1492	bv	5	0.1527	2.1838
1492	bx	5	0.1527	2.1838
1492	bм	5	0.1527	2.1838
1492	cg	5	0.1527	2.1838
1492	dо	5	0.1527	2.1838
1492	dі	5	0.1527	2.1838
1492	fk	5	0.1527	2.1838
1492	fе	5	0.1527	2.1838
1492	fз	5	0.1527	2.1838
1492	fт	5	0.1527	2.1838
1492	fч	5	0.1527	2.1838
1492	fі	5	0.1527	2.1838
1492	gf	5	0.1527	2.1838
1492	hю	5	0.1527	2.1838
1492	iú	5	0.1527	2.1838
1492	jt	5	0.1527	2.1838
1492	k'	5	0.1527	2.1838
1492	kc	5	0.1527	2.1838
1492	km	5	0.1527	2.1838
1492	lі	5	0.1527	2.1838
1492	mс	5	0.1527	2.1838
1492	nе	5	0.1527	2.1838
1492	nп	5	0.1527	2.1838
1492	qr	5	0.1527	2.1838
1492	qw	5	0.1527	2.1838
1492	tп	5	0.1527	2.1838
1492	uе	5	0.1527	2.1838
1492	uс	5	0.1527	2.1838
1492	vh	5	0.1527	2.1838
1492	vм	5	0.1527	2.1838
1492	xw	5	0.1527	2.1838
1492	yщ	5	0.1527	2.1838
1492	zм	5	0.1527	2.1838
1492	zо	5	0.1527	2.1838
1492	µъ	5	0.1527	2.1838
1492	éi	5	0.1527	2.1838
1492	úi	5	0.1527	2.1838
1492	́р	5	0.1527	2.1838
1492	бm	5	0.1527	2.1838
1492	еµ	5	0.1527	2.1838
1492	иb	5	0.1527	2.1838
1492	иi	5	0.1527	2.1838
1492	йё	5	0.1527	2.1838
1492	кы	5	0.1527	2.1838
1492	мў	5	0.1527	2.1838
1492	нu	5	0.1527	2.1838
1492	пv	5	0.1527	2.1838
1492	пµ	5	0.1527	2.1838
1492	рx	5	0.1527	2.1838
1492	рљ	5	0.1527	2.1838
1492	сa	5	0.1527	2.1838
1492	сћ	5	0.1527	2.1838
1492	фµ	5	0.1527	2.1838
1492	фъ	5	0.1527	2.1838
1492	хщ	5	0.1527	2.1838
1492	хы	5	0.1527	2.1838
1492	хє	5	0.1527	2.1838
1492	цж	5	0.1527	2.1838
1492	щy	5	0.1527	2.1838
1492	ъµ	5	0.1527	2.1838
1492	ъи	5	0.1527	2.1838
1492	ъо	5	0.1527	2.1838
1492	ъє	5	0.1527	2.1838
1492	ыо	5	0.1527	2.1838
1492	ыї	5	0.1527	2.1838
1492	ьѕ	5	0.1527	2.1838
1492	эё	5	0.1527	2.1838
1492	ѕі	5	0.1527	2.1838
1492	іo	5	0.1527	2.1838
1492	іи	5	0.1527	2.1838
1492	іъ	5	0.1527	2.1838
1492	їе	5	0.1527	2.1838
1492	їэ	5	0.1527	2.1838
1492	јн	5	0.1527	2.1838
1492	јш	5	0.1527	2.1838
1492	љр	5	0.1527	2.1838
1492	њс	5	0.1527	2.1838
1492	ќс	5	0.1527	2.1838
1492	ўє	5	0.1527	2.1838
1492	ґй	5	0.1527	2.1838
1492	ґѕ	5	0.1527	2.1838
1492	ґј	5	0.1527	2.1838
1493	'f	4	0.1222	2.0871
1493	'ё	4	0.1222	2.0871
1493	-g	4	0.1222	2.0871
1493	-j	4	0.1222	2.0871
1493	-ґ	4	0.1222	2.0871
1493	^ѻ	4	0.1222	2.0871
1493	bw	4	0.1222	2.0871
1493	bе	4	0.1222	2.0871
1493	bр	4	0.1222	2.0871
1493	bс	4	0.1222	2.0871
1493	bт	4	0.1222	2.0871
1493	bу	4	0.1222	2.0871
1493	c'	4	0.1222	2.0871
1493	cq	4	0.1222	2.0871
1493	cф	4	0.1222	2.0871
1493	dд	4	0.1222	2.0871
1493	dе	4	0.1222	2.0871
1493	dк	4	0.1222	2.0871
1493	eє	4	0.1222	2.0871
1493	fг	4	0.1222	2.0871
1493	fд	4	0.1222	2.0871
1493	gk	4	0.1222	2.0871
1493	gі	4	0.1222	2.0871
1493	hг	4	0.1222	2.0871
1493	hк	4	0.1222	2.0871
1493	lx	4	0.1222	2.0871
1493	lк	4	0.1222	2.0871
1493	mл	4	0.1222	2.0871
1493	mр	4	0.1222	2.0871
1493	nс	4	0.1222	2.0871
1493	pз	4	0.1222	2.0871
1493	pщ	4	0.1222	2.0871
1493	rр	4	0.1222	2.0871
1493	sе	4	0.1222	2.0871
1493	tб	4	0.1222	2.0871
1493	wf	4	0.1222	2.0871
1493	wk	4	0.1222	2.0871
1493	wt	4	0.1222	2.0871
1493	wz	4	0.1222	2.0871
1493	xu	4	0.1222	2.0871
1493	yя	4	0.1222	2.0871
1493	zp	4	0.1222	2.0871
1493	zv	4	0.1222	2.0871
1493	zx	4	0.1222	2.0871
1493	é$	4	0.1222	2.0871
1493	̀$	4	0.1222	2.0871
1493	́л	4	0.1222	2.0871
1493	́м	4	0.1222	2.0871
1493	́с	4	0.1222	2.0871
1493	аf	4	0.1222	2.0871
1493	аu	4	0.1222	2.0871
1493	гb	4	0.1222	2.0871
1493	гѕ	4	0.1222	2.0871
1493	еt	4	0.1222	2.0871
1493	еў	4	0.1222	2.0871
1493	зј	4	0.1222	2.0871
1493	йъ	4	0.1222	2.0871
1493	кu	4	0.1222	2.0871
1493	оd	4	0.1222	2.0871
1493	оt	4	0.1222	2.0871
1493	о̀	4	0.1222	2.0871
1493	сї	4	0.1222	2.0871
1493	тї	4	0.1222	2.0871
1493	уb	4	0.1222	2.0871
1493	уo	4	0.1222	2.0871
1493	уъ	4	0.1222	2.0871
1493	фє	4	0.1222	2.0871
1493	хe	4	0.1222	2.0871
1493	хy	4	0.1222	2.0871
1493	хј	4	0.1222	2.0871
1493	цј	4	0.1222	2.0871
1493	цў	4	0.1222	2.0871
1493	цѣ	4	0.1222	2.0871
1493	шч	4	0.1222	2.0871
1493	щб	4	0.1222	2.0871
1493	щв	4	0.1222	2.0871
1493	щй	4	0.1222	2.0871
1493	щў	4	0.1222	2.0871
1493	ъј	4	0.1222	2.0871
1493	ъў	4	0.1222	2.0871
1493	ыэ	4	0.1222	2.0871
1493	эї	4	0.1222	2.0871
1493	яp	4	0.1222	2.0871
1493	яv	4	0.1222	2.0871
1493	яь	4	0.1222	2.0871
1493	єc	4	0.1222	2.0871
1493	єи	4	0.1222	2.0871
1493	є҆	4	0.1222	2.0871
1493	ѕп	4	0.1222	2.0871
1493	ѕу	4	0.1222	2.0871
1493	ѕх	4	0.1222	2.0871
1493	ѕц	4	0.1222	2.0871
1493	іt	4	0.1222	2.0871
1493	їщ	4	0.1222	2.0871
1493	јµ	4	0.1222	2.0871
1493	јс	4	0.1222	2.0871
1493	ўо	4	0.1222	2.0871
1493	ўт	4	0.1222	2.0871
1493	џс	4	0.1222	2.0871
1493	ѣ$	4	0.1222	2.0871
1493	ѻс	4	0.1222	2.0871
1493	҆г	4	0.1222	2.0871
1493	ґe	4	0.1222	2.0871
1494	'ч	3	0.0916	1.9619
1494	-ы	3	0.0916	1.9619
1494	^á	3	0.0916	1.9619
1494	^é	3	0.0916	1.9619
1494	aё	3	0.0916	1.9619
1494	b-	3	0.0916	1.9619
1494	bg	3	0.0916	1.9619
1494	bj	3	0.0916	1.9619
1494	bч	3	0.0916	1.9619
1494	cz	3	0.0916	1.9619
1494	cг	3	0.0916	1.9619
1494	cз	3	0.0916	1.9619
1494	cъ	3	0.0916	1.9619
1494	dн	3	0.0916	1.9619
1494	dт	3	0.0916	1.9619
1494	fб	3	0.0916	1.9619
1494	gb	3	0.0916	1.9619
1494	gc	3	0.0916	1.9619
1494	h'	3	0.0916	1.9619
1494	hí	3	0.0916	1.9619
1494	hв	3	0.0916	1.9619
1494	hп	3	0.0916	1.9619
1494	iэ	3	0.0916	1.9619
1494	iґ	3	0.0916	1.9619
1494	j-	3	0.0916	1.9619
1494	kz	3	0.0916	1.9619
1494	kе	3	0.0916	1.9619
1494	lб	3	0.0916	1.9619
1494	mj	3	0.0916	1.9619
1494	mв	3	0.0916	1.9619
1494	nó	3	0.0916	1.9619
1494	nа	3	0.0916	1.9619
1494	nо	3	0.0916	1.9619
1494	nэ	3	0.0916	1.9619
1494	nі	3	0.0916	1.9619
1494	pg	3	0.0916	1.9619
1494	pх	3	0.0916	1.9619
1494	rп	3	0.0916	1.9619
1494	rс	3	0.0916	1.9619
1494	rі	3	0.0916	1.9619
1494	sж	3	0.0916	1.9619
1494	sу	3	0.0916	1.9619
1494	td	3	0.0916	1.9619
1494	tт	3	0.0916	1.9619
1494	uл	3	0.0916	1.9619
1494	v-	3	0.0916	1.9619
1494	vg	3	0.0916	1.9619
1494	vк	3	0.0916	1.9619
1494	vс	3	0.0916	1.9619
1494	vь	3	0.0916	1.9619
1494	vэ	3	0.0916	1.9619
1494	vі	3	0.0916	1.9619
1494	w-	3	0.0916	1.9619
1494	wc	3	0.0916	1.9619
1494	xh	3	0.0916	1.9619
1494	xm	3	0.0916	1.9619
1494	xr	3	0.0916	1.9619
1494	xз	3	0.0916	1.9619
1494	xм	3	0.0916	1.9619
1494	yх	3	0.0916	1.9619
1494	zl	3	0.0916	1.9619
1494	zr	3	0.0916	1.9619
1494	zw	3	0.0916	1.9619
1494	zк	3	0.0916	1.9619
1494	µў	3	0.0916	1.9619
1494	ó$	3	0.0916	1.9619
1494	óв	3	0.0916	1.9619
1494	ú$	3	0.0916	1.9619
1494	́т	3	0.0916	1.9619
1494	аr	3	0.0916	1.9619
1494	аµ	3	0.0916	1.9619
1494	бј	3	0.0916	1.9619
1494	гї	3	0.0916	1.9619
1494	дb	3	0.0916	1.9619
1494	еa	3	0.0916	1.9619
1494	еg	3	0.0916	1.9619
1494	еn	3	0.0916	1.9619
1494	жµ	3	0.0916	1.9619
1494	жф	3	0.0916	1.9619
1494	зµ	3	0.0916	1.9619
1494	и́	3	0.0916	1.9619
1494	йa	3	0.0916	1.9619
1494	йi	3	0.0916	1.9619
1494	йm	3	0.0916	1.9619
1494	йp	3	0.0916	1.9619
1494	кt	3	0.0916	1.9619
1494	кµ	3	0.0916	1.9619
1494	кў	3	0.0916	1.9619
1494	нј	3	0.0916	1.9619
1494	нў	3	0.0916	1.9619
1494	оr	3	0.0916	1.9619
1494	оs	3	0.0916	1.9619
1494	оы	3	0.0916	1.9619
1494	рu	3	0.0916	1.9619
1494	рó	3	0.0916	1.9619
1494	рќ	3	0.0916	1.9619
1494	сv	3	0.0916	1.9619
1494	сy	3	0.0916	1.9619
1494	уt	3	0.0916	1.9619
1494	хl	3	0.0916	1.9619
1494	ч'	3	0.0916	1.9619
1494	шw	3	0.0916	1.9619
1494	шж	3	0.0916	1.9619
1494	шъ	3	0.0916	1.9619
1494	щµ	3	0.0916	1.9619
1494	щп	3	0.0916	1.9619
1494	щї	3	0.0916	1.9619
1494	ъe	3	0.0916	1.9619
1494	ън	3	0.0916	1.9619
1494	ыё	3	0.0916	1.9619
1494	ьv	3	0.0916	1.9619
1494	ьь	3	0.0916	1.9619
1494	эh	3	0.0916	1.9619
1494	юt	3	0.0916	1.9619
1494	юv	3	0.0916	1.9619
1494	юx	3	0.0916	1.9619
1494	єы	3	0.0916	1.9619
1494	єі	3	0.0916	1.9619
1494	ѕµ	3	0.0916	1.9619
1494	іi	3	0.0916	1.9619
1494	іl	3	0.0916	1.9619
1494	ї'	3	0.0916	1.9619
1494	їю	3	0.0916	1.9619
1494	јз	3	0.0916	1.9619
1494	јі	3	0.0916	1.9619
1494	ћ$	3	0.0916	1.9619
1494	ўе	3	0.0916	1.9619
1494	ўж	3	0.0916	1.9619
1494	ґµ	3	0.0916	1.9619
1495	'i	2	0.0611	1.786
1495	'y	2	0.0611	1.786
1495	'ы	2	0.0611	1.786
1495	'ј	2	0.0611	1.786
1495	-v	2	0.0611	1.786
1495	^å	2	0.0611	1.786
1495	^心	2	0.0611	1.786
1495	aо	2	0.0611	1.786
1495	aэ	2	0.0611	1.786
1495	bq	2	0.0611	1.786
1495	bz	2	0.0611	1.786
1495	bб	2	0.0611	1.786
1495	bг	2	0.0611	1.786
1495	bь	2	0.0611	1.786
1495	dx	2	0.0611	1.786
1495	dб	2	0.0611	1.786
1495	dг	2	0.0611	1.786
1495	dи	2	0.0611	1.786
1495	dп	2	0.0611	1.786
1495	dр	2	0.0611	1.786
1495	f'	2	0.0611	1.786
1495	fg	2	0.0611	1.786
1495	fq	2	0.0611	1.786
1495	fх	2	0.0611	1.786
1495	fц	2	0.0611	1.786
1495	gj	2	0.0611	1.786
1495	gq	2	0.0611	1.786
1495	gн	2	0.0611	1.786
1495	hз	2	0.0611	1.786
1495	hц	2	0.0611	1.786
1495	hч	2	0.0611	1.786
1495	j'	2	0.0611	1.786
1495	jf	2	0.0611	1.786
1495	jh	2	0.0611	1.786
1495	jp	2	0.0611	1.786
1495	jr	2	0.0611	1.786
1495	js	2	0.0611	1.786
1495	jv	2	0.0611	1.786
1495	kа	2	0.0611	1.786
1495	là	2	0.0611	1.786
1495	lé	2	0.0611	1.786
1495	lг	2	0.0611	1.786
1495	lя	2	0.0611	1.786
1495	mū	2	0.0611	1.786
1495	nн	2	0.0611	1.786
1495	nє	2	0.0611	1.786
1495	oš	2	0.0611	1.786
1495	oа	2	0.0611	1.786
1495	oґ	2	0.0611	1.786
1495	pk	2	0.0611	1.786
1495	qa	2	0.0611	1.786
1495	qo	2	0.0611	1.786
1495	qs	2	0.0611	1.786
1495	qt	2	0.0611	1.786
1495	rв	2	0.0611	1.786
1495	rм	2	0.0611	1.786
1495	tq	2	0.0611	1.786
1495	tx	2	0.0611	1.786
1495	tá	2	0.0611	1.786
1495	té	2	0.0611	1.786
1495	tэ	2	0.0611	1.786
1495	uв	2	0.0611	1.786
1495	uк	2	0.0611	1.786
1495	uо	2	0.0611	1.786
1495	uр	2	0.0611	1.786
1495	v'	2	0.0611	1.786
1495	vp	2	0.0611	1.786
1495	vа	2	0.0611	1.786
1495	vо	2	0.0611	1.786
1495	wu	2	0.0611	1.786
1495	xd	2	0.0611	1.786
1495	xl	2	0.0611	1.786
1495	xs	2	0.0611	1.786
1495	xz	2	0.0611	1.786
1495	yj	2	0.0611	1.786
1495	yц	2	0.0611	1.786
1495	yї	2	0.0611	1.786
1495	yґ	2	0.0611	1.786
1495	z-	2	0.0611	1.786
1495	zр	2	0.0611	1.786
1495	zу	2	0.0611	1.786
1495	zя	2	0.0611	1.786
1495	µг	2	0.0611	1.786
1495	µл	2	0.0611	1.786
1495	µм	2	0.0611	1.786
1495	µф	2	0.0611	1.786
1495	µш	2	0.0611	1.786
1495	µі	2	0.0611	1.786
1495	à$	2	0.0611	1.786
1495	ái	2	0.0611	1.786
1495	åk	2	0.0611	1.786
1495	és	2	0.0611	1.786
1495	ía	2	0.0611	1.786
1495	óи	2	0.0611	1.786
1495	óл	2	0.0611	1.786
1495	še	2	0.0611	1.786
1495	ūs	2	0.0611	1.786
1495	́и	2	0.0611	1.786
1495	аl	2	0.0611	1.786
1495	аq	2	0.0611	1.786
1495	аy	2	0.0611	1.786
1495	аz	2	0.0611	1.786
1495	бó	2	0.0611	1.786
1495	вv	2	0.0611	1.786
1495	гh	2	0.0611	1.786
1495	гy	2	0.0611	1.786
1495	дt	2	0.0611	1.786
1495	жh	2	0.0611	1.786
1495	иы	2	0.0611	1.786
1495	йt	2	0.0611	1.786
1495	йv	2	0.0611	1.786
1495	кb	2	0.0611	1.786
1495	кm	2	0.0611	1.786
1495	лl	2	0.0611	1.786
1495	оo	2	0.0611	1.786
1495	пn	2	0.0611	1.786
1495	пѫ	2	0.0611	1.786
1495	рs	2	0.0611	1.786
1495	сh	2	0.0611	1.786
1495	сn	2	0.0611	1.786
1495	тb	2	0.0611	1.786
1495	тn	2	0.0611	1.786
1495	тó	2	0.0611	1.786
1495	уµ	2	0.0611	1.786
1495	у́	2	0.0611	1.786
1495	уў	2	0.0611	1.786
1495	хu	2	0.0611	1.786
1495	хѕ	2	0.0611	1.786
1495	хў	2	0.0611	1.786
1495	чm	2	0.0611	1.786
1495	чu	2	0.0611	1.786
1495	чг	2	0.0611	1.786
1495	шt	2	0.0611	1.786
1495	шu	2	0.0611	1.786
1495	щш	2	0.0611	1.786
1495	ъх	2	0.0611	1.786
1495	ъц	2	0.0611	1.786
1495	ыa	2	0.0611	1.786
1495	ыp	2	0.0611	1.786
1495	ыј	2	0.0611	1.786
1495	ьµ	2	0.0611	1.786
1495	эі	2	0.0611	1.786
1495	эј	2	0.0611	1.786
1495	юa	2	0.0611	1.786
1495	юm	2	0.0611	1.786
1495	яg	2	0.0611	1.786
1495	яi	2	0.0611	1.786
1495	яў	2	0.0611	1.786
1495	ёи	2	0.0611	1.786
1495	ђ$	2	0.0611	1.786
1495	єъ	2	0.0611	1.786
1495	ѕв	2	0.0611	1.786
1495	ѕы	2	0.0611	1.786
1495	іh	2	0.0611	1.786
1495	іm	2	0.0611	1.786
1495	іs	2	0.0611	1.786
1495	јб	2	0.0611	1.786
1495	ји	2	0.0611	1.786
1495	јъ	2	0.0611	1.786
1495	јў	2	0.0611	1.786
1495	ћр	2	0.0611	1.786
1495	ќ$	2	0.0611	1.786
1495	ќр	2	0.0611	1.786
1495	ўг	2	0.0611	1.786
1495	ўх	2	0.0611	1.786
1495	ўч	2	0.0611	1.786
1495	ѫд	2	0.0611	1.786
1495	ґp	2	0.0611	1.786
1495	ґг	2	0.0611	1.786
1495	ґк	2	0.0611	1.786
1495	ґъ	2	0.0611	1.786
1495	ґў	2	0.0611	1.786
1495	倍化	2	0.0611	1.786
1495	化の	2	0.0611	1.786
1495	心転	2	0.0611	1.786
1495	身の	2	0.0611	1.786
1495	転身	2	0.0611	1.786
1496	'g	1	0.0305	1.4843
1496	'h	1	0.0305	1.4843
1496	'k	1	0.0305	1.4843
1496	'n	1	0.0305	1.4843
1496	'ў	1	0.0305	1.4843
1496	-q	1	0.0305	1.4843
1496	^ã	1	0.0305	1.4843
1496	^ö	1	0.0305	1.4843
1496	^ø	1	0.0305	1.4843
1496	^ι	1	0.0305	1.4843
1496	^ѵ	1	0.0305	1.4843
1496	^ආ	1	0.0305	1.4843
1496	^亀	1	0.0305	1.4843
1496	^倍	1	0.0305	1.4843
1496	^影	1	0.0305	1.4843
1496	^火	1	0.0305	1.4843
1496	^肉	1	0.0305	1.4843
1496	^超	1	0.0305	1.4843
1496	aі	1	0.0305	1.4843
1496	bж	1	0.0305	1.4843
1496	bш	1	0.0305	1.4843
1496	bя	1	0.0305	1.4843
1496	có	1	0.0305	1.4843
1496	cô	1	0.0305	1.4843
1496	cж	1	0.0305	1.4843
1496	cх	1	0.0305	1.4843
1496	dä	1	0.0305	1.4843
1496	dí	1	0.0305	1.4843
1496	dа	1	0.0305	1.4843
1496	dж	1	0.0305	1.4843
1496	dз	1	0.0305	1.4843
1496	dу	1	0.0305	1.4843
1496	dц	1	0.0305	1.4843
1496	dч	1	0.0305	1.4843
1496	dя	1	0.0305	1.4843
1496	eñ	1	0.0305	1.4843
1496	eа	1	0.0305	1.4843
1496	eх	1	0.0305	1.4843
1496	fj	1	0.0305	1.4843
1496	fv	1	0.0305	1.4843
1496	fx	1	0.0305	1.4843
1496	fé	1	0.0305	1.4843
1496	fй	1	0.0305	1.4843
1496	fщ	1	0.0305	1.4843
1496	fы	1	0.0305	1.4843
1496	fэ	1	0.0305	1.4843
1496	fґ	1	0.0305	1.4843
1496	gv	1	0.0305	1.4843
1496	gz	1	0.0305	1.4843
1496	gö	1	0.0305	1.4843
1496	gü	1	0.0305	1.4843
1496	gа	1	0.0305	1.4843
1496	gе	1	0.0305	1.4843
1496	gо	1	0.0305	1.4843
1496	hq	1	0.0305	1.4843
1496	hâ	1	0.0305	1.4843
1496	hé	1	0.0305	1.4843
1496	hô	1	0.0305	1.4843
1496	hб	1	0.0305	1.4843
1496	hл	1	0.0305	1.4843
1496	hр	1	0.0305	1.4843
1496	hш	1	0.0305	1.4843
1496	hщ	1	0.0305	1.4843
1496	hы	1	0.0305	1.4843
1496	jd	1	0.0305	1.4843
1496	jj	1	0.0305	1.4843
1496	kл	1	0.0305	1.4843
1496	kо	1	0.0305	1.4843
1496	kэ	1	0.0305	1.4843
1496	kя	1	0.0305	1.4843
1496	kі	1	0.0305	1.4843
1496	lа	1	0.0305	1.4843
1496	lж	1	0.0305	1.4843
1496	lз	1	0.0305	1.4843
1496	lи	1	0.0305	1.4843
1496	lч	1	0.0305	1.4843
1496	lю	1	0.0305	1.4843
1496	mx	1	0.0305	1.4843
1496	mп	1	0.0305	1.4843
1496	mт	1	0.0305	1.4843
1496	mя	1	0.0305	1.4843
1496	nб	1	0.0305	1.4843
1496	nв	1	0.0305	1.4843
1496	nи	1	0.0305	1.4843
1496	nм	1	0.0305	1.4843
1496	nр	1	0.0305	1.4843
1496	nц	1	0.0305	1.4843
1496	nч	1	0.0305	1.4843
1496	nя	1	0.0305	1.4843
1496	oq	1	0.0305	1.4843
1496	oí	1	0.0305	1.4843
1496	oе	1	0.0305	1.4843
1496	pv	1	0.0305	1.4843
1496	pw	1	0.0305	1.4843
1496	pэ	1	0.0305	1.4843
1496	q-	1	0.0305	1.4843
1496	qv	1	0.0305	1.4843
1496	qл	1	0.0305	1.4843
1496	rè	1	0.0305	1.4843
1496	rí	1	0.0305	1.4843
1496	rú	1	0.0305	1.4843
1496	rг	1	0.0305	1.4843
1496	rл	1	0.0305	1.4843
1496	rт	1	0.0305	1.4843
1496	rщ	1	0.0305	1.4843
1496	rя	1	0.0305	1.4843
1496	sx	1	0.0305	1.4843
1496	sи	1	0.0305	1.4843
1496	sш	1	0.0305	1.4843
1496	sї	1	0.0305	1.4843
1496	tз	1	0.0305	1.4843
1496	tл	1	0.0305	1.4843
1496	tм	1	0.0305	1.4843
1496	tц	1	0.0305	1.4843
1496	tщ	1	0.0305	1.4843
1496	tя	1	0.0305	1.4843
1496	tё	1	0.0305	1.4843
1496	uа	1	0.0305	1.4843
1496	uг	1	0.0305	1.4843
1496	uз	1	0.0305	1.4843
1496	uи	1	0.0305	1.4843
1496	uй	1	0.0305	1.4843
1496	uт	1	0.0305	1.4843
1496	uш	1	0.0305	1.4843
1496	uщ	1	0.0305	1.4843
1496	uю	1	0.0305	1.4843
1496	vf	1	0.0305	1.4843
1496	vz	1	0.0305	1.4843
1496	vг	1	0.0305	1.4843
1496	vз	1	0.0305	1.4843
1496	vл	1	0.0305	1.4843
1496	vя	1	0.0305	1.4843
1496	wp	1	0.0305	1.4843
1496	wq	1	0.0305	1.4843
1496	wо	1	0.0305	1.4843
1496	wі	1	0.0305	1.4843
1496	xg	1	0.0305	1.4843
1496	xn	1	0.0305	1.4843
1496	xq	1	0.0305	1.4843
1496	xл	1	0.0305	1.4843
1496	xп	1	0.0305	1.4843
1496	xэ	1	0.0305	1.4843
1496	yэ	1	0.0305	1.4843
1496	zj	1	0.0305	1.4843
1496	zk	1	0.0305	1.4843
1496	zа	1	0.0305	1.4843
1496	zг	1	0.0305	1.4843
1496	zе	1	0.0305	1.4843
1496	zи	1	0.0305	1.4843
1496	zп	1	0.0305	1.4843
1496	µб	1	0.0305	1.4843
1496	µх	1	0.0305	1.4843
1496	áе	1	0.0305	1.4843
1496	áл	1	0.0305	1.4843
1496	áм	1	0.0305	1.4843
1496	ât	1	0.0305	1.4843
1496	ã$	1	0.0305	1.4843
1496	äm	1	0.0305	1.4843
1496	ès	1	0.0305	1.4843
1496	él	1	0.0305	1.4843
1496	év	1	0.0305	1.4843
1496	éд	1	0.0305	1.4843
1496	éм	1	0.0305	1.4843
1496	éн	1	0.0305	1.4843
1496	ño	1	0.0305	1.4843
1496	ós	1	0.0305	1.4843
1496	ôn	1	0.0305	1.4843
1496	ôt	1	0.0305	1.4843
1496	öt	1	0.0305	1.4843
1496	öy	1	0.0305	1.4843
1496	ør	1	0.0305	1.4843
1496	ún	1	0.0305	1.4843
1496	üe	1	0.0305	1.4843
1496	́в	1	0.0305	1.4843
1496	́е	1	0.0305	1.4843
1496	́к	1	0.0305	1.4843
1496	́у	1	0.0305	1.4843
1496	́ш	1	0.0305	1.4843
1496	ι$	1	0.0305	1.4843
1496	аd	1	0.0305	1.4843
1496	аe	1	0.0305	1.4843
1496	аg	1	0.0305	1.4843
1496	аk	1	0.0305	1.4843
1496	аs	1	0.0305	1.4843
1496	бh	1	0.0305	1.4843
1496	бn	1	0.0305	1.4843
1496	вl	1	0.0305	1.4843
1496	вu	1	0.0305	1.4843
1496	вѣ	1	0.0305	1.4843
1496	вѫ	1	0.0305	1.4843
1496	гk	1	0.0305	1.4843
1496	гu	1	0.0305	1.4843
1496	дé	1	0.0305	1.4843
1496	еb	1	0.0305	1.4843
1496	еd	1	0.0305	1.4843
1496	еk	1	0.0305	1.4843
1496	еq	1	0.0305	1.4843
1496	еu	1	0.0305	1.4843
1496	жl	1	0.0305	1.4843
1496	зv	1	0.0305	1.4843
1496	иd	1	0.0305	1.4843
1496	иj	1	0.0305	1.4843
1496	иl	1	0.0305	1.4843
1496	иў	1	0.0305	1.4843
1496	и҄	1	0.0305	1.4843
1496	йb	1	0.0305	1.4843
1496	йk	1	0.0305	1.4843
1496	йў	1	0.0305	1.4843
1496	кg	1	0.0305	1.4843
1496	кh	1	0.0305	1.4843
1496	кl	1	0.0305	1.4843
1496	кr	1	0.0305	1.4843
1496	кá	1	0.0305	1.4843
1496	лb	1	0.0305	1.4843
1496	лf	1	0.0305	1.4843
1496	лn	1	0.0305	1.4843
1496	лp	1	0.0305	1.4843
1496	лt	1	0.0305	1.4843
1496	лµ	1	0.0305	1.4843
1496	мs	1	0.0305	1.4843
1496	мu	1	0.0305	1.4843
1496	нl	1	0.0305	1.4843
1496	нm	1	0.0305	1.4843
1496	нá	1	0.0305	1.4843
1496	нé	1	0.0305	1.4843
1496	нѣ	1	0.0305	1.4843
1496	нѧ	1	0.0305	1.4843
1496	нꙑ	1	0.0305	1.4843
1496	оa	1	0.0305	1.4843
1496	оl	1	0.0305	1.4843
1496	оu	1	0.0305	1.4843
1496	оw	1	0.0305	1.4843
1496	пk	1	0.0305	1.4843
1496	пl	1	0.0305	1.4843
1496	пt	1	0.0305	1.4843
1496	пu	1	0.0305	1.4843
1496	пж	1	0.0305	1.4843
1496	рh	1	0.0305	1.4843
1496	рm	1	0.0305	1.4843
1496	рr	1	0.0305	1.4843
1496	рѓ	1	0.0305	1.4843
1496	сc	1	0.0305	1.4843
1496	сf	1	0.0305	1.4843
1496	сr	1	0.0305	1.4843
1496	сt	1	0.0305	1.4843
1496	сu	1	0.0305	1.4843
1496	сé	1	0.0305	1.4843
1496	тh	1	0.0305	1.4843
1496	тl	1	0.0305	1.4843
1496	тm	1	0.0305	1.4843
1496	тu	1	0.0305	1.4843
1496	уh	1	0.0305	1.4843
1496	уm	1	0.0305	1.4843
1496	уr	1	0.0305	1.4843
1496	уu	1	0.0305	1.4843
1496	уѥ	1	0.0305	1.4843
1496	фc	1	0.0305	1.4843
1496	фl	1	0.0305	1.4843
1496	фt	1	0.0305	1.4843
1496	хb	1	0.0305	1.4843
1496	хt	1	0.0305	1.4843
1496	хv	1	0.0305	1.4843
1496	цl	1	0.0305	1.4843
1496	цч	1	0.0305	1.4843
1496	чh	1	0.0305	1.4843
1496	чt	1	0.0305	1.4843
1496	шb	1	0.0305	1.4843
1496	шn	1	0.0305	1.4843
1496	шp	1	0.0305	1.4843
1496	шў	1	0.0305	1.4843
1496	щ'	1	0.0305	1.4843
1496	щu	1	0.0305	1.4843
1496	щщ	1	0.0305	1.4843
1496	щъ	1	0.0305	1.4843
1496	щј	1	0.0305	1.4843
1496	ъ-	1	0.0305	1.4843
1496	ът	1	0.0305	1.4843
1496	ъь	1	0.0305	1.4843
1496	ъэ	1	0.0305	1.4843
1496	ъю	1	0.0305	1.4843
1496	ьt	1	0.0305	1.4843
1496	ьы	1	0.0305	1.4843
1496	ьј	1	0.0305	1.4843
1496	эa	1	0.0305	1.4843
1496	эi	1	0.0305	1.4843
1496	эm	1	0.0305	1.4843
1496	эx	1	0.0305	1.4843
1496	эµ	1	0.0305	1.4843
1496	юh	1	0.0305	1.4843
1496	юl	1	0.0305	1.4843
1496	юµ	1	0.0305	1.4843
1496	юѕ	1	0.0305	1.4843
1496	юў	1	0.0305	1.4843
1496	яa	1	0.0305	1.4843
1496	яb	1	0.0305	1.4843
1496	яh	1	0.0305	1.4843
1496	яm	1	0.0305	1.4843
1496	яo	1	0.0305	1.4843
1496	яu	1	0.0305	1.4843
1496	ёh	1	0.0305	1.4843
1496	ёы	1	0.0305	1.4843
1496	ёэ	1	0.0305	1.4843
1496	ёє	1	0.0305	1.4843
1496	ѕ-	1	0.0305	1.4843
1496	ѕў	1	0.0305	1.4843
1496	іa	1	0.0305	1.4843
1496	іb	1	0.0305	1.4843
1496	іk	1	0.0305	1.4843
1496	іv	1	0.0305	1.4843
1496	іé	1	0.0305	1.4843
1496	іь	1	0.0305	1.4843
1496	їb	1	0.0305	1.4843
1496	їь	1	0.0305	1.4843
1496	јд	1	0.0305	1.4843
1496	јж	1	0.0305	1.4843
1496	јэ	1	0.0305	1.4843
1496	јю	1	0.0305	1.4843
1496	њ-	1	0.0305	1.4843
1496	ўд	1	0.0305	1.4843
1496	ўм	1	0.0305	1.4843
1496	ўп	1	0.0305	1.4843
1496	ўъ	1	0.0305	1.4843
1496	ўў	1	0.0305	1.4843
1496	ѣ́	1	0.0305	1.4843
1496	ѣт	1	0.0305	1.4843
1496	ѥе	1	0.0305	1.4843
1496	ѧ$	1	0.0305	1.4843
1496	ѫт	1	0.0305	1.4843
1496	ѵ$	1	0.0305	1.4843
1496	҄з	1	0.0305	1.4843
1496	ґ-	1	0.0305	1.4843
1496	ґa	1	0.0305	1.4843
1496	ґo	1	0.0305	1.4843
1496	ґy	1	0.0305	1.4843
1496	ґч	1	0.0305	1.4843
1496	ґэ	1	0.0305	1.4843
1496	ආය	1	0.0305	1.4843
1496	න්	1	0.0305	1.4843
1496	බෝ	1	0.0305	1.4843
1496	යු	1	0.0305	1.4843
1496	වන	1	0.0305	1.4843
1496	්$	1	0.0305	1.4843
1496	ුබ	1	0.0305	1.4843
1496	ෝව	1	0.0305	1.4843
1496	りの	1	0.0305	1.4843
1496	亀仙	1	0.0305	1.4843
1496	人я	1	0.0305	1.4843
1496	仙人	1	0.0305	1.4843
1496	弾戦	1	0.0305	1.4843
1496	影首	1	0.0305	1.4843
1496	戦車	1	0.0305	1.4843
1496	火球	1	0.0305	1.4843
1496	火遁	1	0.0305	1.4843
1496	球の	1	0.0305	1.4843
1496	縛り	1	0.0305	1.4843
1496	肉弾	1	0.0305	1.4843
1496	豪火	1	0.0305	1.4843
1496	超倍	1	0.0305	1.4843
1496	車$	1	0.0305	1.4843
1496	遁豪	1	0.0305	1.4843
1496	首縛	1	0.0305	1.4843
1496	ꙑи	1	0.0305	1.4843
