Rank	Bigram	Frequency	Frequency per million	Zipf value
1	ے$	55372	46898.1989	7.6712
2	^ک	44198	37434.2013	7.5733
3	ں$	32059	27152.8816	7.4338
4	^ہ	30559	25882.4327	7.413
5	ا$	26936	22813.875	7.3582
6	^ا	25520	21614.5712	7.3347
7	^م	22715	19238.8317	7.2842
8	یں	22674	19204.1061	7.2834
9	ی$	22390	18963.5678	7.2779
10	ر$	17441	14771.9332	7.1694
11	ہ$	16946	14352.6851	7.1569
12	می	14056	11904.9535	7.0757
13	^س	13664	11572.9428	7.0634
14	و$	13013	11021.568	7.0422
15	ہے	12754	10802.2038	7.0335
16	^ن	12549	10628.5758	7.0265
17	ہی	12371	10477.8158	7.0203
18	^ت	12171	10308.4227	7.0132
19	^ب	11803	9996.7392	6.9999
20	کی	10347	8763.5567	6.9427
21	کے	9892	8378.1872	6.9232
22	م$	9841	8334.992	6.9209
23	یا	9470	8020.7676	6.9042
24	یک	9060	7673.5116	6.885
25	^آ	8355	7076.4006	6.8498
26	^پ	8266	7001.0206	6.8452
27	نے	8202	6946.8148	6.8418
28	^ج	8166	6916.324	6.8399
29	ن$	8160	6911.2422	6.8396
30	ان	7879	6673.2448	6.8243
31	کر	7819	6622.4268	6.821
32	ک$	7763	6574.9967	6.8179
33	^ل	7731	6547.8938	6.8161
34	س$	7128	6037.1733	6.7808
35	ہو	7006	5933.8435	6.7733
36	کو	6850	5801.7168	6.7636
37	^و	6731	5700.9279	6.7559
38	ت$	6669	5648.416	6.7519
39	^د	6605	5594.2101	6.7477
40	نہ	6602	5591.6692	6.7475
41	اس	6588	5579.8117	6.7466
42	ور	6566	5561.1785	6.7452
43	ار	6493	5499.35	6.7403
44	ہا	6382	5405.3367	6.7328
45	ای	6298	5334.1916	6.7271
46	سے	6166	5222.3921	6.7179
47	^ی	6151	5209.6876	6.7168
48	^ر	6021	5099.582	6.7075
49	ل$	5784	4898.8511	6.6901
50	پ$	5756	4875.136	6.688
51	وں	5584	4729.4579	6.6748
52	^گ	5570	4717.6004	6.6737
53	یہ	5426	4595.6373	6.6623
54	آپ	5336	4519.4103	6.6551
55	ری	4955	4196.7163	6.6229
56	تم	4927	4173.0013	6.6204
57	^چ	4842	4101.0092	6.6129
58	ھی	4655	3942.6265	6.5958
59	کہ	4558	3860.4708	6.5866
60	تھ	4471	3786.7848	6.5783
61	تا	4450	3768.9985	6.5762
62	جا	4284	3628.4022	6.5597
63	ات	4235	3586.9008	6.5547
63	نا	4235	3586.9008	6.5547
64	ئے	4219	3573.3494	6.5531
65	کا	4204	3560.6449	6.5515
66	او	4119	3488.6528	6.5427
67	ہم	3990	3379.3942	6.5288
68	ب$	3935	3332.811	6.5228
69	ھ$	3783	3204.0722	6.5057
70	با	3779	3200.6843	6.5052
71	ھا	3768	3191.3677	6.504
72	د$	3725	3154.9482	6.499
73	رہ	3693	3127.8453	6.4952
74	وہ	3642	3084.65	6.4892
75	رو	3612	3059.241	6.4856
76	ال	3594	3043.9956	6.4834
77	را	3574	3027.0563	6.481
78	لی	3537	2995.7186	6.4765
79	اں	3507	2970.3096	6.4728
80	وا	3463	2933.0431	6.4673
81	تے	3445	2917.7977	6.4651
82	اہ	3371	2855.1222	6.4556
83	دی	3261	2761.956	6.4412
84	ما	3224	2730.6182	6.4363
85	ام	3202	2711.985	6.4333
86	سا	3049	2582.3992	6.412
87	چھ	3047	2580.7053	6.4117
88	پر	2985	2528.1934	6.4028
89	رے	2982	2525.6525	6.4024
90	ائ	2961	2507.8662	6.3993
91	ئی	2916	2469.7527	6.3927
92	ین	2884	2442.6498	6.3879
93	یر	2819	2387.597	6.378
94	جھ	2786	2359.6472	6.3728
95	ھے	2783	2357.1063	6.3724
96	بھ	2696	2283.4202	6.3586
97	لا	2677	2267.3279	6.3555
98	مج	2625	2223.2856	6.347
99	رن	2603	2204.6524	6.3433
100	لئ	2594	2197.0297	6.3418
101	^خ	2562	2169.9268	6.3364
102	اد	2474	2095.3938	6.3213
103	کھ	2461	2084.3832	6.319
104	نی	2378	2014.085	6.3041
105	لو	2369	2006.4624	6.3024
106	^ٹ	2264	1917.5309	6.2827
107	سک	2252	1907.3673	6.2804
108	ہت	2228	1887.0402	6.2758
109	اب	2213	1874.3357	6.2728
110	^ط	2152	1822.6707	6.2607
111	چا	2104	1782.0164	6.2509
112	ف$	2076	1758.3013	6.2451
113	رت	2074	1756.6074	6.2447
114	^ش	2051	1737.1272	6.2398
115	دو	2013	1704.9425	6.2317
116	کت	1976	1673.6047	6.2237
117	سی	1972	1670.2169	6.2228
118	گا	1957	1657.5124	6.2195
119	یو	1907	1615.1641	6.2082
120	اپ	1888	1599.0717	6.2039
121	^ح	1874	1587.2142	6.2006
122	گی	1858	1573.6627	6.1969
123	ون	1853	1569.4279	6.1957
124	تو	1826	1546.5598	6.1894
125	ھو	1755	1486.4253	6.1721
126	ٹھ	1749	1481.3435	6.1707
127	ند	1745	1477.9556	6.1697
128	دا	1668	1412.7392	6.1501
129	لے	1614	1367.0031	6.1358
130	یس	1600	1355.1455	6.132
131	مل	1591	1347.5228	6.1295
132	^ص	1589	1345.8289	6.129
132	ہر	1589	1345.8289	6.129
133	^ف	1543	1306.8685	6.1162
134	تی	1539	1303.4806	6.1151
135	طر	1495	1266.2141	6.1025
136	دہ	1493	1264.5202	6.1019
137	کن	1484	1256.8975	6.0993
138	ٹ$	1474	1248.4278	6.0964
139	پن	1449	1227.2537	6.0889
140	وئ	1437	1217.0901	6.0853
141	جی	1432	1212.8552	6.0838
142	^ز	1416	1199.3038	6.0789
143	مہ	1415	1198.4568	6.0786
144	ح$	1404	1189.1402	6.0752
145	نت	1390	1177.2827	6.0709
146	یل	1377	1166.2721	6.0668
147	ش$	1369	1159.4964	6.0643
148	کس	1352	1145.098	6.0588
149	e$	1343	1137.4753	6.0559
149	من	1343	1137.4753	6.0559
150	رف	1323	1120.536	6.0494
151	رک	1322	1119.689	6.0491
151	ست	1322	1119.689	6.0491
152	ز$	1292	1094.28	6.0391
153	پا	1283	1086.6573	6.0361
154	چل	1271	1076.4937	6.032
155	گ$	1256	1063.7892	6.0269
156	گر	1255	1062.9423	6.0265
157	بہ	1207	1022.2879	6.0096
158	^ڈ	1206	1021.4409	6.0092
159	^ق	1202	1018.0531	6.0078
160	کچ	1194	1011.2774	6.0049
161	سب	1180	999.4198	5.9997
162	زی	1176	996.032	5.9983
163	بر	1166	987.5623	5.9946
164	s$	1148	972.3169	5.9878
165	بی	1142	967.2351	5.9855
166	نگ	1141	966.3882	5.9852
167	بن	1110	940.1322	5.9732
168	جو	1109	939.2852	5.9728
169	پی	1105	935.8974	5.9712
170	وگ	1092	924.8868	5.9661
171	سو	1080	914.7232	5.9613
172	وس	1074	909.6414	5.9589
173	اؤ	1064	901.1718	5.9548
174	ول	1043	883.3855	5.9462
175	ج$	1017	861.3644	5.9352
176	رح	990	838.4963	5.9235
177	ٹر	989	837.6493	5.9231
178	ھر	975	825.7918	5.9169
179	^ع	971	822.4039	5.9151
179	ؤ$	971	822.4039	5.9151
180	صر	950	804.6177	5.9056
181	یٹ	947	802.0768	5.9042
182	ید	940	796.148	5.901
183	اگ	926	784.2905	5.8945
184	گے	915	774.9738	5.8893
185	سر	914	774.1269	5.8888
186	سم	911	771.586	5.8874
187	ٹی	910	770.739	5.8869
188	اف	907	768.1981	5.8855
189	اک	891	754.6467	5.8777
190	قی	886	750.4118	5.8753
191	مر	879	744.4831	5.8719
192	از	876	741.9422	5.8704
193	مع	865	732.6256	5.8649
194	حا	859	727.5438	5.8619
195	^ض	850	719.9211	5.8573
196	در	838	709.7575	5.8511
197	وی	833	705.5226	5.8485
198	جن	819	693.6651	5.8411
199	نک	813	688.5833	5.838
200	^t	812	687.7364	5.8374
201	خو	809	685.1955	5.8358
202	وش	808	684.3485	5.8353
203	ضر	804	680.9606	5.8331
204	مو	790	669.1031	5.8255
205	ڈ$	786	665.7152	5.8233
206	اص	782	662.3274	5.8211
207	پہ	776	657.2456	5.8177
208	صل	762	645.3881	5.8098
209	ہج	760	643.6941	5.8087
210	وج	759	642.8472	5.8081
211	قت	748	633.5305	5.8018
212	نٹ	746	631.8366	5.8006
213	پو	744	630.1427	5.7994
214	کم	738	625.0609	5.7959
215	اق	725	614.0503	5.7882
216	فی	724	613.2034	5.7876
217	لگ	718	608.1216	5.784
218	کل	716	606.4276	5.7828
219	اچ	715	605.5807	5.7822
220	وق	714	604.7337	5.7816
221	گو	706	597.958	5.7767
222	وڑ	701	593.7231	5.7736
223	سن	700	592.8762	5.773
224	شا	696	589.4883	5.7705
225	نو	692	586.1004	5.768
226	یق	690	584.4065	5.7667
227	نڈ	683	578.4777	5.7623
228	in	682	577.6308	5.7617
229	ہن	675	571.702	5.7572
230	یز	673	570.0081	5.7559
231	بت	672	569.1611	5.7552
232	نس	668	565.7733	5.7526
233	وم	666	564.0793	5.7513
234	^ء	664	562.3854	5.75
234	پھ	664	562.3854	5.75
235	بل	662	560.6915	5.7487
236	ہل	657	556.4566	5.7454
237	مت	651	551.3748	5.7414
238	تر	650	550.5279	5.7408
239	رد	647	547.987	5.7388
240	یم	639	541.2112	5.7334
241	رم	633	536.1295	5.7293
242	رس	621	525.9659	5.721
243	تہ	620	525.1189	5.7203
244	جہ	615	520.8841	5.7167
245	ود	613	519.1901	5.7153
246	n$	611	517.4962	5.7139
247	فر	607	514.1083	5.7111
247	پس	607	514.1083	5.7111
248	مح	602	509.8735	5.7075
249	ڑ$	600	508.1796	5.706
250	ٹا	596	504.7917	5.7031
251	^m	594	503.0978	5.7017
252	طو	589	498.8629	5.698
253	لک	586	496.3221	5.6958
254	فو	583	493.7812	5.6935
255	an	581	492.0872	5.692
255	یت	581	492.0872	5.692
256	t$	580	491.2403	5.6913
257	عل	579	490.3933	5.6905
258	قا	578	489.5463	5.6898
258	وک	578	489.5463	5.6898
259	لہ	577	488.6994	5.689
260	er	569	481.9236	5.683
261	ع$	566	479.3827	5.6807
262	th	563	476.8418	5.6784
263	وٹ	560	474.3009	5.6761
264	گھ	554	469.2191	5.6714
265	ھن	552	467.5252	5.6698
266	دن	548	464.1373	5.6666
267	خ$	547	463.2904	5.6659
268	چی	544	460.7495	5.6635
269	عا	541	458.2086	5.6611
270	دم	538	455.6677	5.6586
271	عد	537	454.8207	5.6578
271	وت	537	454.8207	5.6578
272	اح	533	451.4329	5.6546
273	تل	531	449.7389	5.653
274	مد	527	446.3511	5.6497
275	شک	524	443.8102	5.6472
276	بو	523	442.9632	5.6464
276	ق$	523	442.9632	5.6464
277	^µ	522	442.1162	5.6455
277	خت	522	442.1162	5.6455
278	ظ$	520	440.4223	5.6439
279	یش	513	434.4935	5.638
280	وب	511	432.7996	5.6363
281	شہ	508	430.2587	5.6337
282	آ$	507	429.4117	5.6329
282	تک	507	429.4117	5.6329
282	سٹ	507	429.4117	5.6329
282	پت	507	429.4117	5.6329
282	گل	507	429.4117	5.6329
283	he	506	428.5648	5.632
284	یچ	504	426.8708	5.6303
285	ِ$	500	423.483	5.6268
286	d$	499	422.636	5.626
287	چ$	497	420.9421	5.6242
287	ڈی	497	420.9421	5.6242
288	وچ	494	418.4012	5.6216
289	ڈا	491	415.8603	5.6189
290	مس	488	413.3194	5.6163
290	کب	488	413.3194	5.6163
291	فا	487	412.4724	5.6154
292	^s	486	411.6255	5.6145
293	^a	485	410.7785	5.6136
294	on	481	407.3906	5.61
295	اش	479	405.6967	5.6082
296	لن	472	399.7679	5.6018
297	عم	471	398.921	5.6009
298	جب	469	397.227	5.599
299	^i	468	396.3801	5.5981
300	شی	457	387.0634	5.5878
301	^غ	456	386.2165	5.5868
302	ڑا	453	383.6756	5.584
303	ط$	452	382.8286	5.583
304	^c	446	377.7468	5.5772
304	دھ	446	377.7468	5.5772
305	re	445	376.8999	5.5762
306	^ئ	443	375.2059	5.5743
306	تن	443	375.2059	5.5743
307	اع	439	371.8181	5.5703
308	^b	436	369.2772	5.5674
309	r$	434	367.5832	5.5654
310	لڑ	433	366.7363	5.5644
311	گت	428	362.5014	5.5593
312	^d	427	361.6545	5.5583
313	î$	426	360.8075	5.5573
314	یے	425	359.9605	5.5563
315	زا	423	358.2666	5.5542
316	تع	420	355.7257	5.5511
317	ءِ	418	354.0318	5.549
318	^f	417	353.1848	5.548
319	نج	414	350.6439	5.5449
320	y$	413	349.7969	5.5438
321	^o	411	348.103	5.5417
322	لد	408	345.5621	5.5385
323	خر	405	343.0212	5.5353
324	ظا	397	336.2455	5.5267
325	صا	396	335.3985	5.5256
325	یڈ	396	335.3985	5.5256
326	خا	390	330.3167	5.5189
326	یج	390	330.3167	5.5189
327	nd	387	327.7758	5.5156
328	آد	386	326.9289	5.5145
329	^إ	385	326.0819	5.5133
330	بڑ	382	323.541	5.5099
331	^w	381	322.694	5.5088
331	بچ	381	322.694	5.5088
332	ڈر	379	321.0001	5.5065
333	کٹ	378	320.1531	5.5054
334	^ذ	377	319.3062	5.5042
335	تح	375	317.6122	5.5019
336	ڑے	373	315.9183	5.4996
337	چے	369	312.5304	5.4949
338	ٹو	368	311.6835	5.4937
339	ou	367	310.8365	5.4925
340	صو	364	308.2956	5.489
341	خی	363	307.4486	5.4878
342	ء$	360	304.9077	5.4842
343	رب	358	303.2138	5.4817
344	o$	357	302.3668	5.4805
345	l$	356	301.5199	5.4793
346	حب	354	299.8259	5.4769
347	ar	353	298.979	5.4756
347	ڑک	353	298.979	5.4756
348	a$	350	296.4381	5.4719
349	دد	342	289.6624	5.4619
350	دے	341	288.8154	5.4606
350	ھت	341	288.8154	5.4606
351	یب	334	282.8866	5.4516
352	لت	333	282.0397	5.4503
353	^h	332	281.1927	5.449
353	is	332	281.1927	5.449
354	رٹ	331	280.3457	5.4477
355	شن	330	279.4988	5.4464
355	وع	330	279.4988	5.4464
356	گئ	329	278.6518	5.4451
357	دگ	327	276.9579	5.4424
358	i$	326	276.1109	5.4411
358	اط	326	276.1109	5.4411
359	ng	321	271.8761	5.4344
360	بع	320	271.0291	5.433
360	سپ	320	271.0291	5.433
361	ri	318	269.3352	5.4303
362	to	317	268.4882	5.4289
363	زن	316	267.6412	5.4276
363	شر	316	267.6412	5.4276
363	مق	316	267.6412	5.4276
363	پڑ	316	267.6412	5.4276
364	حم	315	266.7943	5.4262
365	رج	314	265.9473	5.4248
365	نظ	314	265.9473	5.4248
366	اج	313	265.1003	5.4234
367	ئ$	312	264.2534	5.422
367	ڑی	312	264.2534	5.422
368	ne	311	263.4064	5.4206
368	جر	311	263.4064	5.4206
368	چو	311	263.4064	5.4206
369	خد	310	262.5594	5.4192
370	لب	309	261.7125	5.4178
371	آئ	308	260.8655	5.4164
372	مش	305	258.3246	5.4122
373	at	303	256.6307	5.4093
374	حف	302	255.7837	5.4079
374	لم	302	255.7837	5.4079
375	مب	301	254.9368	5.4064
376	نچ	299	253.2428	5.4035
377	عی	297	251.5489	5.4006
378	g$	296	250.7019	5.3992
378	ہد	296	250.7019	5.3992
379	or	295	249.855	5.3977
380	مک	293	248.161	5.3947
381	ئن	292	247.3141	5.3932
382	طل	291	246.4671	5.3918
383	بد	290	245.6201	5.3903
384	اخ	288	243.9262	5.3873
385	حق	287	243.0792	5.3857
385	قع	287	243.0792	5.3857
385	ي$	287	243.0792	5.3857
386	^ّ	286	242.2323	5.3842
386	اٹ	286	242.2323	5.3842
386	نم	286	242.2323	5.3842
387	سل	284	240.5383	5.3812
387	مط	284	240.5383	5.3812
388	^l	283	239.6914	5.3797
389	تق	282	238.8444	5.3781
389	ہي	282	238.8444	5.3781
390	إ$	281	237.9974	5.3766
390	تب	281	237.9974	5.3766
390	يں	281	237.9974	5.3766
390	پک	281	237.9974	5.3766
391	es	280	237.1505	5.375
392	غی	277	234.6096	5.3703
393	st	276	233.7626	5.3688
394	^y	275	232.9156	5.3672
395	it	274	232.0687	5.3656
396	دل	271	229.5278	5.3608
397	ea	270	228.6808	5.3592
398	شش	268	226.9869	5.356
399	x$	267	226.1399	5.3544
400	ha	266	225.2929	5.3527
400	te	266	225.2929	5.3527
401	جل	265	224.446	5.3511
402	کڑ	264	223.599	5.3495
402	ہہ	264	223.599	5.3495
403	ll	263	222.752	5.3478
404	رڈ	262	221.9051	5.3462
405	ئل	260	220.2111	5.3428
405	لف	260	220.2111	5.3428
406	en	258	218.5172	5.3395
406	µé	258	218.5172	5.3395
407	µ$	257	217.6703	5.3378
408	os	256	216.8233	5.3361
408	نن	256	216.8233	5.3361
409	^g	254	215.1294	5.3327
409	بس	254	215.1294	5.3327
410	قد	251	212.5885	5.3275
411	ذر	248	210.0476	5.3223
412	^ھ	246	208.3536	5.3188
413	^r	244	206.6597	5.3153
413	شت	244	206.6597	5.3153
413	ص$	244	206.6597	5.3153
414	ck	243	205.8127	5.3135
415	اڑ	242	204.9658	5.3117
415	طا	242	204.9658	5.3117
415	ك$	242	204.9658	5.3117
415	لط	242	204.9658	5.3117
416	گہ	241	204.1188	5.3099
417	le	240	203.2718	5.3081
417	ئر	240	203.2718	5.3081
418	mr	238	201.5779	5.3044
419	^e	237	200.7309	5.3026
420	do	235	199.037	5.2989
420	ve	235	199.037	5.2989
420	فت	235	199.037	5.2989
421	yo	234	198.19	5.2971
421	آخ	234	198.19	5.2971
422	no	233	197.3431	5.2952
423	آن	231	195.6491	5.2915
423	ذا	231	195.6491	5.2915
423	قس	231	195.6491	5.2915
423	ٹن	231	195.6491	5.2915
424	قر	229	193.9552	5.2877
425	^p	226	191.4143	5.282
426	ti	225	190.5673	5.28
426	گن	225	190.5673	5.28
427	rx	224	189.7204	5.2781
428	^ç	221	187.1795	5.2723
428	ni	221	187.1795	5.2723
428	حی	221	187.1795	5.2723
428	وز	221	187.1795	5.2723
429	la	220	186.3325	5.2703
429	ma	220	186.3325	5.2703
430	تظ	219	185.4855	5.2683
431	^أ	215	182.0977	5.2603
431	وپ	215	182.0977	5.2603
432	^ؤ	214	181.2507	5.2583
432	^ظ	214	181.2507	5.2583
432	hi	214	181.2507	5.2583
432	ڑھ	214	181.2507	5.2583
433	ss	211	178.7098	5.2521
433	ڈن	211	178.7098	5.2521
434	al	210	177.8629	5.2501
434	مز	210	177.8629	5.2501
435	^k	209	177.0159	5.248
435	جگ	209	177.0159	5.248
436	حک	208	176.1689	5.2459
436	ہئ	208	176.1689	5.2459
437	خل	207	175.322	5.2438
437	یگ	207	175.322	5.2438
438	غل	206	174.475	5.2417
439	li	205	173.628	5.2396
440	^n	204	172.7811	5.2375
440	é$	204	172.7811	5.2375
441	ur	202	171.0871	5.2332
441	غا	202	171.0871	5.2332
442	ro	201	170.2402	5.2311
443	اض	200	169.3932	5.2289
444	دس	197	166.8523	5.2223
445	^ث	196	166.0053	5.2201
445	ki	196	166.0053	5.2201
445	ol	196	166.0053	5.2201
445	جس	196	166.0053	5.2201
446	me	195	165.1584	5.2179
446	چک	195	165.1584	5.2179
446	یف	195	165.1584	5.2179
447	قو	194	164.3114	5.2157
447	ٹے	194	164.3114	5.2157
448	de	193	163.4644	5.2134
448	جم	193	163.4644	5.2134
448	زم	193	163.4644	5.2134
449	آت	192	162.6175	5.2112
449	وف	192	162.6175	5.2112
450	se	191	161.7705	5.2089
451	lo	190	160.9235	5.2066
451	u$	190	160.9235	5.2066
452	co	187	158.3826	5.1997
452	حت	187	158.3826	5.1997
452	قل	187	158.3826	5.1997
453	ra	186	157.5357	5.1974
453	آر	186	157.5357	5.1974
453	یپ	186	157.5357	5.1974
454	مم	185	156.6887	5.195
454	یح	185	156.6887	5.195
455	di	184	155.8417	5.1927
455	بغ	184	155.8417	5.1927
455	ظر	184	155.8417	5.1927
456	be	183	154.9948	5.1903
457	k$	182	154.1478	5.1879
457	زہ	182	154.1478	5.1879
457	عو	182	154.1478	5.1879
457	مخ	182	154.1478	5.1879
458	^î	180	152.4539	5.1831
458	آج	180	152.4539	5.1831
459	rn	179	151.6069	5.1807
460	el	178	150.7599	5.1783
460	زو	178	150.7599	5.1783
461	مپ	177	149.913	5.1758
461	ہع	177	149.913	5.1758
462	ہخ	175	148.219	5.1709
463	صد	174	147.3721	5.1684
464	عت	173	146.5251	5.1659
464	ڈو	173	146.5251	5.1659
465	ض$	172	145.6781	5.1634
465	ھل	172	145.6781	5.1634
465	ہض	172	145.6781	5.1634
466	us	171	144.8312	5.1609
467	µµ	170	143.9842	5.1583
468	ho	169	143.1372	5.1558
468	نص	169	143.1372	5.1558
469	ed	168	142.2903	5.1532
470	ءہ	167	141.4433	5.1506
471	ca	166	140.5963	5.148
472	m$	165	139.7494	5.1453
472	حس	165	139.7494	5.1453
472	صح	165	139.7494	5.1453
472	قب	165	139.7494	5.1453
472	گز	165	139.7494	5.1453
473	h$	164	138.9024	5.1427
474	^ى	161	136.3615	5.1347
474	ds	161	136.3615	5.1347
474	tr	161	136.3615	5.1347
474	یئ	161	136.3615	5.1347
475	دف	160	135.5146	5.132
476	رل	158	133.8206	5.1265
477	^j	157	132.9737	5.1238
477	po	157	132.9737	5.1238
478	آس	156	132.1267	5.121
479	ot	155	131.2797	5.1182
479	شم	155	131.2797	5.1182
479	ھڑ	155	131.2797	5.1182
480	et	153	129.5858	5.1126
481	ac	152	128.7388	5.1097
481	ch	152	128.7388	5.1097
481	ؤں	152	128.7388	5.1097
481	بے	152	128.7388	5.1097
482	ta	151	127.8919	5.1068
482	خص	151	127.8919	5.1068
483	آگ	150	127.0449	5.104
483	اظ	150	127.0449	5.104
483	رق	150	127.0449	5.104
484	^â	149	126.1979	5.1011
484	ry	149	126.1979	5.1011
485	^ِ	148	125.351	5.0981
485	â$	148	125.351	5.0981
485	ئب	148	125.351	5.0981
485	سئ	148	125.351	5.0981
485	َ$	148	125.351	5.0981
485	یع	148	125.351	5.0981
486	قص	147	124.504	5.0952
487	چن	146	123.657	5.0922
488	خط	145	122.8101	5.0892
489	دش	143	121.1161	5.0832
490	دک	141	119.4222	5.0771
491	شخ	139	117.7283	5.0709
491	طی	139	117.7283	5.0709
491	پل	139	117.7283	5.0709
492	fr	138	116.8813	5.0677
492	of	138	116.8813	5.0677
492	op	138	116.8813	5.0677
492	ٹک	138	116.8813	5.0677
492	ڑن	138	116.8813	5.0677
493	فس	137	116.0343	5.0646
494	ge	136	115.1874	5.0614
494	uc	136	115.1874	5.0614
494	ڑو	136	115.1874	5.0614
495	rd	135	114.3404	5.0582
495	تج	135	114.3404	5.0582
496	رچ	134	113.4934	5.055
496	سچ	134	113.4934	5.055
496	فظ	134	113.4934	5.055
497	رز	133	112.6465	5.0517
498	da	132	111.7995	5.0484
498	il	132	111.7995	5.0484
499	as	131	110.9525	5.0451
499	وظ	131	110.9525	5.0451
499	پٹ	131	110.9525	5.0451
500	ہٹ	130	110.1056	5.0418
501	fu	129	109.2586	5.0385
501	un	129	109.2586	5.0385
501	آو	129	109.2586	5.0385
502	نئ	128	108.4116	5.0351
503	دت	127	107.5647	5.0317
503	نر	127	107.5647	5.0317
504	^'	126	106.7177	5.0282
504	ns	126	106.7177	5.0282
504	nt	126	106.7177	5.0282
505	حص	125	105.8707	5.0248
505	رش	125	105.8707	5.0248
506	ec	124	105.0238	5.0213
506	رخ	124	105.0238	5.0213
507	آی	123	104.1768	5.0178
508	ow	122	103.3298	5.0142
508	sa	122	103.3298	5.0142
508	حد	122	103.3298	5.0142
508	نش	122	103.3298	5.0142
508	نل	122	103.3298	5.0142
508	چہ	122	103.3298	5.0142
509	ie	121	102.4829	5.0107
509	ke	121	102.4829	5.0107
510	ic	120	101.6359	5.007
510	io	120	101.6359	5.007
510	وڈ	120	101.6359	5.007
511	wh	119	100.7889	5.0034
512	^u	118	99.942	4.9997
512	لس	118	99.942	4.9997
513	اغ	117	99.095	4.9961
513	عہ	117	99.095	4.9961
514	ؤن	116	98.2481	4.9923
514	زے	116	98.2481	4.9923
514	سف	116	98.2481	4.9923
514	لر	116	98.2481	4.9923
514	مٹ	116	98.2481	4.9923
515	çإ	115	97.4011	4.9886
515	éہ	115	97.4011	4.9886
515	رپ	115	97.4011	4.9886
515	نق	115	97.4011	4.9886
516	rs	114	96.5541	4.9848
516	تخ	114	96.5541	4.9848
516	عے	114	96.5541	4.9848
517	قہ	113	95.7072	4.9809
518	ْ$	111	94.0132	4.9732
519	ut	110	93.1663	4.9693
519	ç$	110	93.1663	4.9693
520	بک	109	92.3193	4.9653
520	فل	109	92.3193	4.9653
521	آ	108	91.4723	4.9613
521	ثا	108	91.4723	4.9613
522	عر	107	90.6254	4.9572
522	لٹ	107	90.6254	4.9572
523	pa	106	89.7784	4.9532
523	ئد	106	89.7784	4.9532
524	آہ	105	88.9314	4.9491
524	رر	105	88.9314	4.9491
525	لق	104	88.0845	4.9449
526	am	103	87.2375	4.9407
526	ce	103	87.2375	4.9407
526	id	103	87.2375	4.9407
526	om	103	87.2375	4.9407
526	سہ	103	87.2375	4.9407
526	ّ$	103	87.2375	4.9407
527	go	102	86.3905	4.9365
527	ia	102	86.3905	4.9365
527	بص	102	86.3905	4.9365
527	ضا	102	86.3905	4.9365
527	غ$	102	86.3905	4.9365
528	إہ	101	85.5436	4.9322
528	ہْ	101	85.5436	4.9322
529	si	100	84.6966	4.9279
529	أ$	100	84.6966	4.9279
529	حر	100	84.6966	4.9279
530	im	99	83.8496	4.9235
530	بح	99	83.8496	4.9235
530	جئ	99	83.8496	4.9235
530	خب	99	83.8496	4.9235
530	زب	99	83.8496	4.9235
530	صی	99	83.8496	4.9235
530	کش	99	83.8496	4.9235
530	ہف	99	83.8496	4.9235
531	f$	98	83.0027	4.9191
531	od	98	83.0027	4.9191
531	pe	98	83.0027	4.9191
532	حل	97	82.1557	4.9146
532	فہ	97	82.1557	4.9146
532	ھپ	97	82.1557	4.9146
533	pt	96	81.3087	4.9101
533	wi	96	81.3087	4.9101
533	دء	96	81.3087	4.9101
534	yp	95	80.4618	4.9056
534	تف	95	80.4618	4.9056
534	شو	95	80.4618	4.9056
535	^ë	94	79.6148	4.901
536	ag	93	78.7678	4.8963
536	ul	93	78.7678	4.8963
536	خہ	93	78.7678	4.8963
536	ہü	93	78.7678	4.8963
537	au	92	77.9209	4.8917
537	oo	92	77.9209	4.8917
537	یخ	92	77.9209	4.8917
538	^ً	91	77.0739	4.8869
538	رگ	91	77.0739	4.8869
538	صف	91	77.0739	4.8869
538	ضح	91	77.0739	4.8869
538	ڑت	91	77.0739	4.8869
539	sh	90	76.2269	4.8821
539	w$	90	76.2269	4.8821
539	عذ	90	76.2269	4.8821
540	^ي	89	75.38	4.8773
540	av	89	75.38	4.8773
540	تص	89	75.38	4.8773
541	ap	88	74.533	4.8723
541	bl	88	74.533	4.8723
541	bn	88	74.533	4.8723
541	eu	88	74.533	4.8723
541	زل	88	74.533	4.8723
541	لز	88	74.533	4.8723
541	ہز	88	74.533	4.8723
542	we	87	73.686	4.8674
542	ٹس	87	73.686	4.8674
542	ھٹ	87	73.686	4.8674
543	fo	86	72.8391	4.8624
543	آم	86	72.8391	4.8624
543	اء	86	72.8391	4.8624
543	زت	86	72.8391	4.8624
544	بق	85	71.9921	4.8573
544	فن	85	71.9921	4.8573
544	چر	85	71.9921	4.8573
545	bo	84	71.1451	4.8521
545	ظی	84	71.1451	4.8521
545	عظ	84	71.1451	4.8521
546	ee	83	70.2982	4.8469
546	je	83	70.2982	4.8469
546	اڈ	83	70.2982	4.8469
546	اے	83	70.2982	4.8469
546	صہ	83	70.2982	4.8469
546	طہ	83	70.2982	4.8469
546	ظت	83	70.2982	4.8469
546	یص	83	70.2982	4.8469
547	mo	82	69.4512	4.8417
547	pr	82	69.4512	4.8417
547	حو	82	69.4512	4.8417
547	رض	82	69.4512	4.8417
547	ى$	82	69.4512	4.8417
547	ھک	82	69.4512	4.8417
548	^ٌ	81	68.6042	4.8364
548	ts	81	68.6042	4.8364
548	زش	81	68.6042	4.8364
548	فٹ	81	68.6042	4.8364
548	ٹل	81	68.6042	4.8364
548	ہش	81	68.6042	4.8364
549	ab	80	67.7573	4.831
549	em	80	67.7573	4.831
549	ka	80	67.7573	4.831
549	mi	80	67.7573	4.831
549	وط	80	67.7573	4.831
549	چت	80	67.7573	4.831
550	ئم	79	66.9103	4.8255
550	عن	79	66.9103	4.8255
550	مذ	79	66.9103	4.8255
551	ld	78	66.0633	4.82
551	ءء	78	66.0633	4.82
551	بط	78	66.0633	4.82
552	اك	77	65.2164	4.8144
552	ة$	77	65.2164	4.8144
552	ہذ	77	65.2164	4.8144
553	^ة	76	64.3694	4.8087
553	ig	76	64.3694	4.8087
553	ir	76	64.3694	4.8087
553	kr	76	64.3694	4.8087
553	ءض	76	64.3694	4.8087
553	حہ	76	64.3694	4.8087
553	دظ	76	64.3694	4.8087
553	لح	76	64.3694	4.8087
553	نف	76	64.3694	4.8087
554	ad	75	63.5224	4.8029
554	ay	75	63.5224	4.8029
554	fa	75	63.5224	4.8029
554	sp	75	63.5224	4.8029
554	ءز	75	63.5224	4.8029
554	دع	75	63.5224	4.8029
554	مگ	75	63.5224	4.8029
554	ھہ	75	63.5224	4.8029
555	gh	74	62.6755	4.7971
555	خف	74	62.6755	4.7971
555	عج	74	62.6755	4.7971
556	nc	73	61.8285	4.7912
556	nl	73	61.8285	4.7912
557	na	72	60.9815	4.7852
557	زد	72	60.9815	4.7852
557	شد	72	60.9815	4.7852
557	نب	72	60.9815	4.7852
558	so	71	60.1346	4.7791
558	فک	71	60.1346	4.7791
558	قے	71	60.1346	4.7791
558	لع	71	60.1346	4.7791
558	لل	71	60.1346	4.7791
559	ai	70	59.2876	4.773
559	ئٹ	70	59.2876	4.773
559	کز	70	59.2876	4.773
560	fi	69	58.4407	4.7667
560	ov	69	58.4407	4.7667
560	ثر	69	58.4407	4.7667
561	^َ	68	57.5937	4.7604
561	ba	68	57.5937	4.7604
561	ey	68	57.5937	4.7604
561	سس	68	57.5937	4.7604
561	ضی	68	57.5937	4.7604
562	آز	67	56.7467	4.7539
562	اْ	67	56.7467	4.7539
562	ُ$	67	56.7467	4.7539
563	صب	66	55.8998	4.7474
563	ه$	66	55.8998	4.7474
563	پچ	66	55.8998	4.7474
563	یڑ	66	55.8998	4.7474
564	^ُ	65	55.0528	4.7408
564	fe	65	55.0528	4.7408
564	iv	65	55.0528	4.7408
565	ci	64	54.2058	4.734
565	غو	64	54.2058	4.734
566	c$	63	53.3589	4.7272
566	pi	63	53.3589	4.7272
566	wa	63	53.3589	4.7272
567	عز	62	52.5119	4.7203
567	وص	62	52.5119	4.7203
567	وژ	62	52.5119	4.7203
567	ً$	62	52.5119	4.7203
567	ڈھ	62	52.5119	4.7203
568	su	61	51.6649	4.7132
568	ءّ	61	51.6649	4.7132
568	ذ$	61	51.6649	4.7132
569	تش	60	50.818	4.706
569	دî	60	50.818	4.706
569	سط	60	50.818	4.706
569	ژی	60	50.818	4.706
569	ھم	60	50.818	4.706
570	µإ	59	49.971	4.6987
570	ضہ	59	49.971	4.6987
571	mm	58	49.124	4.6913
571	عب	58	49.124	4.6913
571	کئ	58	49.124	4.6913
572	^è	57	48.2771	4.6837
572	ga	57	48.2771	4.6837
572	إك	57	48.2771	4.6837
572	حض	57	48.2771	4.6837
572	حے	57	48.2771	4.6837
572	مص	57	48.2771	4.6837
572	یغ	57	48.2771	4.6837
573	بج	56	47.4301	4.6761
573	بم	56	47.4301	4.6761
573	ذہ	56	47.4301	4.6761
573	زر	56	47.4301	4.6761
573	ہه	56	47.4301	4.6761
574	cr	55	46.5831	4.6682
574	ct	55	46.5831	4.6682
574	my	55	46.5831	4.6682
574	sk	55	46.5831	4.6682
574	ئئ	55	46.5831	4.6682
574	مض	55	46.5831	4.6682
574	نز	55	46.5831	4.6682
575	's	54	45.7362	4.6603
575	اا	54	45.7362	4.6603
575	جك	54	45.7362	4.6603
575	جے	54	45.7362	4.6603
575	دآ	54	45.7362	4.6603
575	دب	54	45.7362	4.6603
575	وخ	54	45.7362	4.6603
576	dr	53	44.8892	4.6521
576	ja	53	44.8892	4.6521
576	آؤ	53	44.8892	4.6521
576	ئؤ	53	44.8892	4.6521
576	ڈب	53	44.8892	4.6521
576	کپ	53	44.8892	4.6521
576	گد	53	44.8892	4.6521
577	سخ	52	44.0422	4.6439
577	سز	52	44.0422	4.6439
577	قط	52	44.0422	4.6439
578	ev	51	43.1953	4.6354
578	gi	51	43.1953	4.6354
578	pu	51	43.1953	4.6354
578	rr	51	43.1953	4.6354
578	wo	51	43.1953	4.6354
578	ë$	51	43.1953	4.6354
578	أئ	51	43.1953	4.6354
578	خن	51	43.1953	4.6354
578	دخ	51	43.1953	4.6354
578	ضî	51	43.1953	4.6354
578	وو	51	43.1953	4.6354
579	^ك	50	42.3483	4.6268
579	ei	50	42.3483	4.6268
579	اث	50	42.3483	4.6268
579	خش	50	42.3483	4.6268
579	ذم	50	42.3483	4.6268
579	عق	50	42.3483	4.6268
579	فع	50	42.3483	4.6268
580	^à	49	41.5013	4.6181
580	bu	49	41.5013	4.6181
580	kn	49	41.5013	4.6181
580	p$	49	41.5013	4.6181
580	tt	49	41.5013	4.6181
580	à$	49	41.5013	4.6181
580	سڑ	49	41.5013	4.6181
581	^z	48	40.6544	4.6091
581	ok	48	40.6544	4.6091
581	rt	48	40.6544	4.6091
581	ئڈ	48	40.6544	4.6091
581	ضب	48	40.6544	4.6091
581	یی	48	40.6544	4.6091
582	gd	47	39.8074	4.6
582	ht	47	39.8074	4.6
582	ik	47	39.8074	4.6
582	µه	47	39.8074	4.6
582	çہ	47	39.8074	4.6
582	آف	47	39.8074	4.6
582	ئہ	47	39.8074	4.6
582	ثب	47	39.8074	4.6
582	جت	47	39.8074	4.6
582	لچ	47	39.8074	4.6
582	نع	47	39.8074	4.6
582	ّہ	47	39.8074	4.6
582	گڈ	47	39.8074	4.6
582	ہس	47	39.8074	4.6
583	rg	46	38.9604	4.5906
583	sm	46	38.9604	4.5906
583	µç	46	38.9604	4.5906
583	آµ	46	38.9604	4.5906
583	جء	46	38.9604	4.5906
584	^v	45	38.1135	4.5811
584	ef	45	38.1135	4.5811
584	n'	45	38.1135	4.5811
584	rc	45	38.1135	4.5811
584	شل	45	38.1135	4.5811
584	لڈ	45	38.1135	4.5811
584	چپ	45	38.1135	4.5811
584	ڈل	45	38.1135	4.5811
584	ڈے	45	38.1135	4.5811
585	^ْ	44	37.2665	4.5713
585	ak	44	37.2665	4.5713
585	gr	44	37.2665	4.5713
585	nk	44	37.2665	4.5713
585	nn	44	37.2665	4.5713
585	um	44	37.2665	4.5713
585	ءك	44	37.2665	4.5713
585	جز	44	37.2665	4.5713
585	نپ	44	37.2665	4.5713
585	ّا	44	37.2665	4.5713
586	't	43	36.4195	4.5613
586	^x	43	36.4195	4.5613
586	ly	43	36.4195	4.5613
586	µئ	43	36.4195	4.5613
586	زخ	43	36.4195	4.5613
586	مث	43	36.4195	4.5613
586	ْî	43	36.4195	4.5613
587	ju	42	35.5726	4.5511
587	ze	42	35.5726	4.5511
587	ؤج	42	35.5726	4.5511
587	نح	42	35.5726	4.5511
587	ًµ	42	35.5726	4.5511
587	ّî	42	35.5726	4.5511
587	ںچ	42	35.5726	4.5511
588	dd	41	34.7256	4.5406
588	if	41	34.7256	4.5406
588	ru	41	34.7256	4.5406
588	z$	41	34.7256	4.5406
588	ëا	41	34.7256	4.5406
588	ءا	41	34.7256	4.5406
588	اِ	41	34.7256	4.5406
588	تس	41	34.7256	4.5406
588	ضآ	41	34.7256	4.5406
588	لغ	41	34.7256	4.5406
588	ٌ$	41	34.7256	4.5406
589	ty	40	33.8786	4.5299
589	vi	40	33.8786	4.5299
589	ü$	40	33.8786	4.5299
589	ءà	40	33.8786	4.5299
589	ؤأ	40	33.8786	4.5299
589	بز	40	33.8786	4.5299
589	عخ	40	33.8786	4.5299
589	مف	40	33.8786	4.5299
589	ِس	40	33.8786	4.5299
589	ٹم	40	33.8786	4.5299
590	^ê	39	33.0317	4.5189
590	اً	39	33.0317	4.5189
590	ظم	39	33.0317	4.5189
590	لپ	39	33.0317	4.5189
590	ّش	39	33.0317	4.5189
590	ْس	39	33.0317	4.5189
590	ْہ	39	33.0317	4.5189
591	ps	38	32.1847	4.5076
591	xx	38	32.1847	4.5076
591	µہ	38	32.1847	4.5076
591	بء	38	32.1847	4.5076
591	دي	38	32.1847	4.5076
591	طف	38	32.1847	4.5076
591	ظي	38	32.1847	4.5076
591	مے	38	32.1847	4.5076
591	ِµ	38	32.1847	4.5076
592	cl	37	31.3377	4.4961
592	ex	37	31.3377	4.4961
592	mp	37	31.3377	4.4961
592	mu	37	31.3377	4.4961
592	pl	37	31.3377	4.4961
592	ue	37	31.3377	4.4961
592	ؤع	37	31.3377	4.4961
592	جک	37	31.3377	4.4961
592	خµ	37	31.3377	4.4961
592	طء	37	31.3377	4.4961
592	قم	37	31.3377	4.4961
592	ڈم	37	31.3377	4.4961
592	ھئ	37	31.3377	4.4961
592	ےک	37	31.3377	4.4961
593	bi	36	30.4908	4.4842
593	µا	36	30.4908	4.4842
593	µخ	36	30.4908	4.4842
593	ûئ	36	30.4908	4.4842
593	ئû	36	30.4908	4.4842
593	جذ	36	30.4908	4.4842
593	خم	36	30.4908	4.4842
593	ظہ	36	30.4908	4.4842
593	گٹ	36	30.4908	4.4842
593	ھگ	36	30.4908	4.4842
594	br	35	29.6438	4.4719
594	ip	35	29.6438	4.4719
594	µً	35	29.6438	4.4719
594	âہ	35	29.6438	4.4719
594	إح	35	29.6438	4.4719
594	إُ	35	29.6438	4.4719
594	بخ	35	29.6438	4.4719
594	ث$	35	29.6438	4.4719
594	جد	35	29.6438	4.4719
594	مچ	35	29.6438	4.4719
594	ڈس	35	29.6438	4.4719
595	rk	34	28.7968	4.4593
595	t'	34	28.7968	4.4593
595	إَ	34	28.7968	4.4593
595	ئء	34	28.7968	4.4593
595	ئش	34	28.7968	4.4593
595	ذی	34	28.7968	4.4593
595	عء	34	28.7968	4.4593
596	^ٍ	33	27.9499	4.4464
596	hr	33	27.9499	4.4464
596	sc	33	27.9499	4.4464
596	yn	33	27.9499	4.4464
596	تد	33	27.9499	4.4464
596	شے	33	27.9499	4.4464
596	فص	33	27.9499	4.4464
596	وض	33	27.9499	4.4464
596	چس	33	27.9499	4.4464
596	چڑ	33	27.9499	4.4464
597	dy	32	27.1029	4.433
597	oi	32	27.1029	4.433
597	îµ	32	27.1029	4.433
597	أہ	32	27.1029	4.433
597	ِء	32	27.1029	4.433
597	ڈز	32	27.1029	4.433
598	^ü	31	26.2559	4.4192
598	^ـ	31	26.2559	4.4192
598	nh	31	26.2559	4.4192
598	nz	31	26.2559	4.4192
598	آب	31	26.2559	4.4192
598	طن	31	26.2559	4.4192
598	فز	31	26.2559	4.4192
598	نھ	31	26.2559	4.4192
598	وے	31	26.2559	4.4192
598	چم	31	26.2559	4.4192
598	گم	31	26.2559	4.4192
598	ےا	31	26.2559	4.4192
599	ky	30	25.409	4.405
599	rm	30	25.409	4.405
599	éî	30	25.409	4.405
599	إء	30	25.409	4.405
599	جش	30	25.409	4.405
599	رط	30	25.409	4.405
599	رغ	30	25.409	4.405
599	عط	30	25.409	4.405
599	غذ	30	25.409	4.405
599	قف	30	25.409	4.405
599	َي	30	25.409	4.405
599	ٓپ	30	25.409	4.405
599	گڑ	30	25.409	4.405
599	ہغ	30	25.409	4.405
599	ہك	30	25.409	4.405
600	eb	29	24.562	4.3903
600	lu	29	24.562	4.3903
600	up	29	24.562	4.3903
600	ûہ	29	24.562	4.3903
600	ءظ	29	24.562	4.3903
600	ءْ	29	24.562	4.3903
600	آل	29	24.562	4.3903
600	إµ	29	24.562	4.3903
600	ئع	29	24.562	4.3903
600	غر	29	24.562	4.3903
600	ْن	29	24.562	4.3903
601	b$	28	23.715	4.375
601	yb	28	23.715	4.375
601	îء	28	23.715	4.375
601	ئز	28	23.715	4.375
601	ئف	28	23.715	4.375
601	ضء	28	23.715	4.375
601	ضو	28	23.715	4.375
601	غم	28	23.715	4.375
601	غہ	28	23.715	4.375
601	ًہ	28	23.715	4.375
602	cu	27	22.8681	4.3592
602	ep	27	22.8681	4.3592
602	ff	27	22.8681	4.3592
602	gs	27	22.8681	4.3592
602	ob	27	22.8681	4.3592
602	pp	27	22.8681	4.3592
602	îش	27	22.8681	4.3592
602	آء	27	22.8681	4.3592
602	تت	27	22.8681	4.3592
602	شع	27	22.8681	4.3592
602	طب	27	22.8681	4.3592
602	ىء	27	22.8681	4.3592
602	يا	27	22.8681	4.3592
602	ڈت	27	22.8681	4.3592
603	e'	26	22.0211	4.3428
603	eo	26	22.0211	4.3428
603	hy	26	22.0211	4.3428
603	ks	26	22.0211	4.3428
603	ny	26	22.0211	4.3428
603	ye	26	22.0211	4.3428
603	ؤہ	26	22.0211	4.3428
603	سع	26	22.0211	4.3428
603	ظو	26	22.0211	4.3428
603	عض	26	22.0211	4.3428
603	فخ	26	22.0211	4.3428
603	كہ	26	22.0211	4.3428
603	وâ	26	22.0211	4.3428
603	ّء	26	22.0211	4.3428
603	چچ	26	22.0211	4.3428
604	ah	25	21.1741	4.3258
604	gn	25	21.1741	4.3258
604	oc	25	21.1741	4.3258
604	og	25	21.1741	4.3258
604	oh	25	21.1741	4.3258
604	sl	25	21.1741	4.3258
604	tu	25	21.1741	4.3258
604	ys	25	21.1741	4.3258
604	آغ	25	21.1741	4.3258
604	آٹ	25	21.1741	4.3258
604	إد	25	21.1741	4.3258
604	بؤ	25	21.1741	4.3258
604	جإ	25	21.1741	4.3258
604	زî	25	21.1741	4.3258
604	صن	25	21.1741	4.3258
604	ضم	25	21.1741	4.3258
604	ظé	25	21.1741	4.3258
604	عµ	25	21.1741	4.3258
604	ّآ	25	21.1741	4.3258
604	ٰ$	25	21.1741	4.3258
604	گپ	25	21.1741	4.3258
604	ںس	25	21.1741	4.3258
604	ھد	25	21.1741	4.3258
604	یٰ	25	21.1741	4.3258
605	cy	24	20.3272	4.3081
605	dn	24	20.3272	4.3081
605	ug	24	20.3272	4.3081
605	أا	24	20.3272	4.3081
605	شگ	24	20.3272	4.3081
605	وح	24	20.3272	4.3081
605	کث	24	20.3272	4.3081
605	ہé	24	20.3272	4.3081
606	^ô	23	19.4802	4.2896
606	eg	23	19.4802	4.2896
606	gl	23	19.4802	4.2896
606	iz	23	19.4802	4.2896
606	lk	23	19.4802	4.2896
606	ls	23	19.4802	4.2896
606	vy	23	19.4802	4.2896
606	بض	23	19.4802	4.2896
606	بظ	23	19.4802	4.2896
606	جج	23	19.4802	4.2896
606	سگ	23	19.4802	4.2896
606	صے	23	19.4802	4.2896
606	طے	23	19.4802	4.2896
606	كî	23	19.4802	4.2896
606	ہب	23	19.4802	4.2896
607	aw	22	18.6333	4.2703
607	va	22	18.6333	4.2703
607	éْ	22	18.6333	4.2703
607	ؤإ	22	18.6333	4.2703
607	ئِ	22	18.6333	4.2703
607	ذب	22	18.6333	4.2703
607	رظ	22	18.6333	4.2703
607	ضْ	22	18.6333	4.2703
607	ظأ	22	18.6333	4.2703
607	لج	22	18.6333	4.2703
607	پے	22	18.6333	4.2703
607	ھس	22	18.6333	4.2703
608	ud	21	17.7863	4.2501
608	za	21	17.7863	4.2501
608	û$	21	17.7863	4.2501
608	ءئ	21	17.7863	4.2501
608	ثئ	21	17.7863	4.2501
608	خء	21	17.7863	4.2501
608	عک	21	17.7863	4.2501
608	فض	21	17.7863	4.2501
608	كء	21	17.7863	4.2501
608	لِ	21	17.7863	4.2501
608	ِا	21	17.7863	4.2501
608	ڈک	21	17.7863	4.2501
609	'r	20	16.9393	4.2289
609	ii	20	16.9393	4.2289
609	sn	20	16.9393	4.2289
609	tl	20	16.9393	4.2289
609	µء	20	16.9393	4.2289
609	µة	20	16.9393	4.2289
609	ئا	20	16.9393	4.2289
609	بگ	20	16.9393	4.2289
609	جْ	20	16.9393	4.2289
609	رآ	20	16.9393	4.2289
609	زف	20	16.9393	4.2289
609	زٹ	20	16.9393	4.2289
609	شب	20	16.9393	4.2289
609	فئ	20	16.9393	4.2289
609	پش	20	16.9393	4.2289
609	ہû	20	16.9393	4.2289
609	یط	20	16.9393	4.2289
610	ib	19	16.0924	4.2066
610	mb	19	16.0924	4.2066
610	oa	19	16.0924	4.2066
610	îہ	19	16.0924	4.2066
610	üا	19	16.0924	4.2066
610	إي	19	16.0924	4.2066
610	ئµ	19	16.0924	4.2066
610	ئأ	19	16.0924	4.2066
610	ئج	19	16.0924	4.2066
610	شپ	19	16.0924	4.2066
610	عص	19	16.0924	4.2066
610	فغ	19	16.0924	4.2066
610	وث	19	16.0924	4.2066
610	وغ	19	16.0924	4.2066
610	ْظ	19	16.0924	4.2066
610	ےم	19	16.0924	4.2066
611	'l	18	15.2454	4.1831
611	ew	18	15.2454	4.1831
611	gu	18	15.2454	4.1831
611	i'	18	15.2454	4.1831
611	jo	18	15.2454	4.1831
611	sy	18	15.2454	4.1831
611	u'	18	15.2454	4.1831
611	µî	18	15.2454	4.1831
611	âء	18	15.2454	4.1831
611	çµ	18	15.2454	4.1831
611	îآ	18	15.2454	4.1831
611	ءآ	18	15.2454	4.1831
611	ءي	18	15.2454	4.1831
611	بٹ	18	15.2454	4.1831
611	جؤ	18	15.2454	4.1831
611	دé	18	15.2454	4.1831
611	ـ$	18	15.2454	4.1831
611	ىئ	18	15.2454	4.1831
611	ْµ	18	15.2454	4.1831
611	ْھ	18	15.2454	4.1831
611	ٹہ	18	15.2454	4.1831
611	ہء	18	15.2454	4.1831
612	'ک	17	14.3984	4.1583
612	du	17	14.3984	4.1583
612	hu	17	14.3984	4.1583
612	qu	17	14.3984	4.1583
612	rb	17	14.3984	4.1583
612	µع	17	14.3984	4.1583
612	àس	17	14.3984	4.1583
612	îا	17	14.3984	4.1583
612	ï$	17	14.3984	4.1583
612	üء	17	14.3984	4.1583
612	أء	17	14.3984	4.1583
612	أؤ	17	14.3984	4.1583
612	اھ	17	14.3984	4.1583
612	بش	17	14.3984	4.1583
612	تز	17	14.3984	4.1583
612	تگ	17	14.3984	4.1583
612	جµ	17	14.3984	4.1583
612	ذک	17	14.3984	4.1583
612	رإ	17	14.3984	4.1583
612	رع	17	14.3984	4.1583
612	شٹ	17	14.3984	4.1583
612	غد	17	14.3984	4.1583
612	فے	17	14.3984	4.1583
612	هہ	17	14.3984	4.1583
612	يہ	17	14.3984	4.1583
612	ًء	17	14.3984	4.1583
612	َہ	17	14.3984	4.1583
612	ںم	17	14.3984	4.1583
612	یض	17	14.3984	4.1583
613	lt	16	13.5515	4.132
613	np	16	13.5515	4.132
613	wn	16	13.5515	4.132
613	zi	16	13.5515	4.132
613	âب	16	13.5515	4.132
613	ءµ	16	13.5515	4.132
613	ؤر	16	13.5515	4.132
613	إâ	16	13.5515	4.132
613	اذ	16	13.5515	4.132
613	ثإ	16	13.5515	4.132
613	حء	16	13.5515	4.132
613	خإ	16	13.5515	4.132
613	رھ	16	13.5515	4.132
613	سد	16	13.5515	4.132
613	طح	16	13.5515	4.132
613	غص	16	13.5515	4.132
613	لص	16	13.5515	4.132
613	وؤ	16	13.5515	4.132
613	يس	16	13.5515	4.132
613	ٌا	16	13.5515	4.132
613	ُç	16	13.5515	4.132
613	ُخ	16	13.5515	4.132
613	ُہ	16	13.5515	4.132
613	پز	16	13.5515	4.132
613	گج	16	13.5515	4.132
613	ںا	16	13.5515	4.132
613	ہë	16	13.5515	4.132
614	fl	15	12.7045	4.104
614	hm	15	12.7045	4.104
614	ko	15	12.7045	4.104
614	nf	15	12.7045	4.104
614	tj	15	12.7045	4.104
614	âµ	15	12.7045	4.104
614	è$	15	12.7045	4.104
614	آک	15	12.7045	4.104
614	أخ	15	12.7045	4.104
614	ؤٹ	15	12.7045	4.104
614	ئآ	15	12.7045	4.104
614	اà	15	12.7045	4.104
614	ةہ	15	12.7045	4.104
614	ثز	15	12.7045	4.104
614	حظ	15	12.7045	4.104
614	شق	15	12.7045	4.104
614	ظء	15	12.7045	4.104
614	كّ	15	12.7045	4.104
614	ِآ	15	12.7045	4.104
614	ہµ	15	12.7045	4.104
614	ہâ	15	12.7045	4.104
614	ہç	15	12.7045	4.104
614	ہک	15	12.7045	4.104
614	ےہ	15	12.7045	4.104
615	'$	14	11.8575	4.074
615	'f	14	11.8575	4.074
615	^ï	14	11.8575	4.074
615	ax	14	11.8575	4.074
615	bk	14	11.8575	4.074
615	by	14	11.8575	4.074
615	nu	14	11.8575	4.074
615	ph	14	11.8575	4.074
615	rp	14	11.8575	4.074
615	àء	14	11.8575	4.074
615	âظ	14	11.8575	4.074
615	ê$	14	11.8575	4.074
615	ءخ	14	11.8575	4.074
615	ءط	14	11.8575	4.074
615	أà	14	11.8575	4.074
615	أç	14	11.8575	4.074
615	أî	14	11.8575	4.074
615	أو	14	11.8575	4.074
615	ؤس	14	11.8575	4.074
615	ئس	14	11.8575	4.074
615	ئَ	14	11.8575	4.074
615	جع	14	11.8575	4.074
615	رص	14	11.8575	4.074
615	سج	14	11.8575	4.074
615	ْل	14	11.8575	4.074
615	ڑب	14	11.8575	4.074
615	ہآ	14	11.8575	4.074
615	ہأ	14	11.8575	4.074
616	'm	13	11.0106	4.0418
616	oy	13	11.0106	4.0418
616	ws	13	11.0106	4.0418
616	µû	13	11.0106	4.0418
616	µر	13	11.0106	4.0418
616	àا	13	11.0106	4.0418
616	çا	13	11.0106	4.0418
616	îك	13	11.0106	4.0418
616	آْ	13	11.0106	4.0418
616	أâ	13	11.0106	4.0418
616	أآ	13	11.0106	4.0418
616	أم	13	11.0106	4.0418
616	ؤا	13	11.0106	4.0418
616	إئ	13	11.0106	4.0418
616	ئî	13	11.0106	4.0418
616	ئظ	13	11.0106	4.0418
616	ئي	13	11.0106	4.0418
616	اَ	13	11.0106	4.0418
616	تي	13	11.0106	4.0418
616	ثہ	13	11.0106	4.0418
616	دق	13	11.0106	4.0418
616	ضظ	13	11.0106	4.0418
616	مئ	13	11.0106	4.0418
616	ٍہ	13	11.0106	4.0418
616	َإ	13	11.0106	4.0418
616	ِإ	13	11.0106	4.0418
616	ّف	13	11.0106	4.0418
616	ہِ	13	11.0106	4.0418
617	'ا	12	10.1636	4.007
617	af	12	10.1636	4.007
617	j$	12	10.1636	4.007
617	sw	12	10.1636	4.007
617	tc	12	10.1636	4.007
617	tz	12	10.1636	4.007
617	ub	12	10.1636	4.007
617	ui	12	10.1636	4.007
617	v$	12	10.1636	4.007
617	xa	12	10.1636	4.007
617	µأ	12	10.1636	4.007
617	µد	12	10.1636	4.007
617	àَ	12	10.1636	4.007
617	îھ	12	10.1636	4.007
617	ïا	12	10.1636	4.007
617	ô$	12	10.1636	4.007
617	إظ	12	10.1636	4.007
617	ئé	12	10.1636	4.007
617	ئك	12	10.1636	4.007
617	اآ	12	10.1636	4.007
617	ةا	12	10.1636	4.007
617	جَ	12	10.1636	4.007
617	حْ	12	10.1636	4.007
617	دث	12	10.1636	4.007
617	سِ	12	10.1636	4.007
617	سْ	12	10.1636	4.007
617	ضز	12	10.1636	4.007
617	ضع	12	10.1636	4.007
617	ضل	12	10.1636	4.007
617	طٌ	12	10.1636	4.007
617	ظآ	12	10.1636	4.007
617	مغ	12	10.1636	4.007
617	ىہ	12	10.1636	4.007
617	يو	12	10.1636	4.007
617	ٌہ	12	10.1636	4.007
617	ٍء	12	10.1636	4.007
617	ّâ	12	10.1636	4.007
617	ّظ	12	10.1636	4.007
617	ْء	12	10.1636	4.007
617	ڈہ	12	10.1636	4.007
617	کف	12	10.1636	4.007
617	گْ	12	10.1636	4.007
617	ںک	12	10.1636	4.007
617	ھب	12	10.1636	4.007
618	dg	11	9.3166	3.9693
618	ua	11	9.3166	3.9693
618	wr	11	9.3166	3.9693
618	üة	11	9.3166	3.9693
618	إا	11	9.3166	3.9693
618	إن	11	9.3166	3.9693
618	ئق	11	9.3166	3.9693
618	جآ	11	9.3166	3.9693
618	جة	11	9.3166	3.9693
618	خؤ	11	9.3166	3.9693
618	دأ	11	9.3166	3.9693
618	دَ	11	9.3166	3.9693
618	زء	11	9.3166	3.9693
618	طك	11	9.3166	3.9693
618	ظل	11	9.3166	3.9693
618	غس	11	9.3166	3.9693
618	فق	11	9.3166	3.9693
618	كا	11	9.3166	3.9693
618	نخ	11	9.3166	3.9693
618	ٌؤ	11	9.3166	3.9693
618	ّْ	11	9.3166	3.9693
618	ٓگ	11	9.3166	3.9693
618	ژن	11	9.3166	3.9693
618	ہں	11	9.3166	3.9693
619	'ہ	10	8.4697	3.9279
619	ae	10	8.4697	3.9279
619	az	10	8.4697	3.9279
619	ft	10	8.4697	3.9279
619	wd	10	8.4697	3.9279
619	y'	10	8.4697	3.9279
619	âï	10	8.4697	3.9279
619	èب	10	8.4697	3.9279
619	èس	10	8.4697	3.9279
619	ëخ	10	8.4697	3.9279
619	üب	10	8.4697	3.9279
619	ءî	10	8.4697	3.9279
619	ءل	10	8.4697	3.9279
619	ءَ	10	8.4697	3.9279
619	ؤً	10	8.4697	3.9279
619	إë	10	8.4697	3.9279
619	ا-	10	8.4697	3.9279
619	اإ	10	8.4697	3.9279
619	ةخ	10	8.4697	3.9279
619	تِ	10	8.4697	3.9279
619	دئ	10	8.4697	3.9279
619	شµ	10	8.4697	3.9279
619	طµ	10	8.4697	3.9279
619	طأ	10	8.4697	3.9279
619	طع	10	8.4697	3.9279
619	عî	10	8.4697	3.9279
619	قش	10	8.4697	3.9279
619	كع	10	8.4697	3.9279
619	ٌئ	10	8.4697	3.9279
619	ِئ	10	8.4697	3.9279
619	کد	10	8.4697	3.9279
619	گچ	10	8.4697	3.9279
619	ہî	10	8.4697	3.9279
619	ہچ	10	8.4697	3.9279
619	ہڑ	10	8.4697	3.9279
619	ےو	10	8.4697	3.9279
620	'آ	9	7.6227	3.8821
620	-ک	9	7.6227	3.8821
620	-ہ	9	7.6227	3.8821
620	^q	9	7.6227	3.8821
620	^ù	9	7.6227	3.8821
620	^ں	9	7.6227	3.8821
620	bb	9	7.6227	3.8821
620	dl	9	7.6227	3.8821
620	iu	9	7.6227	3.8821
620	jj	9	7.6227	3.8821
620	lj	9	7.6227	3.8821
620	ml	9	7.6227	3.8821
620	ms	9	7.6227	3.8821
620	tm	9	7.6227	3.8821
620	vo	9	7.6227	3.8821
620	wl	9	7.6227	3.8821
620	xc	9	7.6227	3.8821
620	yt	9	7.6227	3.8821
620	êâ	9	7.6227	3.8821
620	ùہ	9	7.6227	3.8821
620	üخ	9	7.6227	3.8821
620	üہ	9	7.6227	3.8821
620	ءؤ	9	7.6227	3.8821
620	ءث	9	7.6227	3.8821
620	آا	9	7.6227	3.8821
620	آں	9	7.6227	3.8821
620	أّ	9	7.6227	3.8821
620	ؤء	9	7.6227	3.8821
620	ؤث	9	7.6227	3.8821
620	إآ	9	7.6227	3.8821
620	إأ	9	7.6227	3.8821
620	ئپ	9	7.6227	3.8821
620	بî	9	7.6227	3.8821
620	بب	9	7.6227	3.8821
620	تµ	9	7.6227	3.8821
620	ثل	9	7.6227	3.8821
620	ثی	9	7.6227	3.8821
620	جً	9	7.6227	3.8821
620	حث	9	7.6227	3.8821
620	حن	9	7.6227	3.8821
620	خِ	9	7.6227	3.8821
620	رئ	9	7.6227	3.8821
620	شف	9	7.6227	3.8821
620	ظµ	9	7.6227	3.8821
620	ظخ	9	7.6227	3.8821
620	كآ	9	7.6227	3.8821
620	مؤ	9	7.6227	3.8821
620	نذ	9	7.6227	3.8821
620	هآ	9	7.6227	3.8821
620	ًع	9	7.6227	3.8821
620	ِن	9	7.6227	3.8821
620	ِہ	9	7.6227	3.8821
620	ّµ	9	7.6227	3.8821
620	ْز	9	7.6227	3.8821
620	ًْ	9	7.6227	3.8821
620	ٓس	9	7.6227	3.8821
620	ٹز	9	7.6227	3.8821
620	پئ	9	7.6227	3.8821
620	ھآ	9	7.6227	3.8821
620	ےب	9	7.6227	3.8821
620	ےت	9	7.6227	3.8821
620	ےد	9	7.6227	3.8821
620	ےگ	9	7.6227	3.8821
621	'd	8	6.7757	3.831
621	'v	8	6.7757	3.831
621	'س	8	6.7757	3.831
621	ej	8	6.7757	3.831
621	ez	8	6.7757	3.831
621	lf	8	6.7757	3.831
621	lg	8	6.7757	3.831
621	lm	8	6.7757	3.831
621	o'	8	6.7757	3.831
621	rh	8	6.7757	3.831
621	tn	8	6.7757	3.831
621	tw	8	6.7757	3.831
621	vu	8	6.7757	3.831
621	yi	8	6.7757	3.831
621	zz	8	6.7757	3.831
621	àہ	8	6.7757	3.831
621	âخ	8	6.7757	3.831
621	çآ	8	6.7757	3.831
621	éئ	8	6.7757	3.831
621	êإ	8	6.7757	3.831
621	ëہ	8	6.7757	3.831
621	ôَ	8	6.7757	3.831
621	ûَ	8	6.7757	3.831
621	ءü	8	6.7757	3.831
621	ءٌ	8	6.7757	3.831
621	آظ	8	6.7757	3.831
621	ئغ	8	6.7757	3.831
621	ئْ	8	6.7757	3.831
621	ئک	8	6.7757	3.831
621	اُ	8	6.7757	3.831
621	بئ	8	6.7757	3.831
621	بِ	8	6.7757	3.831
621	تئ	8	6.7757	3.831
621	ثغ	8	6.7757	3.831
621	ثي	8	6.7757	3.831
621	حئ	8	6.7757	3.831
621	خس	8	6.7757	3.831
621	ذخ	8	6.7757	3.831
621	ري	8	6.7757	3.831
621	زک	8	6.7757	3.831
621	شî	8	6.7757	3.831
621	عٌ	8	6.7757	3.831
621	فط	8	6.7757	3.831
621	فُ	8	6.7757	3.831
621	قز	8	6.7757	3.831
621	كµ	8	6.7757	3.831
621	م-	8	6.7757	3.831
621	مڑ	8	6.7757	3.831
621	ني	8	6.7757	3.831
621	ًç	8	6.7757	3.831
621	ًئ	8	6.7757	3.831
621	ًد	8	6.7757	3.831
621	ٌû	8	6.7757	3.831
621	َھ	8	6.7757	3.831
621	ْâ	8	6.7757	3.831
621	ْئ	8	6.7757	3.831
621	ٓج	8	6.7757	3.831
621	ٓن	8	6.7757	3.831
621	ڈٹ	8	6.7757	3.831
621	ڑپ	8	6.7757	3.831
621	ںن	8	6.7757	3.831
621	ہڈ	8	6.7757	3.831
621	یژ	8	6.7757	3.831
622	'م	7	5.9288	3.773
622	^é	7	5.9288	3.773
622	^û	7	5.9288	3.773
622	dج	7	5.9288	3.773
622	fg	7	5.9288	3.773
622	fm	7	5.9288	3.773
622	fp	7	5.9288	3.773
622	gg	7	5.9288	3.773
622	mh	7	5.9288	3.773
622	oe	7	5.9288	3.773
622	r'	7	5.9288	3.773
622	rj	7	5.9288	3.773
622	rl	7	5.9288	3.773
622	sr	7	5.9288	3.773
622	tg	7	5.9288	3.773
622	tچ	7	5.9288	3.773
622	xg	7	5.9288	3.773
622	xi	7	5.9288	3.773
622	ya	7	5.9288	3.773
622	yd	7	5.9288	3.773
622	yl	7	5.9288	3.773
622	zf	7	5.9288	3.773
622	zh	7	5.9288	3.773
622	zy	7	5.9288	3.773
622	µô	7	5.9288	3.773
622	âا	7	5.9288	3.773
622	èہ	7	5.9288	3.773
622	êہ	7	5.9288	3.773
622	ëء	7	5.9288	3.773
622	ëأ	7	5.9288	3.773
622	ûا	7	5.9288	3.773
622	üآ	7	5.9288	3.773
622	آî	7	5.9288	3.773
622	أµ	7	5.9288	3.773
622	ؤئ	7	5.9288	3.773
622	ؤل	7	5.9288	3.773
622	إخ	7	5.9288	3.773
622	ئو	7	5.9288	3.773
622	اî	7	5.9288	3.773
622	بأ	7	5.9288	3.773
622	ثء	7	5.9288	3.773
622	حî	7	5.9288	3.773
622	خذ	7	5.9288	3.773
622	دâ	7	5.9288	3.773
622	ذل	7	5.9288	3.773
622	ذي	7	5.9288	3.773
622	زµ	7	5.9288	3.773
622	زگ	7	5.9288	3.773
622	شج	7	5.9288	3.773
622	شغ	7	5.9288	3.773
622	صت	7	5.9288	3.773
622	ضد	7	5.9288	3.773
622	ضے	7	5.9288	3.773
622	طم	7	5.9288	3.773
622	عھ	7	5.9288	3.773
622	فش	7	5.9288	3.773
622	قق	7	5.9288	3.773
622	كظ	7	5.9288	3.773
622	لٌ	7	5.9288	3.773
622	مْ	7	5.9288	3.773
622	نِ	7	5.9288	3.773
622	هؤ	7	5.9288	3.773
622	وإ	7	5.9288	3.773
622	ىآ	7	5.9288	3.773
622	ٌµ	7	5.9288	3.773
622	َµ	7	5.9288	3.773
622	َل	7	5.9288	3.773
622	َُ	7	5.9288	3.773
622	ِف	7	5.9288	3.773
622	َِ	7	5.9288	3.773
622	ّخ	7	5.9288	3.773
622	ْآ	7	5.9288	3.773
622	ْؤ	7	5.9288	3.773
622	ْک	7	5.9288	3.773
622	ڑچ	7	5.9288	3.773
622	کd	7	5.9288	3.773
622	کج	7	5.9288	3.773
622	گس	7	5.9288	3.773
622	گف	7	5.9288	3.773
622	ںٹ	7	5.9288	3.773
622	ںہ	7	5.9288	3.773
622	ھµ	7	5.9288	3.773
622	ھé	7	5.9288	3.773
622	ھج	7	5.9288	3.773
622	ھغ	7	5.9288	3.773
622	ےb	7	5.9288	3.773
622	ےل	7	5.9288	3.773
623	'b	6	5.0818	3.706
623	'k	6	5.0818	3.706
623	'ب	6	5.0818	3.706
623	'و	6	5.0818	3.706
623	bs	6	5.0818	3.706
623	cá	6	5.0818	3.706
623	ek	6	5.0818	3.706
623	hh	6	5.0818	3.706
623	mn	6	5.0818	3.706
623	nj	6	5.0818	3.706
623	nv	6	5.0818	3.706
623	rf	6	5.0818	3.706
623	rz	6	5.0818	3.706
623	uf	6	5.0818	3.706
623	uk	6	5.0818	3.706
623	µب	6	5.0818	3.706
623	µز	6	5.0818	3.706
623	àآ	6	5.0818	3.706
623	çû	6	5.0818	3.706
623	çء	6	5.0818	3.706
623	çك	6	5.0818	3.706
623	èا	6	5.0818	3.706
623	èي	6	5.0818	3.706
623	îإ	6	5.0818	3.706
623	ïہ	6	5.0818	3.706
623	آï	6	5.0818	3.706
623	آڈ	6	5.0818	3.706
623	أر	6	5.0818	3.706
623	ؤـ	6	5.0818	3.706
623	إْ	6	5.0818	3.706
623	إھ	6	5.0818	3.706
623	ئü	6	5.0818	3.706
623	ئذ	6	5.0818	3.706
623	اü	6	5.0818	3.706
623	بي	6	5.0818	3.706
623	بپ	6	5.0818	3.706
623	ةئ	6	5.0818	3.706
623	ثع	6	5.0818	3.706
623	جâ	6	5.0818	3.706
623	جي	6	5.0818	3.706
623	حآ	6	5.0818	3.706
623	خخ	6	5.0818	3.706
623	خْ	6	5.0818	3.706
623	دج	6	5.0818	3.706
623	دِ	6	5.0818	3.706
623	رِ	6	5.0818	3.706
623	زآ	6	5.0818	3.706
623	زز	6	5.0818	3.706
623	زي	6	5.0818	3.706
623	طَ	6	5.0818	3.706
623	طُ	6	5.0818	3.706
623	ظؤ	6	5.0818	3.706
623	عâ	6	5.0818	3.706
623	قء	6	5.0818	3.706
623	لآ	6	5.0818	3.706
623	له	6	5.0818	3.706
623	مِ	6	5.0818	3.706
623	نط	6	5.0818	3.706
623	ها	6	5.0818	3.706
623	وذ	6	5.0818	3.706
623	وٌ	6	5.0818	3.706
623	ٌآ	6	5.0818	3.706
623	ٌإ	6	5.0818	3.706
623	َآ	6	5.0818	3.706
623	َا	6	5.0818	3.706
623	ِي	6	5.0818	3.706
623	ّد	6	5.0818	3.706
623	ْا	6	5.0818	3.706
623	ْي	6	5.0818	3.706
623	ٓت	6	5.0818	3.706
623	ٓد	6	5.0818	3.706
623	ٰذ	6	5.0818	3.706
623	چَ	6	5.0818	3.706
623	چْ	6	5.0818	3.706
623	ڈپ	6	5.0818	3.706
623	کک	6	5.0818	3.706
623	ںب	6	5.0818	3.706
623	ںد	6	5.0818	3.706
623	ھچ	6	5.0818	3.706
623	ہـ	6	5.0818	3.706
623	ہَ	6	5.0818	3.706
623	ہٰ	6	5.0818	3.706
623	یث	6	5.0818	3.706
624	^ه	5	4.2348	3.6268
624	^ے	5	4.2348	3.6268
624	cc	5	4.2348	3.6268
624	cs	5	4.2348	3.6268
624	fb	5	4.2348	3.6268
624	lr	5	4.2348	3.6268
624	rv	5	4.2348	3.6268
624	xl	5	4.2348	3.6268
624	yk	5	4.2348	3.6268
624	yu	5	4.2348	3.6268
624	ál	5	4.2348	3.6268
624	âé	5	4.2348	3.6268
624	âآ	5	4.2348	3.6268
624	èء	5	4.2348	3.6268
624	ôا	5	4.2348	3.6268
624	ù$	5	4.2348	3.6268
624	üâ	5	4.2348	3.6268
624	ءب	5	4.2348	3.6268
624	ءش	5	4.2348	3.6268
624	ءُ	5	4.2348	3.6268
624	ءھ	5	4.2348	3.6268
624	آë	5	4.2348	3.6268
624	آأ	5	4.2348	3.6268
624	آش	5	4.2348	3.6268
624	أأ	5	4.2348	3.6268
624	أإ	5	4.2348	3.6268
624	أش	5	4.2348	3.6268
624	أـ	5	4.2348	3.6268
624	أك	5	4.2348	3.6268
624	ؤخ	5	4.2348	3.6268
624	ؤي	5	4.2348	3.6268
624	ؤڈ	5	4.2348	3.6268
624	إً	5	4.2348	3.6268
624	ئâ	5	4.2348	3.6268
624	ئç	5	4.2348	3.6268
624	ئّ	5	4.2348	3.6268
624	ئچ	5	4.2348	3.6268
624	اè	5	4.2348	3.6268
624	اô	5	4.2348	3.6268
624	بç	5	4.2348	3.6268
624	بï	5	4.2348	3.6268
624	بْ	5	4.2348	3.6268
624	تض	5	4.2348	3.6268
624	ثن	5	4.2348	3.6268
624	جڑ	5	4.2348	3.6268
624	حأ	5	4.2348	3.6268
624	خآ	5	4.2348	3.6268
624	خز	5	4.2348	3.6268
624	دµ	5	4.2348	3.6268
624	زع	5	4.2348	3.6268
624	شس	5	4.2348	3.6268
624	شظ	5	4.2348	3.6268
624	شْ	5	4.2348	3.6268
624	ظî	5	4.2348	3.6268
624	عف	5	4.2348	3.6268
624	عي	5	4.2348	3.6268
624	ـء	5	4.2348	3.6268
624	فء	5	4.2348	3.6268
624	فج	5	4.2348	3.6268
624	في	5	4.2348	3.6268
624	قي	5	4.2348	3.6268
624	قَ	5	4.2348	3.6268
624	لش	5	4.2348	3.6268
624	لُ	5	4.2348	3.6268
624	مô	5	4.2348	3.6268
624	مڈ	5	4.2348	3.6268
624	وآ	5	4.2348	3.6268
624	ىا	5	4.2348	3.6268
624	يµ	5	4.2348	3.6268
624	ٍ$	5	4.2348	3.6268
624	ِب	5	4.2348	3.6268
624	ِل	5	4.2348	3.6268
624	ِھ	5	4.2348	3.6268
624	ْإ	5	4.2348	3.6268
624	ٓر	5	4.2348	3.6268
624	ٓی	5	4.2348	3.6268
624	پب	5	4.2348	3.6268
624	چگ	5	4.2348	3.6268
624	ںت	5	4.2348	3.6268
624	ںگ	5	4.2348	3.6268
624	ھك	5	4.2348	3.6268
624	یه	5	4.2348	3.6268
625	'n	4	3.3879	3.5299
625	-ا	4	3.3879	3.5299
625	-چ	4	3.3879	3.5299
625	a-	4	3.3879	3.5299
625	dk	4	3.3879	3.5299
625	dm	4	3.3879	3.5299
625	eq	4	3.3879	3.5299
625	fc	4	3.3879	3.5299
625	ix	4	3.3879	3.5299
625	ji	4	3.3879	3.5299
625	kl	4	3.3879	3.5299
625	kp	4	3.3879	3.5299
625	lc	4	3.3879	3.5299
625	lp	4	3.3879	3.5299
625	lv	4	3.3879	3.5299
625	lz	4	3.3879	3.5299
625	nb	4	3.3879	3.5299
625	sg	4	3.3879	3.5299
625	tv	4	3.3879	3.5299
625	wy	4	3.3879	3.5299
625	xt	4	3.3879	3.5299
625	ym	4	3.3879	3.5299
625	yr	4	3.3879	3.5299
625	yz	4	3.3879	3.5299
625	zo	4	3.3879	3.5299
625	µذ	4	3.3879	3.5299
625	µِ	4	3.3879	3.5299
625	µّ	4	3.3879	3.5299
625	µْ	4	3.3879	3.5299
625	âë	4	3.3879	3.5299
625	âي	4	3.3879	3.5299
625	çؤ	4	3.3879	3.5299
625	èئ	4	3.3879	3.5299
625	éب	4	3.3879	3.5299
625	êَ	4	3.3879	3.5299
625	ëé	4	3.3879	3.5299
625	ëآ	4	3.3879	3.5299
625	ëل	4	3.3879	3.5299
625	ëٌ	4	3.3879	3.5299
625	îَ	4	3.3879	3.5299
625	ïء	4	3.3879	3.5299
625	ôء	4	3.3879	3.5299
625	ùا	4	3.3879	3.5299
625	üّ	4	3.3879	3.5299
625	ءé	4	3.3879	3.5299
625	ءأ	4	3.3879	3.5299
625	ءإ	4	3.3879	3.5299
625	آû	4	3.3879	3.5299
625	آü	4	3.3879	3.5299
625	آآ	4	3.3879	3.5299
625	آص	4	3.3879	3.5299
625	آي	4	3.3879	3.5299
625	آّ	4	3.3879	3.5299
625	آڑ	4	3.3879	3.5299
625	أب	4	3.3879	3.5299
625	أت	4	3.3879	3.5299
625	أض	4	3.3879	3.5299
625	أٌ	4	3.3879	3.5299
625	أْ	4	3.3879	3.5299
625	إé	4	3.3879	3.5299
625	إإ	4	3.3879	3.5299
625	إب	4	3.3879	3.5299
625	إش	4	3.3879	3.5299
625	ئإ	4	3.3879	3.5299
625	ئض	4	3.3879	3.5299
625	ئں	4	3.3879	3.5299
625	اû	4	3.3879	3.5299
625	اأ	4	3.3879	3.5299
625	بù	4	3.3879	3.5299
625	بإ	4	3.3879	3.5299
625	بٌ	4	3.3879	3.5299
625	بڈ	4	3.3879	3.5299
625	ةء	4	3.3879	3.5299
625	ةْ	4	3.3879	3.5299
625	تأ	4	3.3879	3.5299
625	تط	4	3.3879	3.5299
625	تپ	4	3.3879	3.5299
625	ثے	4	3.3879	3.5299
625	جî	4	3.3879	3.5299
625	جظ	4	3.3879	3.5299
625	حµ	4	3.3879	3.5299
625	حخ	4	3.3879	3.5299
625	دç	4	3.3879	3.5299
625	دإ	4	3.3879	3.5299
625	دّ	4	3.3879	3.5299
625	دْ	4	3.3879	3.5299
625	ذى	4	3.3879	3.5299
625	رµ	4	3.3879	3.5299
625	رء	4	3.3879	3.5299
625	رث	4	3.3879	3.5299
625	رْ	4	3.3879	3.5299
625	صµ	4	3.3879	3.5299
625	ضأ	4	3.3879	3.5299
625	ضخ	4	3.3879	3.5299
625	ظع	4	3.3879	3.5299
625	ظَ	4	3.3879	3.5299
625	غن	4	3.3879	3.5299
625	ـè	4	3.3879	3.5299
625	ـئ	4	3.3879	3.5299
625	ـا	4	3.3879	3.5299
625	ـظ	4	3.3879	3.5299
625	ـّ	4	3.3879	3.5299
625	فح	4	3.3879	3.5299
625	قئ	4	3.3879	3.5299
625	قن	4	3.3879	3.5299
625	كز	4	3.3879	3.5299
625	كي	4	3.3879	3.5299
625	لء	4	3.3879	3.5299
625	لـ	4	3.3879	3.5299
625	مظ	4	3.3879	3.5299
625	نa	4	3.3879	3.5299
625	نآ	4	3.3879	3.5299
625	هي	4	3.3879	3.5299
625	وî	4	3.3879	3.5299
625	ىأ	4	3.3879	3.5299
625	ىز	4	3.3879	3.5299
625	ىي	4	3.3879	3.5299
625	يإ	4	3.3879	3.5299
625	يب	4	3.3879	3.5299
625	ية	4	3.3879	3.5299
625	ًھ	4	3.3879	3.5299
625	ٌâ	4	3.3879	3.5299
625	ُء	4	3.3879	3.5299
625	ُو	4	3.3879	3.5299
625	ِخ	4	3.3879	3.5299
625	ِك	4	3.3879	3.5299
625	ّي	4	3.3879	3.5299
625	ْت	4	3.3879	3.5299
625	ْر	4	3.3879	3.5299
625	ْص	4	3.3879	3.5299
625	ْڑ	4	3.3879	3.5299
625	ٓئ	4	3.3879	3.5299
625	ٹج	4	3.3879	3.5299
625	ٹپ	4	3.3879	3.5299
625	پد	4	3.3879	3.5299
625	پذ	4	3.3879	3.5299
625	پم	4	3.3879	3.5299
625	پپ	4	3.3879	3.5299
625	پگ	4	3.3879	3.5299
625	کط	4	3.3879	3.5299
625	ںآ	4	3.3879	3.5299
625	ھء	4	3.3879	3.5299
625	ھخ	4	3.3879	3.5299
625	ہï	4	3.3879	3.5299
625	ہؤ	4	3.3879	3.5299
625	ہط	4	3.3879	3.5299
625	ےر	4	3.3879	3.5299
625	ےن	4	3.3879	3.5299
625	ےپ	4	3.3879	3.5299
625	ےی	4	3.3879	3.5299
626	'c	3	2.5409	3.405
626	'ر	3	2.5409	3.405
626	'ٹ	3	2.5409	3.405
626	-t	3	2.5409	3.405
626	aa	3	2.5409	3.405
626	aq	3	2.5409	3.405
626	bt	3	2.5409	3.405
626	d'	3	2.5409	3.405
626	eh	3	2.5409	3.405
626	fd	3	2.5409	3.405
626	gp	3	2.5409	3.405
626	ih	3	2.5409	3.405
626	kc	3	2.5409	3.405
626	ku	3	2.5409	3.405
626	l'	3	2.5409	3.405
626	lh	3	2.5409	3.405
626	mg	3	2.5409	3.405
626	oj	3	2.5409	3.405
626	ox	3	2.5409	3.405
626	oz	3	2.5409	3.405
626	pd	3	2.5409	3.405
626	pm	3	2.5409	3.405
626	pw	3	2.5409	3.405
626	py	3	2.5409	3.405
626	sb	3	2.5409	3.405
626	sí	3	2.5409	3.405
626	uh	3	2.5409	3.405
626	uj	3	2.5409	3.405
626	ué	3	2.5409	3.405
626	xe	3	2.5409	3.405
626	xk	3	2.5409	3.405
626	xp	3	2.5409	3.405
626	µè	3	2.5409	3.405
626	µٍ	3	2.5409	3.405
626	ár	3	2.5409	3.405
626	âش	3	2.5409	3.405
626	âع	3	2.5409	3.405
626	âھ	3	2.5409	3.405
626	çج	3	2.5409	3.405
626	çي	3	2.5409	3.405
626	èإ	3	2.5409	3.405
626	éإ	3	2.5409	3.405
626	éا	3	2.5409	3.405
626	êµ	3	2.5409	3.405
626	ëإ	3	2.5409	3.405
626	ëب	3	2.5409	3.405
626	îِ	3	2.5409	3.405
626	ôî	3	2.5409	3.405
626	ûµ	3	2.5409	3.405
626	ûî	3	2.5409	3.405
626	ûء	3	2.5409	3.405
626	üç	3	2.5409	3.405
626	üî	3	2.5409	3.405
626	üإ	3	2.5409	3.405
626	üش	3	2.5409	3.405
626	ءع	3	2.5409	3.405
626	ءف	3	2.5409	3.405
626	أث	3	2.5409	3.405
626	أَ	3	2.5409	3.405
626	ؤâ	3	2.5409	3.405
626	ؤé	3	2.5409	3.405
626	ؤب	3	2.5409	3.405
626	ؤظ	3	2.5409	3.405
626	ئخ	3	2.5409	3.405
626	اµ	3	2.5409	3.405
626	اâ	3	2.5409	3.405
626	اé	3	2.5409	3.405
626	اê	3	2.5409	3.405
626	اù	3	2.5409	3.405
626	بé	3	2.5409	3.405
626	بë	3	2.5409	3.405
626	بُ	3	2.5409	3.405
626	ةî	3	2.5409	3.405
626	تآ	3	2.5409	3.405
626	تث	3	2.5409	3.405
626	ثق	3	2.5409	3.405
626	جح	3	2.5409	3.405
626	حش	3	2.5409	3.405
626	حَ	3	2.5409	3.405
626	خî	3	2.5409	3.405
626	خي	3	2.5409	3.405
626	خے	3	2.5409	3.405
626	دï	3	2.5409	3.405
626	دُ	3	2.5409	3.405
626	ذµ	3	2.5409	3.405
626	ذî	3	2.5409	3.405
626	ذو	3	2.5409	3.405
626	زà	3	2.5409	3.405
626	زة	3	2.5409	3.405
626	زظ	3	2.5409	3.405
626	زق	3	2.5409	3.405
626	زك	3	2.5409	3.405
626	زِ	3	2.5409	3.405
626	زْ	3	2.5409	3.405
626	سح	3	2.5409	3.405
626	سّ	3	2.5409	3.405
626	صî	3	2.5409	3.405
626	ضµ	3	2.5409	3.405
626	ضë	3	2.5409	3.405
626	ضش	3	2.5409	3.405
626	ضي	3	2.5409	3.405
626	ضھ	3	2.5409	3.405
626	طق	3	2.5409	3.405
626	ظإ	3	2.5409	3.405
626	ظف	3	2.5409	3.405
626	عé	3	2.5409	3.405
626	غµ	3	2.5409	3.405
626	غز	3	2.5409	3.405
626	فب	3	2.5409	3.405
626	قإ	3	2.5409	3.405
626	لّ	3	2.5409	3.405
626	مآ	3	2.5409	3.405
626	ن'	3	2.5409	3.405
626	هش	3	2.5409	3.405
626	و-	3	2.5409	3.405
626	ىé	3	2.5409	3.405
626	يئ	3	2.5409	3.405
626	ير	3	2.5409	3.405
626	ًا	3	2.5409	3.405
626	ٌء	3	2.5409	3.405
626	ٍµ	3	2.5409	3.405
626	ٍآ	3	2.5409	3.405
626	َé	3	2.5409	3.405
626	َü	3	2.5409	3.405
626	َد	3	2.5409	3.405
626	ُي	3	2.5409	3.405
626	ِأ	3	2.5409	3.405
626	ِؤ	3	2.5409	3.405
626	ِذ	3	2.5409	3.405
626	ِک	3	2.5409	3.405
626	ِی	3	2.5409	3.405
626	ّç	3	2.5409	3.405
626	ْٹ	3	2.5409	3.405
626	ٓخ	3	2.5409	3.405
626	ٓز	3	2.5409	3.405
626	ٹت	3	2.5409	3.405
626	ٹش	3	2.5409	3.405
626	ٹڈ	3	2.5409	3.405
626	چُ	3	2.5409	3.405
626	چٹ	3	2.5409	3.405
626	ڈج	3	2.5409	3.405
626	ڈف	3	2.5409	3.405
626	ڈگ	3	2.5409	3.405
626	گش	3	2.5409	3.405
626	ںف	3	2.5409	3.405
626	ںی	3	2.5409	3.405
626	ھâ	3	2.5409	3.405
626	ھش	3	2.5409	3.405
626	ھَ	3	2.5409	3.405
626	ہإ	3	2.5409	3.405
626	ہپ	3	2.5409	3.405
626	ہھ	3	2.5409	3.405
626	ے-	3	2.5409	3.405
626	ےآ	3	2.5409	3.405
626	ےس	3	2.5409	3.405
627	'e	2	1.6939	3.2289
627	'ز	2	1.6939	3.2289
627	'پ	2	1.6939	3.2289
627	'گ	2	1.6939	3.2289
627	'ی	2	1.6939	3.2289
627	-h	2	1.6939	3.2289
627	-م	2	1.6939	3.2289
627	ao	2	1.6939	3.2289
627	bj	2	1.6939	3.2289
627	cf	2	1.6939	3.2289
627	cn	2	1.6939	3.2289
627	cp	2	1.6939	3.2289
627	df	2	1.6939	3.2289
627	e-	2	1.6939	3.2289
627	fw	2	1.6939	3.2289
627	g'	2	1.6939	3.2289
627	gt	2	1.6939	3.2289
627	gy	2	1.6939	3.2289
627	hl	2	1.6939	3.2289
627	hn	2	1.6939	3.2289
627	hv	2	1.6939	3.2289
627	iq	2	1.6939	3.2289
627	lb	2	1.6939	3.2289
627	lw	2	1.6939	3.2289
627	nm	2	1.6939	3.2289
627	q$	2	1.6939	3.2289
627	qo	2	1.6939	3.2289
627	s-	2	1.6939	3.2289
627	sq	2	1.6939	3.2289
627	sv	2	1.6939	3.2289
627	tú	2	1.6939	3.2289
627	uo	2	1.6939	3.2289
627	uu	2	1.6939	3.2289
627	uv	2	1.6939	3.2289
627	uy	2	1.6939	3.2289
627	vs	2	1.6939	3.2289
627	ví	2	1.6939	3.2289
627	wb	2	1.6939	3.2289
627	wp	2	1.6939	3.2289
627	ww	2	1.6939	3.2289
627	xh	2	1.6939	3.2289
627	xr	2	1.6939	3.2289
627	yc	2	1.6939	3.2289
627	zl	2	1.6939	3.2289
627	zu	2	1.6939	3.2289
627	µâ	2	1.6939	3.2289
627	µë	2	1.6939	3.2289
627	µü	2	1.6939	3.2289
627	µآ	2	1.6939	3.2289
627	µي	2	1.6939	3.2289
627	µَ	2	1.6939	3.2289
627	àµ	2	1.6939	3.2289
627	àك	2	1.6939	3.2289
627	âأ	2	1.6939	3.2289
627	âإ	2	1.6939	3.2289
627	âئ	2	1.6939	3.2289
627	âد	2	1.6939	3.2289
627	âغ	2	1.6939	3.2289
627	âك	2	1.6939	3.2289
627	çأ	2	1.6939	3.2289
627	çب	2	1.6939	3.2289
627	çص	2	1.6939	3.2289
627	çو	2	1.6939	3.2289
627	çَ	2	1.6939	3.2289
627	çِ	2	1.6939	3.2289
627	çْ	2	1.6939	3.2289
627	èأ	2	1.6939	3.2289
627	èت	2	1.6939	3.2289
627	èّ	2	1.6939	3.2289
627	éء	2	1.6939	3.2289
627	êا	2	1.6939	3.2289
627	êح	2	1.6939	3.2289
627	ëµ	2	1.6939	3.2289
627	ëؤ	2	1.6939	3.2289
627	ëئ	2	1.6939	3.2289
627	ëز	2	1.6939	3.2289
627	íg	2	1.6939	3.2289
627	îâ	2	1.6939	3.2289
627	îس	2	1.6939	3.2289
627	îُ	2	1.6939	3.2289
627	ïآ	2	1.6939	3.2289
627	ôâ	2	1.6939	3.2289
627	ôش	2	1.6939	3.2289
627	ôْ	2	1.6939	3.2289
627	ùظ	2	1.6939	3.2289
627	ú$	2	1.6939	3.2289
627	ûآ	2	1.6939	3.2289
627	ûع	2	1.6939	3.2289
627	üأ	2	1.6939	3.2289
627	üط	2	1.6939	3.2289
627	üظ	2	1.6939	3.2289
627	üـ	2	1.6939	3.2289
627	ءâ	2	1.6939	3.2289
627	ءç	2	1.6939	3.2289
627	ءû	2	1.6939	3.2289
627	ءة	2	1.6939	3.2289
627	ءج	2	1.6939	3.2289
627	ءح	2	1.6939	3.2289
627	ءد	2	1.6939	3.2289
627	ءو	2	1.6939	3.2289
627	آù	2	1.6939	3.2289
627	آث	2	1.6939	3.2289
627	آـ	2	1.6939	3.2289
627	آٌ	2	1.6939	3.2289
627	آَ	2	1.6939	3.2289
627	آُ	2	1.6939	3.2289
627	آھ	2	1.6939	3.2289
627	أë	2	1.6939	3.2289
627	أد	2	1.6939	3.2289
627	أظ	2	1.6939	3.2289
627	أل	2	1.6939	3.2289
627	أھ	2	1.6939	3.2289
627	ؤà	2	1.6939	3.2289
627	ؤز	2	1.6939	3.2289
627	ؤھ	2	1.6939	3.2289
627	إa	2	1.6939	3.2289
627	إؤ	2	1.6939	3.2289
627	إذ	2	1.6939	3.2289
627	إع	2	1.6939	3.2289
627	إق	2	1.6939	3.2289
627	ئص	2	1.6939	3.2289
627	ا'	2	1.6939	3.2289
627	اï	2	1.6939	3.2289
627	اة	2	1.6939	3.2289
627	اّ	2	1.6939	3.2289
627	اٗ	2	1.6939	3.2289
627	بµ	2	1.6939	3.2289
627	بâ	2	1.6939	3.2289
627	بû	2	1.6939	3.2289
627	بآ	2	1.6939	3.2289
627	به	2	1.6939	3.2289
627	بى	2	1.6939	3.2289
627	ةآ	2	1.6939	3.2289
627	ةإ	2	1.6939	3.2289
627	ةب	2	1.6939	3.2289
627	تâ	2	1.6939	3.2289
627	تë	2	1.6939	3.2289
627	تإ	2	1.6939	3.2289
627	تذ	2	1.6939	3.2289
627	تَ	2	1.6939	3.2289
627	تڑ	2	1.6939	3.2289
627	ثé	2	1.6939	3.2289
627	ثش	2	1.6939	3.2289
627	ثظ	2	1.6939	3.2289
627	ثو	2	1.6939	3.2289
627	جû	2	1.6939	3.2289
627	جـ	2	1.6939	3.2289
627	جق	2	1.6939	3.2289
627	جِ	2	1.6939	3.2289
627	حك	2	1.6939	3.2289
627	حِ	2	1.6939	3.2289
627	حھ	2	1.6939	3.2289
627	خç	2	1.6939	3.2289
627	خü	2	1.6939	3.2289
627	خئ	2	1.6939	3.2289
627	خظ	2	1.6939	3.2289
627	خك	2	1.6939	3.2289
627	خً	2	1.6939	3.2289
627	خَ	2	1.6939	3.2289
627	خّ	2	1.6939	3.2289
627	ذë	2	1.6939	3.2289
627	ذء	2	1.6939	3.2289
627	ذئ	2	1.6939	3.2289
627	ذظ	2	1.6939	3.2289
627	زê	2	1.6939	3.2289
627	زؤ	2	1.6939	3.2289
627	زإ	2	1.6939	3.2289
627	زئ	2	1.6939	3.2289
627	زض	2	1.6939	3.2289
627	سµ	2	1.6939	3.2289
627	سè	2	1.6939	3.2289
627	سي	2	1.6939	3.2289
627	سڈ	2	1.6939	3.2289
627	شھ	2	1.6939	3.2289
627	صأ	2	1.6939	3.2289
627	صش	2	1.6939	3.2289
627	صط	2	1.6939	3.2289
627	صٍ	2	1.6939	3.2289
627	ضç	2	1.6939	3.2289
627	ضؤ	2	1.6939	3.2289
627	ضإ	2	1.6939	3.2289
627	ضُ	2	1.6939	3.2289
627	طç	2	1.6939	3.2289
627	طؤ	2	1.6939	3.2289
627	طش	2	1.6939	3.2289
627	ظâ	2	1.6939	3.2289
627	ظê	2	1.6939	3.2289
627	ظù	2	1.6939	3.2289
627	ظد	2	1.6939	3.2289
627	ظغ	2	1.6939	3.2289
627	ظُ	2	1.6939	3.2289
627	ظّ	2	1.6939	3.2289
627	ظْ	2	1.6939	3.2289
627	عأ	2	1.6939	3.2289
627	عؤ	2	1.6939	3.2289
627	عإ	2	1.6939	3.2289
627	عس	2	1.6939	3.2289
627	عع	2	1.6939	3.2289
627	عى	2	1.6939	3.2289
627	عٍ	2	1.6939	3.2289
627	عّ	2	1.6939	3.2289
627	غء	2	1.6939	3.2289
627	غأ	2	1.6939	3.2289
627	غْ	2	1.6939	3.2289
627	غٹ	2	1.6939	3.2289
627	ـê	2	1.6939	3.2289
627	ـî	2	1.6939	3.2289
627	ـآ	2	1.6939	3.2289
627	ـؤ	2	1.6939	3.2289
627	ـإ	2	1.6939	3.2289
627	ـخ	2	1.6939	3.2289
627	ـك	2	1.6939	3.2289
627	ـہ	2	1.6939	3.2289
627	فë	2	1.6939	3.2289
627	فآ	2	1.6939	3.2289
627	فذ	2	1.6939	3.2289
627	فف	2	1.6939	3.2289
627	قأ	2	1.6939	3.2289
627	قپ	2	1.6939	3.2289
627	كâ	2	1.6939	3.2289
627	كأ	2	1.6939	3.2289
627	كؤ	2	1.6939	3.2289
627	كٌ	2	1.6939	3.2289
627	لî	2	1.6939	3.2289
627	لإ	2	1.6939	3.2289
627	لث	2	1.6939	3.2289
627	مُ	2	1.6939	3.2289
627	ن-	2	1.6939	3.2289
627	نë	2	1.6939	3.2289
627	نض	2	1.6939	3.2289
627	نغ	2	1.6939	3.2289
627	هµ	2	1.6939	3.2289
627	هâ	2	1.6939	3.2289
627	هî	2	1.6939	3.2289
627	هء	2	1.6939	3.2289
627	هإ	2	1.6939	3.2289
627	ىؤ	2	1.6939	3.2289
627	ىب	2	1.6939	3.2289
627	يû	2	1.6939	3.2289
627	يء	2	1.6939	3.2289
627	يح	2	1.6939	3.2289
627	يخ	2	1.6939	3.2289
627	ًë	2	1.6939	3.2289
627	ًأ	2	1.6939	3.2289
627	ًش	2	1.6939	3.2289
627	ًظ	2	1.6939	3.2289
627	ًِ	2	1.6939	3.2289
627	ًّ	2	1.6939	3.2289
627	ًْ	2	1.6939	3.2289
627	ٌç	2	1.6939	3.2289
627	ٌë	2	1.6939	3.2289
627	ٌأ	2	1.6939	3.2289
627	ٌت	2	1.6939	3.2289
627	ٌظ	2	1.6939	3.2289
627	ٌق	2	1.6939	3.2289
627	ٌھ	2	1.6939	3.2289
627	ٍأ	2	1.6939	3.2289
627	َë	2	1.6939	3.2289
627	َم	2	1.6939	3.2289
627	ََ	2	1.6939	3.2289
627	َْ	2	1.6939	3.2289
627	ُî	2	1.6939	3.2289
627	ُب	2	1.6939	3.2289
627	ُد	2	1.6939	3.2289
627	ُز	2	1.6939	3.2289
627	ُه	2	1.6939	3.2289
627	ُٹ	2	1.6939	3.2289
627	ُک	2	1.6939	3.2289
627	ُگ	2	1.6939	3.2289
627	ُھ	2	1.6939	3.2289
627	ِد	2	1.6939	3.2289
627	ّب	2	1.6939	3.2289
627	ّة	2	1.6939	3.2289
627	ّذ	2	1.6939	3.2289
627	ّز	2	1.6939	3.2289
627	ّـ	2	1.6939	3.2289
627	ّك	2	1.6939	3.2289
627	ّن	2	1.6939	3.2289
627	ْح	2	1.6939	3.2289
627	ْش	2	1.6939	3.2289
627	ْغ	2	1.6939	3.2289
627	ْو	2	1.6939	3.2289
627	ٓ$	2	1.6939	3.2289
627	ٓم	2	1.6939	3.2289
627	ٓو	2	1.6939	3.2289
627	ٓک	2	1.6939	3.2289
627	ٗ$	2	1.6939	3.2289
627	ٹب	2	1.6939	3.2289
627	پج	2	1.6939	3.2289
627	پف	2	1.6939	3.2289
627	چش	2	1.6939	3.2289
627	ڈڈ	2	1.6939	3.2289
627	ڑر	2	1.6939	3.2289
627	ڑل	2	1.6939	3.2289
627	کْ	2	1.6939	3.2289
627	کڈ	2	1.6939	3.2289
627	گذ	2	1.6939	3.2289
627	ںج	2	1.6939	3.2289
627	ںر	2	1.6939	3.2289
627	ھç	2	1.6939	3.2289
627	ھû	2	1.6939	3.2289
627	ھأ	2	1.6939	3.2289
627	ھظ	2	1.6939	3.2289
627	ھع	2	1.6939	3.2289
627	ھُ	2	1.6939	3.2289
627	ہ'	2	1.6939	3.2289
627	ہّ	2	1.6939	3.2289
627	یظ	2	1.6939	3.2289
627	ے'	2	1.6939	3.2289
627	ےt	2	1.6939	3.2289
627	ےح	2	1.6939	3.2289
627	ےٹ	2	1.6939	3.2289
628	'a	1	0.847	2.9279
628	'g	1	0.847	2.9279
628	'h	1	0.847	2.9279
628	'o	1	0.847	2.9279
628	'y	1	0.847	2.9279
628	'µ	1	0.847	2.9279
628	'ؤ	1	0.847	2.9279
628	'ئ	1	0.847	2.9279
628	'ت	1	0.847	2.9279
628	'ج	1	0.847	2.9279
628	'خ	1	0.847	2.9279
628	'ش	1	0.847	2.9279
628	'ص	1	0.847	2.9279
628	'ق	1	0.847	2.9279
628	'ن	1	0.847	2.9279
628	'ڈ	1	0.847	2.9279
628	'ے	1	0.847	2.9279
628	-f	1	0.847	2.9279
628	-n	1	0.847	2.9279
628	-o	1	0.847	2.9279
628	-r	1	0.847	2.9279
628	-w	1	0.847	2.9279
628	-ب	1	0.847	2.9279
628	-د	1	0.847	2.9279
628	-گ	1	0.847	2.9279
628	^ڑ	1	0.847	2.9279
628	a'	1	0.847	2.9279
628	aj	1	0.847	2.9279
628	aط	1	0.847	2.9279
628	aپ	1	0.847	2.9279
628	dc	1	0.847	2.9279
628	dh	1	0.847	2.9279
628	dj	1	0.847	2.9279
628	dt	1	0.847	2.9279
628	dv	1	0.847	2.9279
628	dw	1	0.847	2.9279
628	dz	1	0.847	2.9279
628	dá	1	0.847	2.9279
628	dû	1	0.847	2.9279
628	eم	1	0.847	2.9279
628	g-	1	0.847	2.9279
628	gc	1	0.847	2.9279
628	gm	1	0.847	2.9279
628	gá	1	0.847	2.9279
628	h-	1	0.847	2.9279
628	hf	1	0.847	2.9279
628	hq	1	0.847	2.9279
628	hs	1	0.847	2.9279
628	ij	1	0.847	2.9279
628	ié	1	0.847	2.9279
628	js	1	0.847	2.9279
628	kb	1	0.847	2.9279
628	kf	1	0.847	2.9279
628	kh	1	0.847	2.9279
628	km	1	0.847	2.9279
628	l-	1	0.847	2.9279
628	lê	1	0.847	2.9279
628	md	1	0.847	2.9279
628	mf	1	0.847	2.9279
628	mt	1	0.847	2.9279
628	má	1	0.847	2.9279
628	n-	1	0.847	2.9279
628	nq	1	0.847	2.9279
628	nr	1	0.847	2.9279
628	nw	1	0.847	2.9279
628	pn	1	0.847	2.9279
628	pá	1	0.847	2.9279
628	qa	1	0.847	2.9279
628	rw	1	0.847	2.9279
628	rá	1	0.847	2.9279
628	ré	1	0.847	2.9279
628	ró	1	0.847	2.9279
628	s'	1	0.847	2.9279
628	sf	1	0.847	2.9279
628	sک	1	0.847	2.9279
628	t-	1	0.847	2.9279
628	tb	1	0.847	2.9279
628	tf	1	0.847	2.9279
628	tã	1	0.847	2.9279
628	vd	1	0.847	2.9279
628	vf	1	0.847	2.9279
628	wk	1	0.847	2.9279
628	wt	1	0.847	2.9279
628	xo	1	0.847	2.9279
628	y-	1	0.847	2.9279
628	yg	1	0.847	2.9279
628	yh	1	0.847	2.9279
628	yw	1	0.847	2.9279
628	zk	1	0.847	2.9279
628	µ'	1	0.847	2.9279
628	µà	1	0.847	2.9279
628	µض	1	0.847	2.9279
628	àب	1	0.847	2.9279
628	àو	1	0.847	2.9279
628	àي	1	0.847	2.9279
628	ái	1	0.847	2.9279
628	án	1	0.847	2.9279
628	át	1	0.847	2.9279
628	â'	1	0.847	2.9279
628	âç	1	0.847	2.9279
628	ão	1	0.847	2.9279
628	çè	1	0.847	2.9279
628	çê	1	0.847	2.9279
628	çü	1	0.847	2.9279
628	çئ	1	0.847	2.9279
628	çة	1	0.847	2.9279
628	çه	1	0.847	2.9279
628	èُ	1	0.847	2.9279
628	él	1	0.847	2.9279
628	én	1	0.847	2.9279
628	ér	1	0.847	2.9279
628	év	1	0.847	2.9279
628	éé	1	0.847	2.9279
628	éخ	1	0.847	2.9279
628	éظ	1	0.847	2.9279
628	éي	1	0.847	2.9279
628	ên	1	0.847	2.9279
628	êئ	1	0.847	2.9279
628	êِ	1	0.847	2.9279
628	ëâ	1	0.847	2.9279
628	ëـ	1	0.847	2.9279
628	ëِ	1	0.847	2.9279
628	ëّ	1	0.847	2.9279
628	í$	1	0.847	2.9279
628	ía	1	0.847	2.9279
628	ís	1	0.847	2.9279
628	îé	1	0.847	2.9279
628	îأ	1	0.847	2.9279
628	îخ	1	0.847	2.9279
628	îْ	1	0.847	2.9279
628	ïâ	1	0.847	2.9279
628	ïé	1	0.847	2.9279
628	ïذ	1	0.847	2.9279
628	ïن	1	0.847	2.9279
628	ón	1	0.847	2.9279
628	ôز	1	0.847	2.9279
628	ôى	1	0.847	2.9279
628	ôي	1	0.847	2.9279
628	ùئ	1	0.847	2.9279
628	ûش	1	0.847	2.9279
628	ûي	1	0.847	2.9279
628	üµ	1	0.847	2.9279
628	üè	1	0.847	2.9279
628	üû	1	0.847	2.9279
628	üئ	1	0.847	2.9279
628	üذ	1	0.847	2.9279
628	ءù	1	0.847	2.9279
628	ءن	1	0.847	2.9279
628	آة	1	0.847	2.9279
628	آذ	1	0.847	2.9279
628	آِ	1	0.847	2.9279
628	آچ	1	0.847	2.9279
628	أé	1	0.847	2.9279
628	أع	1	0.847	2.9279
628	أف	1	0.847	2.9279
628	ؤë	1	0.847	2.9279
628	ؤû	1	0.847	2.9279
628	ؤآ	1	0.847	2.9279
628	ؤة	1	0.847	2.9279
628	ؤد	1	0.847	2.9279
628	ؤش	1	0.847	2.9279
628	ؤك	1	0.847	2.9279
628	ؤِ	1	0.847	2.9279
628	ؤگ	1	0.847	2.9279
628	إû	1	0.847	2.9279
628	إغ	1	0.847	2.9279
628	إـ	1	0.847	2.9279
628	إف	1	0.847	2.9279
628	إو	1	0.847	2.9279
628	إِ	1	0.847	2.9279
628	ئة	1	0.847	2.9279
628	ئت	1	0.847	2.9279
628	ئث	1	0.847	2.9279
628	ئح	1	0.847	2.9279
628	ئـ	1	0.847	2.9279
628	ئٍ	1	0.847	2.9279
628	اç	1	0.847	2.9279
628	اى	1	0.847	2.9279
628	اي	1	0.847	2.9279
628	بة	1	0.847	2.9279
628	بف	1	0.847	2.9279
628	بٍ	1	0.847	2.9279
628	بَ	1	0.847	2.9279
628	بّ	1	0.847	2.9279
628	ةë	1	0.847	2.9279
628	ةأ	1	0.847	2.9279
628	تû	1	0.847	2.9279
628	تء	1	0.847	2.9279
628	تغ	1	0.847	2.9279
628	تُ	1	0.847	2.9279
628	تٹ	1	0.847	2.9279
628	ثî	1	0.847	2.9279
628	ثؤ	1	0.847	2.9279
628	ثم	1	0.847	2.9279
628	جç	1	0.847	2.9279
628	جé	1	0.847	2.9279
628	جô	1	0.847	2.9279
628	جأ	1	0.847	2.9279
628	جخ	1	0.847	2.9279
628	جٌ	1	0.847	2.9279
628	جُ	1	0.847	2.9279
628	جٹ	1	0.847	2.9279
628	حج	1	0.847	2.9279
628	حذ	1	0.847	2.9279
628	حط	1	0.847	2.9279
628	حي	1	0.847	2.9279
628	حُ	1	0.847	2.9279
628	خ'	1	0.847	2.9279
628	خà	1	0.847	2.9279
628	خâ	1	0.847	2.9279
628	خة	1	0.847	2.9279
628	خُ	1	0.847	2.9279
628	خچ	1	0.847	2.9279
628	خک	1	0.847	2.9279
628	دؤ	1	0.847	2.9279
628	دـ	1	0.847	2.9279
628	دك	1	0.847	2.9279
628	دً	1	0.847	2.9279
628	دٹ	1	0.847	2.9279
628	ذش	1	0.847	2.9279
628	ذف	1	0.847	2.9279
628	ذِ	1	0.847	2.9279
628	ذّ	1	0.847	2.9279
628	ذْ	1	0.847	2.9279
628	ر'	1	0.847	2.9279
628	ر-	1	0.847	2.9279
628	رv	1	0.847	2.9279
628	رî	1	0.847	2.9279
628	رك	1	0.847	2.9279
628	رً	1	0.847	2.9279
628	رُ	1	0.847	2.9279
628	رّ	1	0.847	2.9279
628	رژ	1	0.847	2.9279
628	زç	1	0.847	2.9279
628	زح	1	0.847	2.9279
628	زس	1	0.847	2.9279
628	زّ	1	0.847	2.9279
628	زڈ	1	0.847	2.9279
628	سأ	1	0.847	2.9279
628	ش'	1	0.847	2.9279
628	شâ	1	0.847	2.9279
628	شë	1	0.847	2.9279
628	شء	1	0.847	2.9279
628	شآ	1	0.847	2.9279
628	شح	1	0.847	2.9279
628	شي	1	0.847	2.9279
628	شً	1	0.847	2.9279
628	شِ	1	0.847	2.9279
628	صم	1	0.847	2.9279
628	صّ	1	0.847	2.9279
628	صْ	1	0.847	2.9279
628	ضت	1	0.847	2.9279
628	طط	1	0.847	2.9279
628	طي	1	0.847	2.9279
628	ظï	1	0.847	2.9279
628	ظذ	1	0.847	2.9279
628	ظش	1	0.847	2.9279
628	ظن	1	0.847	2.9279
628	ظھ	1	0.847	2.9279
628	عû	1	0.847	2.9279
628	عث	1	0.847	2.9279
628	عك	1	0.847	2.9279
628	عَ	1	0.847	2.9279
628	عُ	1	0.847	2.9279
628	غê	1	0.847	2.9279
628	غب	1	0.847	2.9279
628	غج	1	0.847	2.9279
628	غض	1	0.847	2.9279
628	غف	1	0.847	2.9279
628	غے	1	0.847	2.9279
628	ـà	1	0.847	2.9279
628	ـç	1	0.847	2.9279
628	ـû	1	0.847	2.9279
628	ـب	1	0.847	2.9279
628	ـش	1	0.847	2.9279
628	ــ	1	0.847	2.9279
628	فî	1	0.847	2.9279
628	فد	1	0.847	2.9279
628	فڈ	1	0.847	2.9279
628	ق'	1	0.847	2.9279
628	قû	1	0.847	2.9279
628	قؤ	1	0.847	2.9279
628	قذ	1	0.847	2.9279
628	قض	1	0.847	2.9279
628	قه	1	0.847	2.9279
628	قُ	1	0.847	2.9279
628	قْ	1	0.847	2.9279
628	قٓ	1	0.847	2.9279
628	كإ	1	0.847	2.9279
628	كك	1	0.847	2.9279
628	لµ	1	0.847	2.9279
628	لخ	1	0.847	2.9279
628	لظ	1	0.847	2.9279
628	لي	1	0.847	2.9279
628	لٰ	1	0.847	2.9279
628	مء	1	0.847	2.9279
628	مَ	1	0.847	2.9279
628	مٰ	1	0.847	2.9279
628	مھ	1	0.847	2.9279
628	نê	1	0.847	2.9279
628	نّ	1	0.847	2.9279
628	هك	1	0.847	2.9279
628	هم	1	0.847	2.9279
628	هھ	1	0.847	2.9279
628	وµ	1	0.847	2.9279
628	وç	1	0.847	2.9279
628	وء	1	0.847	2.9279
628	وي	1	0.847	2.9279
628	وٴ	1	0.847	2.9279
628	ىî	1	0.847	2.9279
628	يç	1	0.847	2.9279
628	يأ	1	0.847	2.9279
628	يؤ	1	0.847	2.9279
628	يز	1	0.847	2.9279
628	يل	1	0.847	2.9279
628	يم	1	0.847	2.9279
628	ين	1	0.847	2.9279
628	يے	1	0.847	2.9279
628	ًî	1	0.847	2.9279
628	ٌخ	1	0.847	2.9279
628	ٌغ	1	0.847	2.9279
628	ٍî	1	0.847	2.9279
628	ٍز	1	0.847	2.9279
628	ٍظ	1	0.847	2.9279
628	ٍك	1	0.847	2.9279
628	َء	1	0.847	2.9279
628	َأ	1	0.847	2.9279
628	َب	1	0.847	2.9279
628	َس	1	0.847	2.9279
628	َش	1	0.847	2.9279
628	َی	1	0.847	2.9279
628	ُأ	1	0.847	2.9279
628	ُا	1	0.847	2.9279
628	ُت	1	0.847	2.9279
628	ُج	1	0.847	2.9279
628	ُر	1	0.847	2.9279
628	ُس	1	0.847	2.9279
628	ُظ	1	0.847	2.9279
628	ُغ	1	0.847	2.9279
628	ُل	1	0.847	2.9279
628	ُم	1	0.847	2.9279
628	ِ'	1	0.847	2.9279
628	ِé	1	0.847	2.9279
628	ِë	1	0.847	2.9279
628	ِت	1	0.847	2.9279
628	ِر	1	0.847	2.9279
628	ِز	1	0.847	2.9279
628	ِض	1	0.847	2.9279
628	ِو	1	0.847	2.9279
628	ِچ	1	0.847	2.9279
628	ّë	1	0.847	2.9279
628	ّت	1	0.847	2.9279
628	ّس	1	0.847	2.9279
628	ّض	1	0.847	2.9279
628	ّع	1	0.847	2.9279
628	ِّ	1	0.847	2.9279
628	ّی	1	0.847	2.9279
628	ّے	1	0.847	2.9279
628	ْ'	1	0.847	2.9279
628	ْب	1	0.847	2.9279
628	ْة	1	0.847	2.9279
628	ْج	1	0.847	2.9279
628	ْد	1	0.847	2.9279
628	ْع	1	0.847	2.9279
628	ْم	1	0.847	2.9279
628	ٌْ	1	0.847	2.9279
628	ّْ	1	0.847	2.9279
628	ْپ	1	0.847	2.9279
628	ٓث	1	0.847	2.9279
628	ٓق	1	0.847	2.9279
628	ٓہ	1	0.847	2.9279
628	ٰن	1	0.847	2.9279
628	ٰہ	1	0.847	2.9279
628	ٴس	1	0.847	2.9279
628	ٹچ	1	0.847	2.9279
628	ٹگ	1	0.847	2.9279
628	پn	1	0.847	2.9279
628	پع	1	0.847	2.9279
628	پَ	1	0.847	2.9279
628	پِ	1	0.847	2.9279
628	پْ	1	0.847	2.9279
628	چج	1	0.847	2.9279
628	چغ	1	0.847	2.9279
628	چِ	1	0.847	2.9279
628	ڈش	1	0.847	2.9279
628	ڑد	1	0.847	2.9279
628	ڑس	1	0.847	2.9279
628	کي	1	0.847	2.9279
628	کَ	1	0.847	2.9279
628	کّ	1	0.847	2.9279
628	گي	1	0.847	2.9279
628	گِ	1	0.847	2.9279
628	گگ	1	0.847	2.9279
628	گں	1	0.847	2.9279
628	ںل	1	0.847	2.9279
628	ںپ	1	0.847	2.9279
628	ںڈ	1	0.847	2.9279
628	ھإ	1	0.847	2.9279
628	ھْ	1	0.847	2.9279
628	ہة	1	0.847	2.9279
628	ہً	1	0.847	2.9279
628	ہگ	1	0.847	2.9279
628	یr	1	0.847	2.9279
628	یآ	1	0.847	2.9279
628	یذ	1	0.847	2.9279
628	ےi	1	0.847	2.9279
628	ےl	1	0.847	2.9279
628	ےo	1	0.847	2.9279
628	ےخ	1	0.847	2.9279
628	ےز	1	0.847	2.9279
628	ےش	1	0.847	2.9279
628	ےغ	1	0.847	2.9279
628	ےچ	1	0.847	2.9279
628	ےڈ	1	0.847	2.9279
